wind_JJA_day_4x4.json
{"header": {"parameterCategory": 2, "parameterUnit": "m/s", "nx": 55, "ny": 70, "lo1": 118.693, "la1": 26.200841440399998, "lo2": 123.1583090968, "la2": 21.0494, "dx": 0.0826909092, "dy": 0.0746585716, "refTime": "2025-01-01 00:00:00", "forecastTime": 0, "parameterNumber": 3}, "data":
[rows 19 to 37 of 70, columns 0 to 42 of 55]
3.269925594329834,4.106784343719482,4.010863304138184,3.7237181663513184,3.370185613632202,3.121432065963745,2.937213897705078,2.783449411392212,2.638728380203247,2.5273380279541016,2.4304723739624023,2.395017623901367,2.390462875366211,2.411778688430786,2.426832437515259,2.448641061782837,2.472791910171509,2.476407051086426,2.448606491088867,2.402317762374878,2.3485445976257324,2.267793655395508,2.1344716548919678,1.9209372997283936,1.5984716415405273,1.1995012760162354,0.8619881272315979,0.7891154289245605,-0.3698069751262665,-0.7692583203315735,-0.613583505153656,-0.3323810398578644,-0.8151025772094727,-0.22848652303218842,0.06306290626525879,-0.13895925879478455,0.3835238516330719,-0.5442355871200562,1.2208647727966309,2.3609206676483154,2.3236083984375,2.2649495601654053,2.205359697341919
3.2133677005767822,3.9057116508483887,3.725193500518799,3.335963010787964,3.1037275791168213,2.9226925373077393,2.7546093463897705,2.6159210205078125,2.524967908859253,2.44586443901062,2.3996191024780273,2.359369993209839,2.384012222290039,2.390007257461548,2.3966305255889893,2.433175802230835,2.4349470138549805,2.428588628768921,2.3915090560913086,2.3550784587860107,2.2905948162078857,2.2108023166656494,2.031614065170288,1.7778618335723877,1.417846441268921,1.0484611988067627,0.7282992005348206,0.03398104012012482,0.0486968494951725,-0.16651670634746552,-0.26176291704177856,-0.8788455724716187,-0.9726929068565369,-1.0685878992080688,-0.3422166109085083,0.26746755838394165,-0.742582380771637,-0.7849376201629639,1.551602840423584,3.135723352432251,2.7079238891601562,2.394695997238159,2.267141819000244
3.3862695693969727,3.3697428703308105,3.2191762924194336,3.0472090244293213,2.879474639892578,2.7250149250030518,2.6004116535186768,2.504295825958252,2.4315621852874756,2.3864238262176514,2.3584976196289062,2.34126353263855,2.342651128768921,2.3514199256896973,2.3857839107513428,2.3903908729553223,2.3840062618255615,2.368272542953491,2.3371694087982178,2.290167808532715,2.2288384437561035,2.1164398193359375,1.9058622121810913,1.6027462482452393,1.2537611722946167,1.0904520750045776,-0.04206734895706177,0.121686652302742,0.11056245118379593,-0.3644828796386719,-0.3508712351322174,-1.781412124633789,-1.0757540464401245,-0.46908432245254517,0.47407644987106323,-0.9409814476966858,-1.1980253458023071,-0.24021989107131958,1.041459083557129,3.6797409057617188,2.733670473098755,2.3745980262756348,2.2554092407226562
3.193894386291504,2.9225873947143555,2.9232003688812256,2.8215067386627197,2.6781046390533447,2.565427541732788,2.4741129875183105,2.393096923828125,2.3573741912841797,2.3398404121398926,2.3286755084991455,2.318037748336792,2.315927267074585,2.3247482776641846,2.3188319206237793,2.348008394241333,2.3390586376190186,2.313755989074707,2.281909465789795,2.24300217628479,2.146226644515991,1.9870305061340332,1.742936372756958,1.4056304693222046,1.0908511877059937,0.351117879152298,0.036581676453351974,-0.08459912240505219,-0.22170773148536682,-0.5338838696479797,-0.9917395114898682,-1.3949663639068604,-0.9013302326202393,0.4036538898944855,-1.2828807830810547,-1.206528902053833,-1.0398623943328857,-0.512723445892334,1.1112542152404785,2.9932498931884766,2.347851276397705,2.218733310699463,2.209601402282715
2.7411305904388428,2.7354230880737305,2.754270315170288,2.626551628112793,2.512824773788452,2.4203941822052,2.3527424335479736,2.3119301795959473,2.297022819519043,2.306381940841675,2.3042473793029785,2.296802282333374,2.2911288738250732,2.2891292572021484,2.298199415206909,2.3002400398254395,2.2824900150299072,2.2664897441864014,2.2256553173065186,2.1597251892089844,2.037047863006592,1.8362395763397217,1.5198551416397095,1.1462572813034058,0.47096356749534607,0.10203639417886734,0.24735470116138458,0.34317687153816223,1.4645023345947266,-0.6034149527549744,-0.772354245185852,-1.6316150426864624,-1.5259203910827637,-1.1653436422348022,-1.8181030750274658,0.5935045480728149,0.16923193633556366,-0.010156195610761642,1.1125733852386475,1.7477803230285645,1.9409453868865967,2.0590403079986572,2.165550708770752
2.816498041152954,2.651794910430908,2.5603115558624268,2.465024471282959,2.3764219284057617,2.3089120388031006,2.2693960666656494,2.2592833042144775,2.2490837574005127,2.258422613143921,2.2537291049957275,2.2416977882385254,2.2308006286621094,2.245673656463623,2.2475829124450684,2.2343921661376953,2.230457305908203,2.2076077461242676,2.1568443775177,2.058119297027588,1.8989214897155762,1.639725923538208,1.273589015007019,0.9524998664855957,0.3847304582595825,0.33562666177749634,0.24642975628376007,0.15789924561977386,0.3744764029979706,0.44782018661499023,0.5086447596549988,-1.0032281875610352,0.05740874260663986,-1.5117967128753662,0.22383597493171692,0.8246529698371887,-0.677139401435852,-1.0016788244247437,2.248969316482544,1.4986310005187988,1.7373896837234497,1.9523954391479492,2.1357672214508057
2.4710733890533447,2.352046012878418,2.357426166534424,2.3270151615142822,2.2789204120635986,2.2477588653564453,2.208836078643799,2.2085800170898438,2.204847812652588,2.197672128677368,2.1956372261047363,2.182481527328491,2.1660408973693848,2.16561222076416,2.1625406742095947,2.175841808319092,2.1729366779327393,2.139275550842285,2.0751688480377197,1.9508490562438965,1.7535042762756348,1.4425817728042603,1.0382459163665771,0.4013318419456482,0.031568050384521484,0.2775575816631317,0.3905942440032959,0.5488949418067932,-0.4439848065376282,-1.6588482856750488,0.5745333433151245,1.3624451160430908,-0.5885064601898193,-0.4840044379234314,0.4425255060195923,0.41317763924598694,0.505824625492096,1.044535517692566,1.0680222511291504,1.2961065769195557,1.6619224548339844,1.9312435388565063,2.148627519607544
2.3365962505340576,2.271042585372925,2.285414457321167,2.237006664276123,2.1972808837890625,2.1909961700439453,2.183378219604492,2.1885123252868652,2.1617252826690674,2.1449263095855713,2.1289947032928467,2.120654344558716,2.1065807342529297,2.090986728668213,2.1006336212158203,2.112093210220337,2.1345455646514893,2.11035418510437,2.0123236179351807,1.8601964712142944,1.5963026285171509,1.2299433946609497,0.4620082676410675,0.1247757077217102,-0.11409428715705872,0.10354157537221909,0.01897270791232586,-0.12098626792430878,-0.7291752099990845,1.3388222455978394,0.5689308047294617,0.9978882074356079,-0.9026837348937988,-0.023534834384918213,1.3440343141555786,-1.4692937135696411,-0.3892638087272644,1.1690891981124878,0.5679092407226562,1.1978483200073242,1.6685224771499634,1.9526565074920654,2.187770128250122
2.297731399536133,2.210822105407715,2.1950042247772217,2.1553351879119873,2.1226255893707275,2.142225980758667,2.145613670349121,2.122962713241577,2.120290517807007,2.1254758834838867,2.113999843597412,2.095747470855713,2.0758142471313477,2.050863265991211,2.048797845840454,2.082430124282837,2.119828701019287,2.0843560695648193,1.978288173675537,1.7619022130966187,1.4132511615753174,0.9190095663070679,0.3412052094936371,0.04216255992650986,0.24094827473163605,0.3940656781196594,0.322529673576355,0.19837689399719238,1.348601222038269,-1.0633550882339478,1.7175360918045044,0.021392054855823517,0.1375637799501419,0.20926529169082642,1.6675773859024048,1.934844970703125,0.8986738920211792,-0.560437023639679,0.6010900735855103,1.2734264135360718,1.7298531532287598,1.9976820945739746,2.2114665508270264
2.116102457046509,2.078057289123535,2.1170244216918945,2.116663932800293,2.0994324684143066,2.092322587966919,2.0809969902038574,2.0712666511535645,2.0755245685577393,2.0729212760925293,2.0815396308898926,2.0829570293426514,2.0365710258483887,2.0010082721710205,2.006235361099243,2.0672240257263184,2.1074631214141846,2.046823024749756,1.9209699630737305,1.648855209350586,1.2490835189819336,0.40135884284973145,0.2192864716053009,0.3269841969013214,0.381234347820282,0.21230383217334747,0.21051126718521118,0.3755640685558319,0.7147715091705322,1.040098786354065,1.329648494720459,0.8166848421096802,-0.7653939723968506,-1.6907200813293457,1.2940077781677246,1.4447509050369263,0.3735189735889435,0.5027677416801453,1.007134199142456,1.4769797325134277,1.818785309791565,2.0591840744018555,2.2531120777130127
2.079251766204834,2.0733020305633545,2.10585618019104,2.087066411972046,2.0725419521331787,2.0726890563964844,2.0507657527923584,2.0406880378723145,2.032123327255249,2.0395548343658447,2.054537296295166,2.046732187271118,2.0091025829315186,1.9668843746185303,1.996124267578125,2.0645036697387695,2.1030218601226807,2.037106990814209,1.8544710874557495,1.5363008975982666,1.0293635129928589,0.41835707426071167,0.40642133355140686,0.46499907970428467,0.7584132552146912,0.09495112299919128,-0.029314162209630013,-0.1563628762960434,-0.41171976923942566,0.25692054629325867,1.1872913837432861,0.54584801197052,0.9255502223968506,1.7698616981506348,0.07235824316740036,0.08397729694843292,0.7277814149856567,1.1061220169067383,1.3793909549713135,1.6862671375274658,1.9231070280075073,2.126652717590332,2.3281586170196533
2.0188658237457275,2.0276601314544678,2.0657362937927246,2.061279535293579,2.053164005279541,2.031860113143921,2.0297131538391113,2.023587703704834,2.0130581855773926,2.012716293334961,2.016995429992676,2.008342981338501,1.9314438104629517,1.9054356813430786,1.9740824699401855,2.066619634628296,2.101121425628662,2.0253896713256836,1.8078887462615967,1.4280081987380981,0.555014967918396,0.29928499460220337,0.6910582780838013,0.6212211847305298,0.08926069736480713,-0.353863924741745,-0.5916323661804199,-0.2583952248096466,-0.07684158533811569,-0.573963463306427,0.2839432954788208,1.1898036003112793,-1.680456519126892,-0.279512882232666,1.9059406518936157,0.08418548107147217,1.4392366409301758,1.4202351570129395,1.6221919059753418,1.8308535814285278,2.035141706466675,2.203976631164551,2.390202283859253
1.9858105182647705,2.0063605308532715,2.040011405944824,2.0186686515808105,2.0331053733825684,2.0190541744232178,2.007370710372925,2.0016555786132812,1.9725415706634521,1.9805448055267334,1.968272089958191,1.930325984954834,1.8414878845214844,1.8324416875839233,1.958132266998291,2.084484338760376,2.0946269035339355,2.0284199714660645,1.7686748504638672,1.1623579263687134,0.28928229212760925,0.5669207572937012,0.7181460857391357,0.9419727921485901,0.6361752152442932,0.02275967039167881,0.34188276529312134,-0.2502402067184448,-0.9037498235702515,0.34579262137413025,-1.5949512720108032,-1.1760879755020142,0.7204519510269165,1.4849635362625122,-0.02060273289680481,0.6023364663124084,1.6921558380126953,1.6018340587615967,1.7811439037322998,1.9676101207733154,2.120422840118408,2.2754387855529785,2.4511406421661377
1.974443793296814,1.991990327835083,2.0110433101654053,2.0015869140625,2.0015485286712646,1.992884874343872,1.984781265258789,1.9667848348617554,1.950676679611206,1.9391855001449585,1.88736093044281,1.8505027294158936,1.6896650791168213,1.7861522436141968,1.9687952995300293,2.0783116817474365,2.0909342765808105,1.9881534576416016,1.9130356311798096,0.11841514706611633,0.646182119846344,0.6682101488113403,0.8658576011657715,1.001196265220642,0.4983064830303192,0.37464791536331177,0.5758577585220337,-0.038813307881355286,0.545865535736084,-0.3641669452190399,1.4955012798309326,-0.647128701210022,-0.37667030096054077,0.20862220227718353,-0.06592847406864166,0.8061313033103943,1.5006930828094482,1.7655353546142578,1.930171251296997,2.078486442565918,2.2074086666107178,2.3641297817230225,2.5323004722595215
1.960888147354126,1.9761137962341309,1.9898585081100464,1.9917153120040894,1.9918235540390015,1.9757308959960938,1.9459619522094727,1.940443515777588,1.9182865619659424,1.8884623050689697,1.856459140777588,1.7191022634506226,1.5462709665298462,1.8468132019042969,2.0096230506896973,2.0909712314605713,2.062427043914795,1.9351916313171387,1.4077160358428955,0.7941491007804871,0.7899798154830933,0.7872602343559265,0.9010857939720154,0.617131769657135,0.03263610601425171,-0.18367862701416016,-0.6390542984008789,-0.8484535813331604,-2.189743995666504,-0.5891103744506836,-1.24193274974823,-0.5851115584373474,-0.37517011165618896,-0.024718306958675385,0.26308536529541016,1.8902957439422607,1.7272632122039795,1.929316520690918,2.0658609867095947,2.1941089630126953,2.3178131580352783,2.4315855503082275,2.62313175201416
1.9499328136444092,1.9676332473754883,1.9981753826141357,1.9695388078689575,1.9642584323883057,1.9294795989990234,1.9039807319641113,1.8691822290420532,1.8453656435012817,1.8465019464492798,1.7296243906021118,1.2732231616973877,1.5387390851974487,1.9691263437271118,2.1020116806030273,2.1009767055511475,2.0508718490600586,1.8941417932510376,0.8757565021514893,0.9439072608947754,0.9226303100585938,0.9826170802116394,0.7374500036239624,0.8223165273666382,0.239866703748703,-0.617872416973114,-0.860606849193573,-1.3046419620513916,-0.9539488554000854,-0.6300982236862183,-1.2418501377105713,0.11954931169748306,-0.09104802459478378,0.041935838758945465,0.5437494516372681,1.3718459606170654,1.84010910987854,2.0461175441741943,2.169659376144409,2.280209541320801,2.3945040702819824,2.5529465675354004,2.7480673789978027
1.9503839015960693,1.972529649734497,2.0101113319396973,1.9778209924697876,1.9488657712936401,1.8943817615509033,1.8391696214675903,1.7848459482192993,1.747117042541504,1.7229359149932861,1.7747468948364258,0.9219226837158203,1.7122743129730225,2.110499858856201,2.093184471130371,2.077439308166504,2.020472288131714,1.8834080696105957,1.2869274616241455,1.0814487934112549,0.901944637298584,0.8585485816001892,0.8971679210662842,0.6741408109664917,-0.25705254077911377,0.18506568670272827,-1.0544170141220093,-0.9233899712562561,-0.8595547080039978,-0.9380213022232056,-1.24837064743042,-0.4013213813304901,1.2068895101547241,-0.5253974199295044,0.5836062431335449,1.6709249019622803,1.9095375537872314,2.121943235397339,2.2508718967437744,2.3654916286468506,2.492767333984375,2.667181968688965,2.8597006797790527
1.952423334121704,1.9740028381347656,2.005850315093994,1.959738850593567,1.9112019538879395,1.85514497756958,1.7825793027877808,1.7292022705078125,1.6909433603286743,1.6493327617645264,1.6366304159164429,2.1070759296417236,2.0559897422790527,2.025529384613037,2.037567615509033,2.045320510864258,1.9947794675827026,1.85536527633667,1.2663853168487549,1.0758832693099976,1.0110526084899902,0.5632405281066895,0.6163658499717712,0.7977102398872375,-0.02568996697664261,-0.47601935267448425,-0.46797800064086914,-1.5379085540771484,-0.8806037306785583,-1.9186041355133057,0.012758960016071796,1.5295157432556152,1.028076171875,0.05734948441386223,0.8598551750183105,1.8514338731765747,1.9851386547088623,2.157656192779541,2.2900242805480957,2.4424386024475098,2.5932040214538574,2.773108959197998,2.9483842849731445
1.9482605457305908,1.9577386379241943,1.973001480102539,1.9220452308654785,1.884387493133545,1.8264224529266357,1.7626590728759766,1.7176563739776611,1.6707377433776855,1.6771206855773926,1.6139194965362549,1.9645332098007202,1.9608957767486572,2.0084609985351562,2.012862205505371,2.0273685455322266,1.952494740486145,1.7498805522918701,1.3893914222717285,0.9515666961669922,0.9775315523147583,0.7709397673606873,0.8444716930389404,0.27977970242500305,-0.11520211398601532,0.4115980267524719,0.41980236768722534,0.9076886177062988,0.3218865990638733,1.0027648210525513,0.7461121082305908,0.08857715129852295,-0.7110698223114014,-0.5544853210449219,1.2108453512191772,1.9277782440185547,2.0403146743774414,2.1948418617248535,2.351501941680908,2.5195200443267822,2.701094627380371,2.892174482345581,3.052185535430908
