wind_DJF_avg_3x3.json
{"header": {"parameterCategory": 2, "parameterUnit": "m/s", "nx": 74, "ny": 94, "lo1": 118.693, "la1": 26.2568353691, "lo2": 123.2203272787, "la2": 21.0494, "dx": 0.0620181819, "dy": 0.0559939287, "refTime": "2025-01-01 00:00:00", "forecastTime": 0, "parameterNumber": 3}, "data":
[rows 57 to 75 of 94, columns 0 to 42 of 74]
-9.206415176391602,-9.245967864990234,-9.306421279907227,-9.436891555786133,-9.485640525817871,-9.534947395324707,-9.582502365112305,-9.624652862548828,-9.648604393005371,-9.65330696105957,-9.568328857421875,-9.20129680633545,-9.575815200805664,-9.637086868286133,-9.658859252929688,-9.62188720703125,-9.554040908813477,-9.447592735290527,-9.299872398376465,-9.103791236877441,-8.798296928405762,-8.339273452758789,-7.649637222290039,-4.235618591308594,-3.5104143619537354,-2.9286670684814453,-1.9205772876739502,-1.9672679901123047,-1.4435620307922363,-0.5484282374382019,-0.4508585035800934,-0.0849408283829689,-0.07219189405441284,0.2753988206386566,0.2318040132522583,-0.4846884310245514,0.21644769608974457,-0.35488244891166687,-0.137193500995636,0.22524389624595642,-0.7344199419021606,-1.566101312637329,-1.3204576969146729
-9.154773712158203,-9.188238143920898,-9.245268821716309,-9.375713348388672,-9.414756774902344,-9.468267440795898,-9.509239196777344,-9.537680625915527,-9.553213119506836,-9.531307220458984,-9.332812309265137,-9.31171989440918,-9.48491096496582,-9.537177085876465,-9.529977798461914,-9.47750473022461,-9.396549224853516,-9.28564453125,-9.136051177978516,-8.927274703979492,-8.602190017700195,-8.15389633178711,-7.301089763641357,-3.512192726135254,-2.6889090538024902,-2.337430000305176,-1.8468387126922607,-1.6711463928222656,-1.043197512626648,-0.8885084390640259,-1.1435965299606323,-0.5370156764984131,0.40936458110809326,0.21511976420879364,-0.0502285361289978,-0.5260559320449829,0.7684327960014343,0.09762872755527496,0.4819706976413727,-0.7104629278182983,-0.9321317672729492,-1.1157962083816528,-0.9778779745101929
-9.100337982177734,-9.127440452575684,-9.18014144897461,-9.317015647888184,-9.354024887084961,-9.393394470214844,-9.42990779876709,-9.450339317321777,-9.444466590881348,-9.365557670593262,-9.169598579406738,-9.324920654296875,-9.404291152954102,-9.426369667053223,-9.394491195678711,-9.33026123046875,-9.24073314666748,-9.120441436767578,-8.965865135192871,-8.747598648071289,-8.414424896240234,-7.982024669647217,-7.323704242706299,-5.812800407409668,-2.472865104675293,-2.1932811737060547,-1.9681787490844727,-1.7713512182235718,-1.3514193296432495,-1.4144184589385986,-0.05937641113996506,-0.3949030339717865,-0.05834738910198212,0.3921887278556824,0.3556624948978424,-0.01933625340461731,0.7240199446678162,-0.045198261737823486,-0.3748660683631897,0.18668562173843384,-1.600184440612793,-0.2466074824333191,-0.2860892117023468
-9.042450904846191,-9.063535690307617,-9.115909576416016,-9.258584976196289,-9.280208587646484,-9.31464958190918,-9.339134216308594,-9.346559524536133,-9.318138122558594,-9.188394546508789,-9.124277114868164,-9.262702941894531,-9.309633255004883,-9.300216674804688,-9.247115135192871,-9.179107666015625,-9.07508373260498,-8.943674087524414,-8.786406517028809,-8.562006950378418,-8.22763442993164,-7.794138431549072,-7.333917140960693,-6.319116592407227,-2.701571464538574,-1.9898631572723389,-1.9712064266204834,-1.7338950634002686,-1.4814262390136719,-1.1962745189666748,-0.9965412020683289,-0.42324915528297424,-0.2764718532562256,0.4546794891357422,-0.3521939218044281,-0.3284029960632324,1.004478931427002,-0.03018289804458618,0.10207724571228027,-0.5079025626182556,-0.9425340890884399,-1.0006928443908691,-3.624650001525879
-8.977293014526367,-8.993678092956543,-9.0460786819458,-9.196575164794922,-9.214384078979492,-9.233848571777344,-9.24410629272461,-9.237991333007812,-9.171869277954102,-9.035247802734375,-9.094561576843262,-9.173383712768555,-9.186229705810547,-9.152460098266602,-9.096735000610352,-9.014791488647461,-8.905654907226562,-8.77145767211914,-8.60563850402832,-8.372856140136719,-8.0418701171875,-7.6203765869140625,-7.262703895568848,-6.406923294067383,-4.6830668449401855,-2.1459484100341797,-1.877982497215271,-1.3209648132324219,-0.7559057474136353,-1.0609986782073975,-0.426164448261261,0.12246021628379822,-0.09274815022945404,0.32990360260009766,0.2195102572441101,-0.20121237635612488,0.041965603828430176,-0.13309837877750397,0.12766912579536438,-0.9630370736122131,-1.1622320413589478,-2.1338863372802734,-6.068077087402344
-8.90793228149414,-8.921412467956543,-8.971799850463867,-9.129011154174805,-9.13640308380127,-9.147445678710938,-9.147154808044434,-9.117685317993164,-9.015320777893066,-8.935262680053711,-9.022972106933594,-9.060882568359375,-9.048689842224121,-9.00772476196289,-8.936723709106445,-8.848047256469727,-8.728096961975098,-8.597171783447266,-8.425442695617676,-8.182321548461914,-7.850176811218262,-7.450723171234131,-7.115208625793457,-6.322131156921387,-5.050972938537598,-1.978340983390808,-1.7046527862548828,-1.4831054210662842,-1.5988123416900635,-1.4252413511276245,-0.8186342716217041,-0.1877051740884781,-0.6576412916183472,-0.231599822640419,-0.4700967073440552,-0.37535372376441956,-0.2032890021800995,0.09680522233247757,-0.49358421564102173,-1.470715880393982,-1.823435664176941,-4.682478427886963,-6.600632667541504
-8.829683303833008,-8.838254928588867,-8.886275291442871,-9.04661750793457,-9.046494483947754,-9.048521041870117,-9.03155517578125,-8.969609260559082,-8.858484268188477,-8.859804153442383,-8.925352096557617,-8.942646026611328,-8.910463333129883,-8.856849670410156,-8.778854370117188,-8.671683311462402,-8.552114486694336,-8.412473678588867,-8.236172676086426,-7.986150741577148,-7.6517157554626465,-7.283631324768066,-6.93394660949707,-6.199887752532959,-5.096630573272705,-2.3703832626342773,-1.3772993087768555,-1.2993813753128052,-1.3323540687561035,-0.7948287725448608,-0.9700038433074951,-0.33353206515312195,-0.2788810133934021,0.017888143658638,-0.7892078161239624,0.5204846858978271,-0.18171939253807068,0.04618579149246216,-0.36781221628189087,-0.9935256838798523,-1.486781358718872,-5.892595291137695,-6.917464256286621
-8.744745254516602,-8.748588562011719,-8.7933349609375,-8.958930015563965,-8.94766616821289,-8.946386337280273,-8.908430099487305,-8.821019172668457,-8.739306449890137,-8.789790153503418,-8.819812774658203,-8.808855056762695,-8.764532089233398,-8.701229095458984,-8.611888885498047,-8.500226020812988,-8.375892639160156,-8.22757339477539,-8.041669845581055,-7.784939765930176,-7.4561052322387695,-7.112871170043945,-6.747920989990234,-6.068299293518066,-5.107012748718262,-3.804197311401367,-1.3148908615112305,-1.2901766300201416,-1.5282920598983765,-0.8359795212745667,-0.9269021153450012,-0.6476037502288818,0.1772555410861969,0.30870476365089417,0.6034285426139832,1.2497892379760742,-0.40019434690475464,-0.23192930221557617,-0.1466212421655655,-2.617222309112549,-5.407405853271484,-6.604337692260742,-7.153559684753418
-8.652332305908203,-8.651090621948242,-8.692697525024414,-8.860976219177246,-8.842357635498047,-8.826446533203125,-8.767091751098633,-8.676506996154785,-8.646320343017578,-8.695806503295898,-8.698569297790527,-8.665718078613281,-8.610397338867188,-8.531909942626953,-8.435983657836914,-8.327284812927246,-8.190145492553711,-8.035002708435059,-7.834912300109863,-7.566804885864258,-7.251699447631836,-6.93575382232666,-6.564599990844727,-5.9556989669799805,-5.169551372528076,-4.489720821380615,-1.626340627670288,-1.2791049480438232,-0.8895068168640137,-0.73773193359375,-0.7443944811820984,-0.3771890103816986,0.03592991828918457,-0.2103264033794403,0.8552286028862,-0.05992370843887329,-0.28574052453041077,-0.5111479163169861,-2.6137635707855225,-4.940776348114014,-6.029077529907227,-6.91520881652832,-7.280224800109863
-8.548880577087402,-8.540204048156738,-8.576639175415039,-8.752998352050781,-8.726922035217285,-8.695624351501465,-8.621809959411621,-8.544912338256836,-8.555862426757812,-8.580842971801758,-8.56205940246582,-8.519730567932129,-8.450458526611328,-8.361233711242676,-8.267121315002441,-8.14767074584961,-8.00914192199707,-7.847909927368164,-7.630859375,-7.365225791931152,-7.063286781311035,-6.75857400894165,-6.39964485168457,-5.869962215423584,-5.244769096374512,-4.536623001098633,-1.5478582382202148,-1.0883852243423462,-1.1035423278808594,-0.9220134019851685,-0.8130452632904053,-0.6313676834106445,-0.6796057820320129,-0.09293872117996216,-0.3816554844379425,-0.007577523589134216,-0.23515304923057556,-0.2639572322368622,-4.274206161499023,-5.616915702819824,-6.540286064147949,-7.144375801086426,-7.357024192810059
-8.443615913391113,-8.430319786071777,-8.464763641357422,-8.64375114440918,-8.604361534118652,-8.55183219909668,-8.473339080810547,-8.43058967590332,-8.456380844116211,-8.45323371887207,-8.41801643371582,-8.360748291015625,-8.284183502197266,-8.194068908691406,-8.083948135375977,-7.954551696777344,-7.813287258148193,-7.642439842224121,-7.427985668182373,-7.16276741027832,-6.8686933517456055,-6.57527494430542,-6.224169731140137,-5.733320236206055,-5.149950981140137,-4.487504005432129,-3.4387781620025635,-1.0126090049743652,-0.8828355073928833,-0.7229866981506348,-0.6320067644119263,-0.6533781290054321,-0.08992774784564972,-0.7445027828216553,-0.26695704460144043,0.17249110341072083,-0.5192778706550598,-1.8411905765533447,-5.180013179779053,-6.1819658279418945,-6.91323184967041,-7.282129287719727,-7.390969753265381
-8.331101417541504,-8.314062118530273,-8.348092079162598,-8.532727241516113,-8.478723526000977,-8.41230583190918,-8.341824531555176,-8.332420349121094,-8.33912467956543,-8.325702667236328,-8.27193832397461,-8.202152252197266,-8.121238708496094,-8.025341033935547,-7.906778335571289,-7.766707420349121,-7.616305351257324,-7.432767391204834,-7.214113235473633,-6.9567718505859375,-6.665867328643799,-6.380964279174805,-6.027960777282715,-5.568521499633789,-5.03504753112793,-4.453354835510254,-3.592999219894409,-2.5587291717529297,-1.65232253074646,-0.9020353555679321,-0.8805810213088989,-0.8435450792312622,-0.7193343639373779,-0.5134507417678833,-0.09693673253059387,-1.0633020401000977,-0.681873083114624,-4.823983192443848,-5.8773064613342285,-6.675082206726074,-7.185763359069824,-7.385406970977783,-7.381216526031494
-8.217377662658691,-8.192724227905273,-8.225190162658691,-8.422967910766602,-8.354157447814941,-8.281534194946289,-8.228119850158691,-8.223213195800781,-8.21817684173584,-8.184564590454102,-8.118816375732422,-8.042608261108398,-7.955442428588867,-7.839273452758789,-7.710294723510742,-7.567243576049805,-7.41717529296875,-7.223901748657227,-7.000311374664307,-6.730649948120117,-6.454919815063477,-6.167146682739258,-5.825804233551025,-5.387652397155762,-4.8994598388671875,-4.36048698425293,-3.6275675296783447,-2.9098379611968994,-2.4101834297180176,-2.046297788619995,-0.9750311374664307,-0.6702066659927368,-0.24603807926177979,-0.6993585824966431,-1.1494401693344116,-1.1856034994125366,-1.503475308418274,-5.573143482208252,-6.457781791687012,-7.053350925445557,-7.366565704345703,-7.4292192459106445,-7.322842597961426
-8.098347663879395,-8.065549850463867,-8.093368530273438,-8.301248550415039,-8.212862968444824,-8.148645401000977,-8.111043930053711,-8.1128568649292,-8.090705871582031,-8.037283897399902,-7.961899757385254,-7.866067886352539,-7.761000156402588,-7.652634620666504,-7.520340442657471,-7.379328727722168,-7.212979316711426,-7.011186122894287,-6.768577575683594,-6.504617691040039,-6.230664253234863,-5.950858116149902,-5.601604461669922,-5.179049491882324,-4.716484069824219,-4.222504138946533,-3.578505277633667,-2.9519357681274414,-2.6402759552001953,-2.4491612911224365,-2.2138028144836426,-1.0344569683074951,-0.08536072075366974,-1.128263235092163,-0.5180734395980835,-0.22989992797374725,-3.475182056427002,-6.344347953796387,-6.965278625488281,-7.344788074493408,-7.472876071929932,-7.4088521003723145,-7.251079559326172
-7.966976642608643,-7.922786712646484,-7.944890022277832,-8.159042358398438,-8.067159652709961,-8.011226654052734,-7.993164539337158,-7.981480121612549,-7.94243049621582,-7.87054443359375,-7.777829170227051,-7.684506416320801,-7.5872273445129395,-7.469952583312988,-7.327741622924805,-7.173940181732178,-7.001996040344238,-6.77823543548584,-6.54118013381958,-6.279216289520264,-6.00537633895874,-5.712375640869141,-5.373000144958496,-4.968558311462402,-4.5306782722473145,-4.060781478881836,-3.5238070487976074,-2.8336362838745117,-2.640261173248291,-2.5909578800201416,-2.4399349689483643,-1.9178929328918457,-0.7776436805725098,-2.1958041191101074,-1.6689584255218506,-1.543626308441162,-5.853750228881836,-6.813758850097656,-7.313887596130371,-7.520268440246582,-7.518306732177734,-7.368898391723633,-7.171797752380371
-7.829416275024414,-7.780820846557617,-7.799478054046631,-8.015690803527832,-7.92276668548584,-7.879655838012695,-7.858737468719482,-7.829617500305176,-7.770289421081543,-7.695601940155029,-7.608637809753418,-7.506553649902344,-7.389556884765625,-7.259509086608887,-7.111232280731201,-6.957464218139648,-6.765442848205566,-6.548160552978516,-6.302284240722656,-6.04287052154541,-5.76336669921875,-5.473575592041016,-5.13947868347168,-4.75112247467041,-4.338621139526367,-3.9069104194641113,-3.441711664199829,-3.0096802711486816,-2.6472458839416504,-2.4810075759887695,-2.3611042499542236,-2.2393624782562256,-1.6451401710510254,-1.0530763864517212,-2.0054850578308105,-1.5633822679519653,-6.069372653961182,-7.164892196655273,-7.54346227645874,-7.605295658111572,-7.503355503082275,-7.325430870056152,-7.109935760498047
-7.675755500793457,-7.618180751800537,-7.636919021606445,-7.871299743652344,-7.786205291748047,-7.74322509765625,-7.713795185089111,-7.669320106506348,-7.59470272064209,-7.509588241577148,-7.421734809875488,-7.310471534729004,-7.180305480957031,-7.042189598083496,-6.881636619567871,-6.713261604309082,-6.5100626945495605,-6.294468402862549,-6.057747840881348,-5.797603607177734,-5.533552169799805,-5.252447605133057,-4.921718597412109,-4.5550537109375,-4.158758163452148,-3.7616991996765137,-3.345633029937744,-2.9760935306549072,-2.7292428016662598,-2.683624267578125,-2.885190010070801,-3.2602739334106445,-3.020111322402954,-0.4879658818244934,-1.7520983219146729,-2.7093405723571777,-6.457822799682617,-7.584997653961182,-7.710714340209961,-7.6301445960998535,-7.454042434692383,-7.264174461364746,-7.051730155944824
-7.521139144897461,-7.461190223693848,-7.48138427734375,-7.718975067138672,-7.6395978927612305,-7.610724449157715,-7.56588888168335,-7.497165679931641,-7.432794570922852,-7.346301078796387,-7.2349138259887695,-7.108105659484863,-6.974008560180664,-6.825158596038818,-6.662042140960693,-6.48283576965332,-6.267354488372803,-6.043153762817383,-5.806654930114746,-5.5531182289123535,-5.295316696166992,-5.0161237716674805,-4.698592185974121,-4.3512864112854,-3.9853756427764893,-3.6338202953338623,-3.3009719848632812,-3.040365219116211,-2.962794303894043,-3.1122684478759766,-3.503598690032959,-3.8996620178222656,-3.0756728649139404,-2.1825613975524902,-2.5837039947509766,-3.2820169925689697,-7.8279948234558105,-7.894972324371338,-7.831048488616943,-7.638924598693848,-7.416038513183594,-7.167620658874512,-6.955963134765625
-7.3663649559021,-7.307168960571289,-7.3288469314575195,-7.57551383972168,-7.503665924072266,-7.468019485473633,-7.413355350494385,-7.344692707061768,-7.260993957519531,-7.15370512008667,-7.037029266357422,-6.906805038452148,-6.762753486633301,-6.610527515411377,-6.442477703094482,-6.254574298858643,-6.040241241455078,-5.816075325012207,-5.569615364074707,-5.327770709991455,-5.064892768859863,-4.800772666931152,-4.502279281616211,-4.171175003051758,-3.8565144538879395,-3.577092409133911,-3.3364505767822266,-3.2139904499053955,-3.2575783729553223,-3.436354160308838,-3.530803680419922,-3.1614432334899902,-2.801396369934082,-2.5521187782287598,-2.791322708129883,-3.9323596954345703,-8.421009063720703,-8.130035400390625,-7.893665790557861,-7.620231628417969,-7.34619665145874,-7.1118292808532715,-6.909573554992676
