wind_JJA_avg_3x3.json
{"header": {"parameterCategory": 2, "parameterUnit": "m/s", "nx": 74, "ny": 94, "lo1": 118.693, "la1": 26.2568353691, "lo2": 123.2203272787, "la2": 21.0494, "dx": 0.0620181819, "dy": 0.0559939287, "refTime": "2025-01-01 00:00:00", "forecastTime": 0, "parameterNumber": 3}, "data":
[rows 57 to 75 of 94, columns 0 to 42 of 74]
2.358302116394043,2.355767250061035,2.377272367477417,2.405918598175049,2.379918336868286,2.364241123199463,2.350215196609497,2.337158203125,2.318833351135254,2.3313441276550293,2.347048759460449,2.3968570232391357,2.440770387649536,2.4932456016540527,2.5314810276031494,2.5616281032562256,2.57431697845459,2.5617151260375977,2.5177199840545654,2.4653220176696777,2.417694091796875,2.3719520568847656,2.2284739017486572,1.0945961475372314,1.0335521697998047,0.867489218711853,0.7907887697219849,0.9158750176429749,0.34024715423583984,0.23627358675003052,0.43383336067199707,0.2755718231201172,0.012163341045379639,0.1752014458179474,0.028538523241877556,-0.6812095046043396,-0.12417571246623993,0.04590022563934326,-0.3881058692932129,0.43359655141830444,0.7339267730712891,0.6679125428199768,0.23019134998321533
2.3675012588500977,2.3721518516540527,2.4011149406433105,2.43349552154541,2.4147768020629883,2.4165291786193848,2.4003448486328125,2.3865249156951904,2.3823397159576416,2.3827624320983887,2.4079604148864746,2.4474120140075684,2.497638702392578,2.5240957736968994,2.5590157508850098,2.5865488052368164,2.5823092460632324,2.5644381046295166,2.5231332778930664,2.472825527191162,2.4159982204437256,2.348217487335205,2.2043492794036865,1.674605131149292,1.1335394382476807,0.8521581888198853,0.8989834785461426,0.8108698725700378,0.5112546682357788,0.6311739683151245,-0.016072720289230347,0.17521905899047852,0.30817362666130066,0.37387239933013916,-0.057050831615924835,-0.6723642945289612,0.22535550594329834,-0.11422903835773468,0.3263765573501587,0.1569226086139679,0.6115750670433044,0.4077306389808655,0.1480887234210968
2.3932366371154785,2.401484251022339,2.4344680309295654,2.4743599891662598,2.459803581237793,2.4536397457122803,2.4534573554992676,2.457362174987793,2.4488418102264404,2.4619507789611816,2.4823710918426514,2.5242321491241455,2.5568394660949707,2.583641529083252,2.589540481567383,2.6058223247528076,2.591848373413086,2.580545425415039,2.549135684967041,2.4895596504211426,2.409226655960083,2.3294379711151123,2.230672836303711,2.1290934085845947,1.2620625495910645,0.9709169864654541,0.7721083164215088,0.6528894901275635,0.6489009857177734,-0.11624640226364136,0.38417473435401917,0.06450045108795166,0.17595121264457703,0.5767303109169006,0.318424791097641,-0.851288378238678,0.2305835485458374,-0.28762561082839966,-0.6011252403259277,0.1334536075592041,0.5259876251220703,-0.058334559202194214,0.908994197845459
2.437549591064453,2.4443836212158203,2.478748321533203,2.5139660835266113,2.506409168243408,2.518552303314209,2.506103038787842,2.5147511959075928,2.5212721824645996,2.536250591278076,2.561582088470459,2.5992226600646973,2.623880386352539,2.633636713027954,2.637383460998535,2.622028350830078,2.6264612674713135,2.593233585357666,2.541050434112549,2.494821786880493,2.418728828430176,2.3288159370422363,2.227689504623413,2.0683324337005615,1.4104704856872559,0.9604125618934631,0.8258878588676453,0.5028359889984131,0.024684280157089233,0.04651854932308197,-0.15403646230697632,-0.1429191380739212,0.05270138382911682,0.30340591073036194,-0.2919331192970276,-0.0001944899559020996,-0.06400950253009796,-0.29204028844833374,0.07223105430603027,0.3935185670852661,0.342850923538208,0.686480700969696,0.41585400700569153
2.5057389736175537,2.5193071365356445,2.553173303604126,2.5854926109313965,2.570369005203247,2.5773532390594482,2.5811588764190674,2.592660903930664,2.618640899658203,2.6248834133148193,2.6514763832092285,2.6694161891937256,2.677968740463257,2.686248302459717,2.6805293560028076,2.6707944869995117,2.6403913497924805,2.610980987548828,2.562777519226074,2.501229763031006,2.43149471282959,2.3366291522979736,2.2253191471099854,2.1003284454345703,1.9473732709884644,0.9471673369407654,0.891267716884613,0.5612362623214722,0.4695184528827667,0.3022302985191345,0.18912947177886963,0.19806763529777527,0.14302469789981842,0.45939892530441284,-0.1891411542892456,-0.5005664825439453,-0.28844505548477173,0.2920689880847931,0.6686698198318481,0.54386305809021,0.07043349742889404,0.29757392406463623,0.5863569974899292
2.578951358795166,2.593304395675659,2.6285018920898438,2.6493239402770996,2.638366460800171,2.647329330444336,2.6537203788757324,2.6778981685638428,2.7026617527008057,2.720221996307373,2.746480941772461,2.7516589164733887,2.7406914234161377,2.7305941581726074,2.7206506729125977,2.698078155517578,2.676328182220459,2.63979434967041,2.5721797943115234,2.503852367401123,2.4336256980895996,2.329084873199463,2.2378134727478027,2.137742280960083,1.9891414642333984,1.0601437091827393,0.6616038084030151,0.4652908146381378,0.3347160816192627,0.10222569108009338,0.34374505281448364,0.25941702723503113,-0.19801166653633118,-0.05318838357925415,-0.18377095460891724,0.000858604907989502,0.3570430874824524,0.0640784427523613,0.21941372752189636,0.29509955644607544,-0.44701141119003296,0.4843056797981262,1.0098811388015747
2.661086082458496,2.6744794845581055,2.708101511001587,2.720384120941162,2.7051782608032227,2.711196184158325,2.735405921936035,2.76074481010437,2.783392906188965,2.8087997436523438,2.809617042541504,2.808547019958496,2.793741464614868,2.772787570953369,2.7516565322875977,2.731078863143921,2.715886354446411,2.6719393730163574,2.604269504547119,2.549647092819214,2.452958822250366,2.351534843444824,2.249242067337036,2.1530067920684814,2.021674871444702,1.5284278392791748,0.7549808025360107,0.44949978590011597,0.15362593531608582,0.3945420980453491,0.37907418608665466,0.2603195607662201,0.021436616778373718,-0.10933871567249298,-0.2829381227493286,-0.0009554997086524963,-0.6796378493309021,-0.19114089012145996,0.3509758710861206,0.651443600654602,0.6645825505256653,0.9141470193862915,1.201586365699768
2.7385642528533936,2.7526421546936035,2.7897987365722656,2.8211328983306885,2.803828477859497,2.8060739040374756,2.823392868041992,2.8273568153381348,2.8359007835388184,2.8582420349121094,2.855485439300537,2.8474369049072266,2.834263324737549,2.8178629875183105,2.807758331298828,2.768324136734009,2.732386827468872,2.694161891937256,2.6433310508728027,2.5584399700164795,2.4670932292938232,2.3706443309783936,2.279834747314453,2.174736499786377,2.0677380561828613,1.819849967956543,0.8991178274154663,0.6449668407440186,0.21612274646759033,0.2546384930610657,0.42607438564300537,0.32945725321769714,0.2292575091123581,0.31228530406951904,0.18743710219860077,-1.1361161470413208,-0.6551709771156311,-0.05056491494178772,0.16966092586517334,0.8860831260681152,0.8517522215843201,1.1233936548233032,1.4422768354415894
2.816608190536499,2.827317237854004,2.8689441680908203,2.9090211391448975,2.8942880630493164,2.889009714126587,2.8823094367980957,2.884401798248291,2.887789249420166,2.9037599563598633,2.8963727951049805,2.8906548023223877,2.8862431049346924,2.8625173568725586,2.822813034057617,2.795393228530884,2.772590160369873,2.7322683334350586,2.6720705032348633,2.597640037536621,2.5030176639556885,2.3958563804626465,2.295340061187744,2.1905107498168945,2.057445526123047,1.8543742895126343,1.0254535675048828,0.7779569029808044,0.7239702939987183,0.6914159655570984,0.5222035050392151,0.2886797785758972,0.3597556948661804,0.05304217338562012,-1.016777753829956,-0.43087661266326904,0.2862650156021118,0.45547497272491455,0.5409672260284424,0.8908859491348267,1.115410566329956,1.382568597793579,1.7019342184066772
2.901491641998291,2.9235880374908447,2.961658000946045,2.9906868934631348,2.9709229469299316,2.9658665657043457,2.9395289421081543,2.941131591796875,2.9457855224609375,2.9353342056274414,2.9304535388946533,2.91921329498291,2.918156147003174,2.891716957092285,2.8700456619262695,2.8359086513519287,2.801534652709961,2.7587943077087402,2.691068410873413,2.6226816177368164,2.539243221282959,2.4387736320495605,2.340010643005371,2.2042908668518066,2.0573208332061768,1.877645492553711,1.4054484367370605,1.0051813125610352,0.7624804973602295,0.790788471698761,0.6767670512199402,0.20646217465400696,-0.2058352530002594,-0.38021111488342285,-0.5231348276138306,-0.14914178848266602,0.015376750379800797,0.19408199191093445,0.6053531765937805,1.070335865020752,1.350765347480774,1.6470141410827637,1.9988033771514893
2.9788572788238525,2.9974188804626465,3.030649423599243,3.057016372680664,3.0364716053009033,3.0130128860473633,3.005145311355591,3.004241704940796,2.9975357055664062,2.9758119583129883,2.957947015762329,2.953010320663452,2.9348974227905273,2.9301557540893555,2.8962242603302,2.868555784225464,2.8348798751831055,2.7814559936523438,2.7139596939086914,2.640620708465576,2.5595970153808594,2.4735026359558105,2.3697404861450195,2.2430691719055176,2.102985382080078,1.9400672912597656,1.7418100833892822,1.1317098140716553,1.0157979726791382,1.0822410583496094,0.7933546900749207,0.6193633079528809,0.3339359164237976,-0.5228796005249023,-0.07711891829967499,-0.02918100357055664,-0.299660861492157,0.1487351357936859,0.81512451171875,1.2327746152877808,1.5718214511871338,1.912346601486206,2.277299404144287
3.0548973083496094,3.0710067749023438,3.098343849182129,3.1160550117492676,3.077930450439453,3.0670113563537598,3.0595741271972656,3.049788475036621,3.0364227294921875,3.015812397003174,3.008765935897827,2.982593059539795,2.966431140899658,2.9413788318634033,2.9291727542877197,2.905592441558838,2.870574951171875,2.812354564666748,2.752058982849121,2.6697657108306885,2.583353042602539,2.4975380897521973,2.3895907402038574,2.2772083282470703,2.154330253601074,2.004981517791748,1.842031717300415,1.6306272745132446,1.643904209136963,1.099578857421875,0.8647060394287109,0.39372920989990234,-0.4327555000782013,-0.1831532120704651,-0.7326140403747559,0.10466322302818298,-0.01347416639328003,-0.1247832179069519,0.9266322255134583,1.3905786275863647,1.7963725328445435,2.19442081451416,2.5660903453826904
3.111614465713501,3.125007152557373,3.151169538497925,3.1637749671936035,3.133009433746338,3.1096794605255127,3.0905046463012695,3.0808258056640625,3.056377649307251,3.0530009269714355,3.0474753379821777,3.034986972808838,3.0067853927612305,2.976011276245117,2.9598958492279053,2.9393043518066406,2.8956120014190674,2.8325812816619873,2.767930746078491,2.6898531913757324,2.6120500564575195,2.5203304290771484,2.4341251850128174,2.3222856521606445,2.206110715866089,2.0566246509552,1.8900593519210815,1.6522657871246338,1.451439619064331,1.2130616903305054,0.9743778109550476,0.4752737581729889,0.07911531627178192,-0.029636722058057785,-0.5252867937088013,-0.10539709031581879,-0.06993119418621063,0.20093849301338196,1.0449198484420776,1.6221928596496582,2.093580484390259,2.4803085327148438,2.8066508769989014
3.157170295715332,3.163255453109741,3.184796094894409,3.2001070976257324,3.182605266571045,3.1619515419006348,3.137768268585205,3.111997127532959,3.102890729904175,3.0941081047058105,3.064326286315918,3.052205801010132,3.0269827842712402,3.0004444122314453,2.9778950214385986,2.939319372177124,2.887333393096924,2.841521739959717,2.7759711742401123,2.701852321624756,2.6260905265808105,2.5494492053985596,2.4613780975341797,2.3568308353424072,2.2407593727111816,2.1115970611572266,1.9511961936950684,1.5433175563812256,1.4152262210845947,1.1506280899047852,0.8618021011352539,0.301927387714386,0.08383633196353912,-0.9235249757766724,-0.3616040349006653,-0.24154502153396606,-0.378548800945282,0.6197131872177124,1.394837498664856,1.9713765382766724,2.3951127529144287,2.718204975128174,2.974421977996826
3.1978328227996826,3.20759654045105,3.230635166168213,3.2461488246917725,3.2089924812316895,3.1818184852600098,3.1587700843811035,3.142896890640259,3.12308931350708,3.111276865005493,3.0838816165924072,3.06400203704834,3.048494815826416,3.022547721862793,2.9952001571655273,2.9547367095947266,2.912604570388794,2.865804672241211,2.7890589237213135,2.723998546600342,2.6438729763031006,2.5552446842193604,2.4690308570861816,2.380174160003662,2.2687907218933105,2.1242003440856934,1.9621214866638184,1.7859439849853516,1.6024823188781738,1.2187639474868774,0.8236863613128662,0.3630756437778473,-0.3174648582935333,-0.5417662858963013,-0.4526216387748718,-0.372486412525177,-0.1414307802915573,1.0013989210128784,1.7346866130828857,2.222844123840332,2.5923688411712646,2.854133129119873,3.069915533065796
3.233914613723755,3.240569591522217,3.2645883560180664,3.2813680171966553,3.2398409843444824,3.208556652069092,3.1913743019104004,3.1716361045837402,3.136469841003418,3.1185622215270996,3.115971326828003,3.1029186248779297,3.0781099796295166,3.05149507522583,3.019253969192505,2.9727916717529297,2.9259915351867676,2.863058090209961,2.7939376831054688,2.7325737476348877,2.666881561279297,2.5666353702545166,2.480062484741211,2.391568183898926,2.2861437797546387,2.1447408199310303,1.9800410270690918,1.7752783298492432,1.5458736419677734,1.2563276290893555,0.8351583480834961,0.2559512257575989,-0.5143470168113708,-0.2858738601207733,-0.6050423383712769,0.21925398707389832,0.3943457305431366,1.3178932666778564,1.9096202850341797,2.346827507019043,2.6439108848571777,2.8883495330810547,3.0728273391723633
3.274528980255127,3.2840020656585693,3.3020386695861816,3.298189878463745,3.260011672973633,3.2448930740356445,3.21073579788208,3.1920671463012695,3.1707987785339355,3.1550912857055664,3.1351709365844727,3.120772123336792,3.106415271759033,3.0811471939086914,3.0357139110565186,2.9802637100219727,2.925618886947632,2.8639159202575684,2.7967207431793213,2.73197603225708,2.6621928215026855,2.5853660106658936,2.5018627643585205,2.407078742980957,2.2825682163238525,2.1519994735717773,1.987309455871582,1.7885189056396484,1.5412274599075317,1.2466232776641846,0.8779393434524536,0.33439671993255615,-0.34184756875038147,0.1549997478723526,-0.37826332449913025,-0.4232221245765686,0.17908139526844025,1.355165719985962,1.9136903285980225,2.2798104286193848,2.5605783462524414,2.778714179992676,2.954855442047119
3.298863410949707,3.3071582317352295,3.325132369995117,3.3243327140808105,3.2764713764190674,3.246882438659668,3.2301971912384033,3.2131645679473877,3.201714038848877,3.1876368522644043,3.163686990737915,3.133758544921875,3.1110241413116455,3.0703999996185303,3.0224690437316895,2.975341796875,2.9249355792999268,2.8592166900634766,2.8020732402801514,2.739755868911743,2.668341875076294,2.590874195098877,2.5077967643737793,2.402052640914917,2.2935447692871094,2.153751850128174,1.993850827217102,1.8082585334777832,1.5635278224945068,1.2749214172363281,0.936530590057373,0.5580630302429199,0.23739507794380188,-0.5400125980377197,0.034608304500579834,-0.21833592653274536,0.17370691895484924,1.1889129877090454,1.7582862377166748,2.136444091796875,2.4034128189086914,2.6146349906921387,2.763373374938965
3.3180510997772217,3.3181400299072266,3.3343639373779297,3.345607280731201,3.3096327781677246,3.2778544425964355,3.254255771636963,3.2359628677368164,3.206907033920288,3.1851086616516113,3.1647379398345947,3.140064239501953,3.1026902198791504,3.06591534614563,3.0298051834106445,2.975644588470459,2.9121510982513428,2.862096071243286,2.808105945587158,2.7495617866516113,2.6749184131622314,2.58225679397583,2.4998440742492676,2.4125683307647705,2.294038772583008,2.1577234268188477,2.0009665489196777,1.824782371520996,1.6177423000335693,1.3901652097702026,1.093707799911499,0.7766797542572021,0.25203827023506165,-0.5206519961357117,-0.18648861348628998,0.12254780530929565,-0.03925895690917969,1.1676380634307861,1.6389960050582886,1.987099051475525,2.2565388679504395,2.4521965980529785,2.6298727989196777
