wind_JJA_avg_3x3.json
{"header": {"parameterCategory": 2, "parameterUnit": "m/s", "nx": 74, "ny": 94, "lo1": 118.693, "la1": 26.2568353691, "lo2": 123.2203272787, "la2": 21.0494, "dx": 0.0620181819, "dy": 0.0559939287, "refTime": "2025-01-01 00:00:00", "forecastTime": 0, "parameterNumber": 2}, "data":
[rows 57 to 75 of 94, columns 0 to 42 of 74]
0.770348846912384,0.7407917976379395,0.7759562134742737,0.9231640100479126,0.93204265832901,0.9496399164199829,0.9680705070495605,0.9767247438430786,0.9953203201293945,1.0317370891571045,1.0695987939834595,1.1273764371871948,1.1710622310638428,1.2145593166351318,1.2584043741226196,1.297253131866455,1.3115968704223633,1.297998309135437,1.2337474822998047,1.1791887283325195,1.1078557968139648,1.0442266464233398,1.024763584136963,0.91034996509552,0.8872836828231812,0.8476768136024475,0.3206336498260498,0.12276995182037354,0.033597350120544434,-0.28453385829925537,-0.4517483115196228,-0.1873311996459961,0.17123650014400482,0.453479140996933,0.18671321868896484,-0.4137094020843506,0.8827231526374817,-0.17990876734256744,-0.11963963508605957,-0.4181489050388336,-0.19732403755187988,-0.8351328372955322,-0.5328654646873474
0.7538917064666748,0.7269843220710754,0.7641083002090454,0.9189570546150208,0.9320219159126282,0.9550524950027466,0.9674619436264038,0.9850016832351685,1.003175973892212,1.0433452129364014,1.0826530456542969,1.122572660446167,1.1693363189697266,1.215311050415039,1.2435204982757568,1.2776859998703003,1.2927155494689941,1.2688896656036377,1.21864914894104,1.143393874168396,1.0763026475906372,1.0135657787322998,0.9538440704345703,0.8532561659812927,1.0071319341659546,0.7470092177391052,0.2634879946708679,-0.04539722204208374,0.1430814564228058,-0.4616219401359558,0.25553929805755615,0.027607202529907227,0.08469930291175842,0.45034465193748474,0.2950250804424286,0.37489843368530273,0.17849871516227722,0.10841017961502075,-0.2240961343050003,-0.26060745120048523,-0.28032800555229187,-0.8830755949020386,-0.3928700387477875
0.7470979690551758,0.721827507019043,0.7589620351791382,0.9162852764129639,0.9312610626220703,0.9534860849380493,0.9663531184196472,0.9851174354553223,1.0246739387512207,1.0483999252319336,1.0840497016906738,1.1287862062454224,1.1755261421203613,1.2035739421844482,1.222242832183838,1.2458441257476807,1.2644267082214355,1.2344622611999512,1.1964354515075684,1.1229355335235596,1.048987627029419,1.0106850862503052,0.9741159081459045,1.102618932723999,0.9524911642074585,0.738305926322937,0.21664100885391235,-0.08133137226104736,-0.12403076887130737,-0.09672003984451294,-0.16588491201400757,-0.0974690318107605,0.15642201900482178,0.3285682201385498,0.08128267526626587,0.5448571443557739,-0.1334298849105835,0.3061393201351166,-0.4166354537010193,-0.42765355110168457,-0.37662333250045776,-0.5444722175598145,-0.045108139514923096
0.7503130435943604,0.7232069373130798,0.7612026929855347,0.9147863984107971,0.9389455318450928,0.9623509645462036,0.9717046618461609,0.9896624088287354,1.0224428176879883,1.0526752471923828,1.0944384336471558,1.120987057685852,1.1605515480041504,1.1820015907287598,1.2015419006347656,1.21917724609375,1.2211012840270996,1.1958203315734863,1.1564472913742065,1.1027778387069702,1.0414267778396606,0.9987780451774597,1.0023356676101685,1.0663613080978394,0.9907263517379761,0.6553552746772766,0.5107392072677612,0.044529497623443604,0.12121599912643433,-0.158979594707489,-0.09492355585098267,-0.09792599081993103,0.30331599712371826,0.33068662881851196,-0.09572535753250122,1.0037691593170166,-0.25266575813293457,-0.14405891299247742,-0.5156890749931335,-0.015356093645095825,-0.23131850361824036,-0.6544314026832581,0.025513768196105957
0.7577807903289795,0.7290916442871094,0.770660400390625,0.9212712049484253,0.9260830879211426,0.9620891809463501,0.9803101420402527,0.9913771152496338,1.0305547714233398,1.059812068939209,1.0780197381973267,1.1090302467346191,1.1377135515213013,1.1540939807891846,1.1735409498214722,1.1863741874694824,1.1889691352844238,1.1665377616882324,1.1309781074523926,1.0753624439239502,1.016015887260437,0.9947180151939392,1.0127328634262085,1.059111475944519,1.2537133693695068,1.0888367891311646,0.48937344551086426,0.4700627326965332,0.02571159601211548,0.3327706456184387,-0.037708580493927,-0.01638418436050415,0.31824058294296265,0.18123853206634521,-0.17186188697814941,0.3272057771682739,0.1991560459136963,-0.532866358757019,-0.4129890501499176,0.1402566134929657,-0.7143834233283997,-0.6699299812316895,-0.30387550592422485
0.7573309540748596,0.7397222518920898,0.7889760732650757,0.9420089721679688,0.9318115711212158,0.9716290235519409,0.9824708700180054,0.9903856515884399,1.0388895273208618,1.0533785820007324,1.0664341449737549,1.0850423574447632,1.1022659540176392,1.1172735691070557,1.1374263763427734,1.1391762495040894,1.1394236087799072,1.119390845298767,1.0969951152801514,1.0485552549362183,1.0038846731185913,0.9835255742073059,1.0044060945510864,1.0540541410446167,1.1231613159179688,1.1490730047225952,0.6255574226379395,0.2712876796722412,0.358237624168396,0.6062101125717163,0.2129288911819458,-0.13893118500709534,0.17913657426834106,0.6811560988426208,-0.5134239792823792,-0.2220514416694641,0.9762943387031555,0.06329047679901123,-0.16053074598312378,-0.00995570421218872,-0.3460417091846466,-0.22355520725250244,-0.33659791946411133
0.7722698450088501,0.7549484968185425,0.810131311416626,0.9617255330085754,0.9580346345901489,0.9757014513015747,0.9856413006782532,0.9998554587364197,1.0208256244659424,1.0362719297409058,1.044396996498108,1.0462815761566162,1.0607666969299316,1.0791593790054321,1.082468032836914,1.0919760465621948,1.0913101434707642,1.088032603263855,1.0544646978378296,1.0283663272857666,0.9871155023574829,0.971599817276001,0.9912282824516296,1.0264393091201782,1.070613980293274,1.1761043071746826,0.8619111180305481,0.5116938352584839,0.42498451471328735,0.480554461479187,0.18777388334274292,-0.22113078832626343,-0.06170856952667236,0.576627254486084,0.2447509765625,-0.32228612899780273,1.118471384048462,0.018593668937683105,-0.27803367376327515,-0.12471073865890503,-0.5181026458740234,-0.2188204526901245,-0.2436200976371765
0.7881680727005005,0.7676129341125488,0.8247537612915039,0.9735952615737915,0.9765156507492065,0.9861083626747131,0.9867110252380371,0.9909128546714783,0.9998192191123962,0.9926775693893433,1.0035805702209473,1.0116772651672363,1.0149911642074585,1.0288035869598389,1.0316455364227295,1.0495631694793701,1.0306410789489746,1.0301777124404907,1.0227550268173218,0.9856818318367004,0.9761216640472412,0.9631128907203674,0.9817022681236267,1.0086418390274048,1.026596188545227,1.3062931299209595,1.054748773574829,0.6489372253417969,0.538696825504303,0.5787423849105835,0.1699281930923462,-0.09285292029380798,0.0786736011505127,-0.01869279146194458,0.3583424687385559,0.4365805387496948,0.8191234469413757,-0.3007047772407532,-0.23725423216819763,-0.5757899284362793,-0.3604090213775635,-0.250812292098999,-0.12787768244743347
0.8089478015899658,0.7810399532318115,0.8309089541435242,0.9836609363555908,0.9835745096206665,0.9843884706497192,0.9694017767906189,0.9755623936653137,0.9582989811897278,0.9494944214820862,0.971900463104248,0.9811614751815796,0.9670133590698242,0.9738923907279968,0.9849116802215576,0.9818758368492126,0.9895826578140259,0.9826305508613586,0.9796102046966553,0.9578908085823059,0.9550685882568359,0.942927360534668,0.944212794303894,0.9711532592773438,0.9722169041633606,0.8414995074272156,0.96769779920578,0.6994077563285828,0.4667820930480957,0.33063244819641113,0.30856069922447205,0.04784613847732544,0.14706531167030334,0.08893010020256042,0.9414265155792236,0.7810089588165283,0.31547412276268005,-0.23005077242851257,-0.2072019875049591,-0.4233894348144531,-0.3228681683540344,-0.14993062615394592,0.038891762495040894
0.8274511098861694,0.787588357925415,0.8365137577056885,0.9837216138839722,0.9671132564544678,0.9648034572601318,0.9553884267807007,0.9342032670974731,0.9121087789535522,0.9192023277282715,0.9373329877853394,0.917024552822113,0.9221817255020142,0.9274115562438965,0.931451678276062,0.9192591905593872,0.921934962272644,0.9272550940513611,0.9284458160400391,0.917662501335144,0.9121154546737671,0.9084858894348145,0.9132266044616699,0.9256501793861389,0.9520365595817566,1.0054779052734375,1.0853245258331299,0.812065601348877,0.45840632915496826,0.39677202701568604,0.38724255561828613,-0.19516509771347046,0.19664350152015686,0.27799588441848755,0.9619568586349487,-0.16657502949237823,-0.42870861291885376,-0.04454779624938965,-0.06914305686950684,-0.29798921942710876,-0.1475505530834198,0.058438509702682495,0.2770330309867859
0.8193309307098389,0.7857359647750854,0.8361391425132751,0.9740802049636841,0.9510995149612427,0.9384741187095642,0.9161735773086548,0.8947321772575378,0.8796188235282898,0.8817527294158936,0.8777061104774475,0.8631342649459839,0.867527425289154,0.8767515420913696,0.8762552738189697,0.8673585653305054,0.8558220863342285,0.8658262491226196,0.8721848726272583,0.8504430055618286,0.8492621183395386,0.8564278483390808,0.8719740509986877,0.8882752656936646,0.9286555051803589,0.9863482117652893,1.0464205741882324,0.7250436544418335,0.7684949636459351,0.45770663022994995,0.4276820719242096,-0.264714777469635,-0.035447537899017334,0.4822259247303009,1.6721458435058594,0.4126303195953369,-0.11244013905525208,-0.13611125946044922,-0.1960189938545227,-0.08881524205207825,0.10624736547470093,0.33636412024497986,0.5686275959014893
0.8083795309066772,0.7760239839553833,0.8258610963821411,0.9606621861457825,0.9345037341117859,0.9020563960075378,0.8899416327476501,0.8553604483604431,0.8399347066879272,0.8476966023445129,0.8353908061981201,0.8217362761497498,0.8225384950637817,0.8304420113563538,0.8148407936096191,0.8127861618995667,0.7990978956222534,0.8157392740249634,0.7992100715637207,0.8003866672515869,0.8034480810165405,0.7995484471321106,0.8252209424972534,0.8475902080535889,0.8700461983680725,0.9281086325645447,0.9710521697998047,0.9689353704452515,1.0465937852859497,0.5052399039268494,0.34242820739746094,-0.05306828022003174,0.39865511655807495,-0.21121421456336975,1.4919633865356445,1.019044280052185,0.27994459867477417,0.158953458070755,0.03400141000747681,0.19663801789283752,0.42864248156547546,0.6901665925979614,0.9364275932312012
0.7865331172943115,0.7561595439910889,0.8057163953781128,0.9397673606872559,0.9061959385871887,0.8700026273727417,0.8465678691864014,0.8263236284255981,0.8095165491104126,0.7940317988395691,0.7996016144752502,0.7841697931289673,0.7748956680297852,0.7683609127998352,0.7582465410232544,0.744080662727356,0.7425227165222168,0.7507139444351196,0.7338448166847229,0.735308825969696,0.737765371799469,0.7422634363174438,0.7674013376235962,0.7737787961959839,0.8039585947990417,0.8503153324127197,0.8805146217346191,0.867158055305481,0.798290491104126,0.7481255531311035,0.5936907529830933,0.17145204544067383,0.17436742782592773,-0.40576618909835815,1.3823477029800415,1.438065767288208,0.7237451672554016,0.38204261660575867,0.3211769163608551,0.5556477308273315,0.8253434896469116,1.0836094617843628,1.2938182353973389
0.7622177600860596,0.7313977479934692,0.7806823253631592,0.9023851156234741,0.8671423196792603,0.8395017385482788,0.8172521591186523,0.7950581908226013,0.7732369303703308,0.7536368370056152,0.7454721331596375,0.748077392578125,0.734127938747406,0.7093513607978821,0.6900074481964111,0.6864341497421265,0.6895534992218018,0.6835063099861145,0.6774335503578186,0.6718598008155823,0.6660116314888,0.6690962314605713,0.6872892379760742,0.7183656096458435,0.751863420009613,0.7480021119117737,0.7764478921890259,0.8723623752593994,0.7179739475250244,0.6636974215507507,0.6884127855300903,0.4919142723083496,0.07097035646438599,0.19331145286560059,1.5075403451919556,1.1125316619873047,0.42495670914649963,0.43051624298095703,0.6919109225273132,1.0095500946044922,1.296219825744629,1.5082309246063232,1.6736541986465454
0.7413787245750427,0.7070732712745667,0.7546851634979248,0.8673483729362488,0.8261645436286926,0.8037805557250977,0.7882822155952454,0.7590562701225281,0.7197607755661011,0.7034158706665039,0.6926708221435547,0.6980055570602417,0.6702370643615723,0.6532930731773376,0.6266679167747498,0.6387089490890503,0.6209579706192017,0.6196431517601013,0.6218297481536865,0.6249476671218872,0.6128965616226196,0.6166272163391113,0.6214063167572021,0.6468110680580139,0.6677815318107605,0.6591471433639526,0.6685266494750977,0.6866216659545898,0.6661809086799622,0.5760401487350464,0.5610620379447937,0.5382362604141235,-0.005273938179016113,0.5574043393135071,1.29173743724823,1.5167357921600342,0.767176628112793,0.7926313281059265,1.2410602569580078,1.5323173999786377,1.759468674659729,1.9224748611450195,2.022822380065918
0.7177872657775879,0.6828991174697876,0.7296169996261597,0.8330725431442261,0.797795295715332,0.7778393626213074,0.7548954486846924,0.7230895161628723,0.6884946823120117,0.6533921360969543,0.6469578742980957,0.6438578367233276,0.6132787466049194,0.5989998579025269,0.5971697568893433,0.5741631984710693,0.5635473132133484,0.5709381103515625,0.5809696912765503,0.5720316767692566,0.5652012825012207,0.5566310286521912,0.5652530193328857,0.5649038553237915,0.5947685837745667,0.5843961238861084,0.5799514055252075,0.5950900316238403,0.6079450845718384,0.5688267946243286,0.4830479919910431,0.44991010427474976,0.24346989393234253,0.22862368822097778,1.1499431133270264,1.5191911458969116,1.0218431949615479,1.3768868446350098,1.7360379695892334,1.9644463062286377,2.1226096153259277,2.2123184204101562,2.276719093322754
0.6897386312484741,0.6546496152877808,0.7040150165557861,0.8151785135269165,0.7743543386459351,0.7442293763160706,0.7146035432815552,0.6867404580116272,0.6504331827163696,0.6176556348800659,0.6027670502662659,0.5942765474319458,0.5723252892494202,0.5678532719612122,0.5555920600891113,0.5436634421348572,0.5238935947418213,0.5269597768783569,0.5205565690994263,0.4987960457801819,0.5007219314575195,0.49686816334724426,0.4968028664588928,0.5131027102470398,0.5101486444473267,0.5203547477722168,0.5337846875190735,0.552664577960968,0.5584756135940552,0.5767740607261658,0.5863156318664551,0.6498607993125916,0.7314741015434265,0.29701322317123413,1.0807842016220093,1.6529396772384644,1.5435397624969482,1.81573486328125,2.0574097633361816,2.2109830379486084,2.3136701583862305,2.3726890087127686,2.431540012359619
0.6620190143585205,0.6258810758590698,0.6803182363510132,0.7990286350250244,0.7388280630111694,0.7078124284744263,0.6828583478927612,0.6453859806060791,0.5998783111572266,0.5740121603012085,0.5702716112136841,0.5429841876029968,0.5358334183692932,0.5300794839859009,0.5243872404098511,0.5063669085502625,0.4849061667919159,0.4828311502933502,0.4733238220214844,0.449566125869751,0.43295639753341675,0.4346323311328888,0.4339846968650818,0.44539353251457214,0.44267603754997253,0.4643847644329071,0.4947070777416229,0.5391654968261719,0.5845439434051514,0.6396902799606323,0.7376203536987305,0.8976329565048218,0.9784433841705322,0.5252193212509155,0.5508983731269836,1.4753915071487427,1.1203930377960205,1.7440577745437622,2.0894384384155273,2.282538414001465,2.401719093322754,2.474515199661255,2.5135374069213867
0.6394217014312744,0.6004780530929565,0.653145968914032,0.7632263898849487,0.7190595865249634,0.679351270198822,0.6381626129150391,0.6033364534378052,0.5721684694290161,0.5413553714752197,0.5288892388343811,0.5152689814567566,0.5050530433654785,0.4987243413925171,0.485817015171051,0.4659312963485718,0.45763733983039856,0.4358192980289459,0.4265332818031311,0.41901859641075134,0.40233364701271057,0.3802206516265869,0.37705761194229126,0.38112643361091614,0.40331336855888367,0.41737353801727295,0.4650160074234009,0.5015054941177368,0.5768376588821411,0.6857696771621704,0.8228164315223694,0.989354133605957,1.0862666368484497,0.9770224094390869,0.6739181280136108,1.2586687803268433,0.9400929808616638,1.4874297380447388,2.0718984603881836,2.31964111328125,2.4417433738708496,2.5156378746032715,2.561058521270752
