wind_DJF_night_3x3.json
{"header": {"parameterCategory": 2, "parameterUnit": "m/s", "nx": 74, "ny": 94, "lo1": 118.693, "la1": 26.2568353691, "lo2": 123.2203272787, "la2": 21.0494, "dx": 0.0620181819, "dy": 0.0559939287, "refTime": "2025-01-01 00:00:00", "forecastTime": 0, "parameterNumber": 3}, "data":
[rows 38 to 56 of 94, columns 0 to 42 of 74]
-9.81024169921875,-9.922643661499023,-10.020923614501953,-10.058460235595703,-10.169861793518066,-10.266796112060547,-10.356656074523926,-10.437809944152832,-10.513643264770508,-10.592292785644531,-10.65307331085205,-10.712716102600098,-10.768568992614746,-10.831061363220215,-10.879648208618164,-10.923040390014648,-10.961636543273926,-11.005073547363281,-11.035896301269531,-11.043691635131836,-11.034013748168945,-10.99905776977539,-10.93404769897461,-10.80744743347168,-10.624231338500977,-10.382126808166504,-10.008891105651855,-9.366491317749023,-7.540057182312012,-2.91778564453125,-2.8055853843688965,-1.971063256263733,-1.4807875156402588,-0.46120017766952515,-1.0416085720062256,1.0505656003952026,0.29683104157447815,-0.026182860136032104,-0.07193314284086227,-0.7168609499931335,-1.2660293579101562,0.3753194510936737,1.2947971820831299
-9.826385498046875,-9.934392929077148,-10.030116081237793,-10.071673393249512,-10.178166389465332,-10.26746654510498,-10.348499298095703,-10.42338752746582,-10.498716354370117,-10.565357208251953,-10.634405136108398,-10.692606925964355,-10.755176544189453,-10.813773155212402,-10.870893478393555,-10.92082405090332,-10.966695785522461,-11.002251625061035,-11.026138305664062,-11.031450271606445,-11.015214920043945,-10.973298072814941,-10.888163566589355,-10.719611167907715,-10.50735855102539,-10.197070121765137,-9.712544441223145,-8.957615852355957,-3.5828866958618164,-2.8725051879882812,-1.228858232498169,-1.0959566831588745,-0.8668445944786072,-0.09225399792194366,-0.06778775155544281,-1.4093847274780273,-0.9293837547302246,-0.8981814980506897,0.17008958756923676,0.31310081481933594,-0.30217090249061584,-0.8439823389053345,-0.7063754796981812
-9.834283828735352,-9.937459945678711,-10.02774429321289,-10.075202941894531,-10.170392990112305,-10.253725051879883,-10.332649230957031,-10.40876293182373,-10.480724334716797,-10.543697357177734,-10.608708381652832,-10.673145294189453,-10.740021705627441,-10.799606323242188,-10.86088752746582,-10.913309097290039,-10.959070205688477,-10.987236976623535,-11.008828163146973,-11.008476257324219,-10.984201431274414,-10.924697875976562,-10.81088638305664,-10.618633270263672,-10.366227149963379,-9.985078811645508,-9.389984130859375,-7.168431282043457,-3.0324666500091553,-2.55086088180542,-1.7490742206573486,-1.1337977647781372,-0.4604984223842621,-0.06766561418771744,-0.36552369594573975,0.03561733663082123,0.6937403082847595,-0.22958260774612427,-0.943448543548584,-1.7642946243286133,-1.091794729232788,-1.014212965965271,-2.1720685958862305
-9.83367919921875,-9.929939270019531,-10.015825271606445,-10.065347671508789,-10.156855583190918,-10.23898696899414,-10.316154479980469,-10.383330345153809,-10.454225540161133,-10.515647888183594,-10.583532333374023,-10.65133285522461,-10.716148376464844,-10.779189109802246,-10.836374282836914,-10.895825386047363,-10.931412696838379,-10.962392807006836,-10.97542953491211,-10.963852882385254,-10.931280136108398,-10.854433059692383,-10.715927124023438,-10.507709503173828,-10.201105117797852,-9.728450775146484,-9.043914794921875,-3.720125675201416,-3.094745635986328,-2.3733153343200684,-1.4465535879135132,-1.0950051546096802,-0.44452816247940063,0.06076687201857567,-0.03640659898519516,0.8664835691452026,0.14851804077625275,-0.22151434421539307,0.5963971614837646,-0.34802961349487305,-0.1637953370809555,0.058432694524526596,1.5314322710037231
-9.825170516967773,-9.915506362915039,-9.997987747192383,-10.056175231933594,-10.142849922180176,-10.219172477722168,-10.284677505493164,-10.358777046203613,-10.416520118713379,-10.490313529968262,-10.553483009338379,-10.62486743927002,-10.687163352966309,-10.748574256896973,-10.814774513244629,-10.860742568969727,-10.901681900024414,-10.926214218139648,-10.923454284667969,-10.911575317382812,-10.86581802368164,-10.767660140991211,-10.604521751403809,-10.360610008239746,-9.992578506469727,-9.434391975402832,-8.128044128417969,-3.493438720703125,-2.9160101413726807,-2.4437456130981445,-1.4663387537002563,-0.7563625574111938,-0.6740515828132629,-1.0210394859313965,-0.4722253680229187,0.6183773279190063,0.9080782532691956,0.17887447774410248,-1.1790907382965088,0.42850789427757263,0.949282169342041,-0.35538509488105774,-1.3700965642929077
-9.809243202209473,-9.893223762512207,-9.975398063659668,-10.043676376342773,-10.121295928955078,-10.190289497375488,-10.25714111328125,-10.32473087310791,-10.396524429321289,-10.452950477600098,-10.52519416809082,-10.590288162231445,-10.660526275634766,-10.716598510742188,-10.776521682739258,-10.830175399780273,-10.862041473388672,-10.874815940856934,-10.872261047363281,-10.841054916381836,-10.775732040405273,-10.661349296569824,-10.473001480102539,-10.181269645690918,-9.74172592163086,-9.09199047088623,-4.197914123535156,-3.5978732109069824,-3.013853073120117,-2.292924404144287,-1.8086339235305786,-0.7292327880859375,-0.8492929935455322,0.07538043707609177,0.17200016975402832,-0.28471046686172485,-0.2374909520149231,0.6411222219467163,-0.41733700037002563,0.024029690772294998,0.9546257853507996,0.7188742160797119,-0.49659794569015503
-9.786324501037598,-9.86473274230957,-9.943614959716797,-10.01547908782959,-10.090764999389648,-10.156001091003418,-10.229711532592773,-10.294527053833008,-10.356085777282715,-10.422449111938477,-10.489402770996094,-10.557162284851074,-10.617733001708984,-10.673746109008789,-10.729936599731445,-10.776185989379883,-10.805282592773438,-10.81649398803711,-10.810417175292969,-10.76572036743164,-10.680633544921875,-10.539024353027344,-10.312051773071289,-9.964025497436523,-9.131939888000488,-6.851712226867676,-3.591437578201294,-3.427328586578369,-2.7134523391723633,-1.9673558473587036,-1.8223607540130615,-0.938485324382782,-1.9875555038452148,-0.09317860752344131,-0.05901000648736954,-0.7204797267913818,-0.5114402770996094,-1.1510982513427734,0.3801778554916382,-0.8098456263542175,-0.4256739318370819,-0.4758969843387604,-0.3535705506801605
-9.758389472961426,-9.832100868225098,-9.908555030822754,-9.987072944641113,-10.05460262298584,-10.122840881347656,-10.194164276123047,-10.256874084472656,-10.317630767822266,-10.388849258422852,-10.451858520507812,-10.51067066192627,-10.566744804382324,-10.6253662109375,-10.676613807678223,-10.711444854736328,-10.75094223022461,-10.750163078308105,-10.731595993041992,-10.677128791809082,-10.572145462036133,-10.398285865783691,-10.138166427612305,-9.76569938659668,-7.848946571350098,-4.357532024383545,-3.469316005706787,-3.420008659362793,-2.7897305488586426,-2.0556013584136963,-1.357633113861084,-0.4601462185382843,-0.8815453052520752,0.00015192991122603416,0.5526520013809204,0.41845282912254333,0.45358267426490784,0.6515660285949707,-0.00305921514518559,-1.0869499444961548,-1.4742436408996582,0.6270250082015991,0.3448363244533539
-9.724924087524414,-9.794029235839844,-9.868560791015625,-9.949928283691406,-10.019323348999023,-10.091520309448242,-10.151310920715332,-10.217347145080566,-10.288226127624512,-10.353172302246094,-10.410613059997559,-10.46545696258545,-10.506280899047852,-10.545792579650879,-10.54652214050293,-10.650636672973633,-10.67244815826416,-10.67361068725586,-10.64771842956543,-10.575546264648438,-10.441709518432617,-10.24768352508545,-9.956918716430664,-9.509449005126953,-7.4631757736206055,-3.9494950771331787,-3.3593552112579346,-3.1358277797698975,-2.206042766571045,-1.840409278869629,-1.0840303897857666,-0.6544797420501709,-0.6066762208938599,0.6590456962585449,1.0172686576843262,-0.1369459629058838,-0.24282628297805786,-0.6371573209762573,-0.060830406844615936,0.4973059892654419,0.5486165285110474,-0.47987839579582214,-0.8853514194488525
-9.686005592346191,-9.751845359802246,-9.824461936950684,-9.909738540649414,-9.985153198242188,-10.0504150390625,-10.116944313049316,-10.17939281463623,-10.256758689880371,-10.311320304870605,-10.373642921447754,-10.424458503723145,-10.459312438964844,-10.472687721252441,-9.971200942993164,-10.449923515319824,-10.583612442016602,-10.59111213684082,-10.541532516479492,-10.449850082397461,-10.304540634155273,-10.089129447937012,-9.74487590789795,-9.043865203857422,-4.173922538757324,-3.5240278244018555,-3.4337286949157715,-2.9917795658111572,-2.119535207748413,-1.4618608951568604,-0.984990119934082,0.23975329101085663,0.18659253418445587,0.7150553464889526,0.7200174927711487,-0.009320671670138836,-0.2854248285293579,0.36938390135765076,0.4310983121395111,2.0591886043548584,1.108105182647705,0.7271766662597656,0.6204996705055237
-9.642094612121582,-9.704962730407715,-9.778179168701172,-9.876076698303223,-9.94765853881836,-10.015923500061035,-10.0722074508667,-10.150398254394531,-10.206089973449707,-10.275824546813965,-10.339303016662598,-10.400205612182617,-10.475128173828125,-9.410904884338379,-9.737251281738281,-8.114760398864746,-10.433313369750977,-10.49183464050293,-10.429296493530273,-10.322757720947266,-10.16562271118164,-9.913017272949219,-9.530588150024414,-7.978954315185547,-3.7366995811462402,-3.5078747272491455,-3.1959054470062256,-2.8591392040252686,-1.9251019954681396,-1.3280044794082642,-1.433866024017334,1.2226718664169312,-0.25169217586517334,-0.8096460103988647,-0.3757217526435852,-0.12363870441913605,0.32246068120002747,0.2768474221229553,-0.9095015525817871,-0.6554534435272217,0.42244112491607666,-1.2022037506103516,-0.24922655522823334
-9.594999313354492,-9.6547269821167,-9.729955673217773,-9.840950012207031,-9.907289505004883,-9.972591400146484,-10.042387962341309,-10.109743118286133,-10.170065879821777,-10.226585388183594,-10.30127239227295,-10.363991737365723,-10.352078437805176,-10.482182502746582,-6.655587196350098,-8.319565773010254,-10.721514701843262,-10.378674507141113,-10.309736251831055,-10.189664840698242,-10.005328178405762,-9.723183631896973,-9.26525592803955,-7.521475315093994,-3.4604995250701904,-3.4806442260742188,-3.0672810077667236,-2.7122676372528076,-1.41586434841156,-2.057191848754883,-0.8817864656448364,-0.44249147176742554,1.239559531211853,0.23018264770507812,0.10852094739675522,-0.27217668294906616,0.16771036386489868,-0.8603367805480957,1.1044011116027832,0.36813884973526,-0.09303382784128189,0.2438645362854004,-0.9291086792945862
-9.546159744262695,-9.603736877441406,-9.679276466369629,-9.799070358276367,-9.858131408691406,-9.92658805847168,-9.994935989379883,-10.055559158325195,-10.1198091506958,-10.188438415527344,-10.243071556091309,-10.308072090148926,-10.255393981933594,-10.156484603881836,-8.749553680419922,-10.104528427124023,-10.474471092224121,-10.28173542022705,-10.185572624206543,-10.04554557800293,-9.835906028747559,-9.504242897033691,-8.894375801086426,-7.3414506912231445,-3.59013295173645,-3.0808920860290527,-2.887791872024536,-2.0288498401641846,-1.287261962890625,-1.1536526679992676,-0.019205275923013687,-0.5881200432777405,-0.43475455045700073,-0.4753693640232086,0.0993744358420372,1.1858315467834473,1.20976722240448,0.3073536455631256,-1.347206473350525,-0.7982029318809509,0.5520102977752686,0.6772277355194092,-0.8096487522125244
-9.496612548828125,-9.551132202148438,-9.626958847045898,-9.753349304199219,-9.81394100189209,-9.884391784667969,-9.946189880371094,-10.006999969482422,-10.068204879760742,-10.132189750671387,-10.176761627197266,-10.189842224121094,-10.193939208984375,-9.66958999633789,-9.894917488098145,-10.25281047821045,-10.293352127075195,-10.180290222167969,-10.055023193359375,-9.891839981079102,-9.628448486328125,-9.263301849365234,-8.47854995727539,-7.568701267242432,-3.613518238067627,-2.8692781925201416,-2.807457447052002,-2.4018490314483643,-1.1129417419433594,-0.5669944286346436,0.12487457692623138,0.8072456121444702,-0.46773260831832886,0.27743884921073914,0.2187473177909851,-1.1069415807724,-1.5368369817733765,-0.07756917178630829,-1.6166423559188843,-0.10711489617824554,-1.0910310745239258,-1.0852088928222656,-0.2518213987350464
-9.444546699523926,-9.497518539428711,-9.572308540344238,-9.702871322631836,-9.762872695922852,-9.823836326599121,-9.888433456420898,-9.951601028442383,-10.01220417022705,-10.066353797912598,-10.111869812011719,-10.103734970092773,-10.033225059509277,-7.794168472290039,-10.077138900756836,-10.2189302444458,-10.166118621826172,-10.064508438110352,-9.917951583862305,-9.714559555053711,-9.423585891723633,-9.002643585205078,-8.156614303588867,-7.531238079071045,-3.4181325435638428,-2.933098793029785,-2.810939311981201,-2.4084722995758057,-1.2548373937606812,-0.5960246920585632,0.7851818799972534,-1.459532380104065,-1.0849545001983643,-0.23005445301532745,-1.1716117858886719,-0.43515798449516296,-0.2859448492527008,0.9181078672409058,0.40874379873275757,-0.7090122699737549,-0.08385801315307617,-0.3896932005882263,-0.8663197159767151
-9.389184951782227,-9.441665649414062,-9.51684284210205,-9.647476196289062,-9.707457542419434,-9.769937515258789,-9.832185745239258,-9.884511947631836,-9.945345878601074,-9.990718841552734,-10.002187728881836,-10.00952434539795,-9.769828796386719,-9.711162567138672,-10.06869888305664,-10.091879844665527,-10.026398658752441,-9.92630672454834,-9.766471862792969,-9.539855003356934,-9.224536895751953,-8.725162506103516,-7.950715065002441,-6.671152591705322,-3.817124605178833,-2.810199499130249,-2.1394238471984863,-2.234776735305786,-1.4839401245117188,-0.9510155916213989,-0.7547624111175537,-0.7856656312942505,-0.5136675834655762,-0.8771520853042603,0.6853144764900208,-0.7436937689781189,-0.35652613639831543,0.6096861958503723,1.3338030576705933,-0.2070755511522293,-0.4604584574699402,-0.528995156288147,-0.8475233316421509
-9.334185600280762,-9.384332656860352,-9.459268569946289,-9.587403297424316,-9.650821685791016,-9.714132308959961,-9.768680572509766,-9.826725006103516,-9.869285583496094,-9.900564193725586,-9.897741317749023,-9.830961227416992,-9.552980422973633,-9.94858169555664,-10.004006385803223,-9.96657657623291,-9.89400863647461,-9.779963493347168,-9.610027313232422,-9.362688064575195,-9.025424003601074,-8.453215599060059,-7.811900615692139,-6.3040690422058105,-3.1602423191070557,-2.8435463905334473,-2.0788753032684326,-2.063080072402954,-1.8346686363220215,-0.5545681118965149,-0.7872661352157593,0.08752909302711487,-0.16758200526237488,-0.4868006110191345,-1.017667293548584,0.17997556924819946,0.34847792983055115,-1.5504298210144043,-0.8296539783477783,1.0619761943817139,0.7412422895431519,-0.04773751646280289,-0.7231000661849976
-9.279112815856934,-9.326848983764648,-9.398815155029297,-9.53788948059082,-9.588298797607422,-9.653958320617676,-9.706254959106445,-9.758136749267578,-9.796548843383789,-9.80965518951416,-9.802240371704102,-9.708623886108398,-9.903154373168945,-9.839505195617676,-9.87878131866455,-9.83104419708252,-9.751481056213379,-9.621719360351562,-9.446197509765625,-9.187532424926758,-8.82323169708252,-8.212952613830566,-7.650087356567383,-4.306715965270996,-3.057178020477295,-2.6800026893615723,-2.2777607440948486,-2.462512731552124,-1.216392159461975,-1.6968019008636475,-0.047519437968730927,-0.9580280780792236,0.3400012254714966,-0.7839858531951904,-0.309758722782135,-0.3242272436618805,-1.2129855155944824,-0.31432318687438965,-0.3284507393836975,-0.8847576379776001,-1.270024061203003,-1.3857522010803223,-1.0614070892333984
-9.223442077636719,-9.268604278564453,-9.341058731079102,-9.48050308227539,-9.536918640136719,-9.590737342834473,-9.637238502502441,-9.68002986907959,-9.715649604797363,-9.727409362792969,-9.694754600524902,-9.170693397521973,-9.880549430847168,-9.743244171142578,-9.739128112792969,-9.684934616088867,-9.600760459899902,-9.46945858001709,-9.275221824645996,-9.007100105285645,-8.617768287658691,-8.019639015197754,-7.352151870727539,-4.742891311645508,-3.4541923999786377,-2.8420944213867188,-2.1534504890441895,-2.1399195194244385,-2.213970184326172,-0.3452725112438202,-1.054457187652588,-1.1518988609313965,-0.6785634756088257,-0.5358784198760986,0.13427583873271942,-0.4236263036727905,-1.1976170539855957,-0.026529621332883835,0.3574713468551636,-0.33566340804100037,-0.11471288651227951,-0.7316094040870667,-0.9332729578018188
