wind_JJA_night_3x3.json
{"header": {"parameterCategory": 2, "parameterUnit": "m/s", "nx": 74, "ny": 94, "lo1": 118.693, "la1": 26.2568353691, "lo2": 123.2203272787, "la2": 21.0494, "dx": 0.0620181819, "dy": 0.0559939287, "refTime": "2025-01-01 00:00:00", "forecastTime": 0, "parameterNumber": 2}, "data":
[rows 19 to 37 of 94, columns 0 to 42 of 74]
1.1675745248794556,0.9733647108078003,0.8405388593673706,0.7837465405464172,0.775624692440033,1.401181697845459,1.4385260343551636,1.0373202562332153,1.4379671812057495,1.2582765817642212,1.9714577198028564,2.005809783935547,1.9235222339630127,1.310118317604065,1.7120803594589233,1.8793004751205444,1.8343080282211304,1.8269191980361938,1.838413119316101,1.8567185401916504,1.8757741451263428,1.915218472480774,1.9396891593933105,1.9597856998443604,1.9824817180633545,2.0233709812164307,2.0473759174346924,2.106779098510742,2.164860248565674,2.2309906482696533,2.3161838054656982,2.398765802383423,2.500087261199951,2.6014232635498047,2.7092127799987793,2.8113620281219482,2.907745122909546,3.001850128173828,3.0328617095947266,2.970198154449463,2.8191733360290527,2.5643863677978516,2.236025333404541
0.7260714173316956,1.157160997390747,0.9638791084289551,0.6857461333274841,0.9437472224235535,1.3107819557189941,0.8735150694847107,1.0556458234786987,1.933993935585022,2.000088930130005,1.9372854232788086,1.965247392654419,1.9951242208480835,1.9819185733795166,1.9506394863128662,1.8572628498077393,1.8238022327423096,1.8245782852172852,1.8308391571044922,1.850422739982605,1.8621522188186646,1.9110099077224731,1.9529516696929932,1.9685585498809814,1.9988067150115967,2.0328266620635986,2.0683274269104004,2.1227355003356934,2.191936731338501,2.2713191509246826,2.3512356281280518,2.4450745582580566,2.56148099899292,2.6626341342926025,2.776623249053955,2.8817079067230225,2.991917610168457,3.0952858924865723,3.0996391773223877,2.991668224334717,2.6253039836883545,2.054792881011963,1.6552507877349854
0.7668553590774536,1.0803768634796143,0.7409253120422363,1.0256692171096802,1.228996992111206,1.3944984674453735,1.6948214769363403,1.8300708532333374,1.9034019708633423,1.945749282836914,1.898686170578003,1.917626142501831,1.9534580707550049,1.8907649517059326,1.8415569067001343,1.8226735591888428,1.814308524131775,1.8237158060073853,1.8236418962478638,1.8463335037231445,1.8703246116638184,1.9166628122329712,1.954643964767456,1.9829927682876587,2.0166544914245605,2.048215627670288,2.0943474769592285,2.155179500579834,2.2174243927001953,2.3025622367858887,2.3807926177978516,2.4957289695739746,2.60734224319458,2.710695266723633,2.826627254486084,2.9474172592163086,3.0593743324279785,3.1240921020507812,3.0538177490234375,2.423959732055664,1.3449729681015015,0.9082098007202148,0.2240879237651825
0.858919084072113,0.7065688371658325,0.63902747631073,0.5910281538963318,0.8722313642501831,1.3690730333328247,1.7673192024230957,2.112147569656372,1.9528942108154297,1.8885287046432495,1.8606221675872803,1.8806298971176147,1.8811970949172974,1.8276927471160889,1.8047494888305664,1.8109610080718994,1.8074350357055664,1.8157292604446411,1.8285882472991943,1.8349660634994507,1.875523328781128,1.913928747177124,1.9454528093338013,1.9686895608901978,1.9984978437423706,2.0592288970947266,2.097468376159668,2.1636383533477783,2.2368688583374023,2.3213326930999756,2.423619031906128,2.5184805393218994,2.623034715652466,2.7253928184509277,2.852473258972168,2.9716153144836426,3.0649867057800293,3.0377120971679688,1.9767974615097046,0.8482128381729126,1.1376818418502808,0.8219510316848755,0.8970017433166504
0.6731756925582886,0.5713517665863037,0.6182070374488831,0.6987578868865967,0.8372865915298462,1.5588606595993042,1.938832402229309,1.9352805614471436,1.8995169401168823,1.861754059791565,1.8378510475158691,1.8418723344802856,1.8147577047348022,1.7991454601287842,1.7738158702850342,1.790910243988037,1.8140318393707275,1.8211162090301514,1.8312945365905762,1.8534293174743652,1.8720059394836426,1.8991373777389526,1.9262316226959229,1.9586890935897827,1.9983446598052979,2.0422749519348145,2.1029815673828125,2.1696815490722656,2.2483363151550293,2.320769786834717,2.4134044647216797,2.5156190395355225,2.617905378341675,2.7175235748291016,2.851827383041382,2.9723894596099854,3.0261640548706055,2.8896536827087402,0.9675551056861877,0.8741111755371094,1.089237093925476,0.7783471941947937,0.3024192452430725
0.593517541885376,0.6112653017044067,0.78932785987854,0.9284817576408386,1.4503923654556274,1.957650899887085,1.969433307647705,1.9247609376907349,1.8746826648712158,1.8381097316741943,1.8264546394348145,1.8094285726547241,1.7990179061889648,1.7874139547348022,1.7890820503234863,1.7844610214233398,1.803192377090454,1.8107675313949585,1.8335685729980469,1.851048231124878,1.8562839031219482,1.8775254487991333,1.91134512424469,1.9546022415161133,1.9898707866668701,2.0290753841400146,2.091036319732666,2.1568350791931152,2.2397186756134033,2.3057360649108887,2.3886537551879883,2.490631103515625,2.5781846046447754,2.6849071979522705,2.8186259269714355,2.9044084548950195,2.855623960494995,1.3690049648284912,0.5288122296333313,0.7860718369483948,0.6126426458358765,0.3902983069419861,0.0036900180857628584
0.8223124742507935,1.1666630506515503,1.8126184940338135,2.1275086402893066,2.1365249156951904,2.0240745544433594,1.9610648155212402,1.904862403869629,1.8683916330337524,1.8282842636108398,1.8150274753570557,1.802293300628662,1.7853190898895264,1.7861385345458984,1.7836401462554932,1.7849177122116089,1.7949600219726562,1.807829737663269,1.8239350318908691,1.8270866870880127,1.8316264152526855,1.8446177244186401,1.8931388854980469,1.9472811222076416,1.9714912176132202,2.0302717685699463,2.077562093734741,2.1467068195343018,2.218491792678833,2.282014846801758,2.361015796661377,2.4312987327575684,2.516223907470703,2.6376781463623047,2.7234487533569336,2.7275543212890625,2.41622257232666,1.0316444635391235,-0.15700122714042664,0.5366124510765076,0.7252023220062256,0.6604339480400085,-0.12673670053482056
1.1155612468719482,1.6312986612319946,1.8862156867980957,1.9445745944976807,1.9518311023712158,1.9864699840545654,1.9403722286224365,1.8907122611999512,1.8506836891174316,1.8348498344421387,1.8087917566299438,1.7797026634216309,1.7835862636566162,1.7907217741012573,1.7861042022705078,1.779783844947815,1.7813255786895752,1.793638825416565,1.8018267154693604,1.7932217121124268,1.80950927734375,1.8268842697143555,1.8799980878829956,1.9227690696716309,1.9611470699310303,2.005821704864502,2.053539752960205,2.102283477783203,2.166109561920166,2.222106456756592,2.2994959354400635,2.3393094539642334,2.432776927947998,2.517946720123291,2.5099775791168213,2.4242234230041504,1.8197885751724243,0.5828519463539124,-0.6735343337059021,0.0851420909166336,-0.011286962777376175,0.8295987844467163,-0.07280339300632477
1.0045568943023682,1.2386155128479004,1.8165210485458374,1.9287558794021606,1.9810967445373535,1.9645568132400513,1.9154022932052612,1.8818978071212769,1.8488909006118774,1.826157569885254,1.7908931970596313,1.7678993940353394,1.7772988080978394,1.7732415199279785,1.7723830938339233,1.7703158855438232,1.7533745765686035,1.760412335395813,1.7728428840637207,1.76446533203125,1.7864019870758057,1.8196414709091187,1.8617123365402222,1.8973126411437988,1.946225643157959,1.971174716949463,2.0055150985717773,2.0529112815856934,2.0938332080841064,2.138043165206909,2.1741108894348145,2.2195687294006348,2.315643787384033,2.3113832473754883,2.137540817260742,1.7461481094360352,0.8639386892318726,0.15065355598926544,0.0023322878405451775,-0.24275195598602295,0.1943962275981903,-0.5260918736457825,0.12222401797771454
1.1035597324371338,1.665258526802063,1.872124195098877,1.9768251180648804,1.9609466791152954,1.9225178956985474,1.8938305377960205,1.8704314231872559,1.8209888935089111,1.8006839752197266,1.7747113704681396,1.7605211734771729,1.7624752521514893,1.756765604019165,1.7426718473434448,1.745164155960083,1.7198309898376465,1.723002314567566,1.72281813621521,1.7381678819656372,1.7580463886260986,1.7895023822784424,1.8391274213790894,1.8800883293151855,1.9042329788208008,1.9461517333984375,1.9639371633529663,1.9819936752319336,2.012604236602783,2.010066032409668,2.0330066680908203,2.1166419982910156,2.1483864784240723,1.9729868173599243,1.4191813468933105,0.6044045686721802,0.7566059231758118,0.031770993024110794,-0.8323934078216553,-0.9232881665229797,-0.7815582752227783,-1.015113115310669,-0.5347030758857727
1.490176796913147,1.8182717561721802,1.9420067071914673,1.9684243202209473,1.923569917678833,1.8790013790130615,1.8635244369506836,1.8422900438308716,1.8106001615524292,1.8022217750549316,1.7673355340957642,1.754104495048523,1.7423239946365356,1.7272677421569824,1.7308940887451172,1.7121076583862305,1.6966787576675415,1.6892836093902588,1.6970089673995972,1.7028701305389404,1.7252483367919922,1.7620023488998413,1.8210405111312866,1.853367805480957,1.8754451274871826,1.8994483947753906,1.89723539352417,1.895555853843689,1.899498701095581,1.8706226348876953,1.8891876935958862,1.9758501052856445,1.8876763582229614,1.3185827732086182,0.26250723004341125,0.4050011932849884,0.5925809144973755,-0.10853061079978943,-0.26905709505081177,-0.46427711844444275,-0.30103957653045654,-0.37828484177589417,0.41685694456100464
1.8052701950073242,1.877260446548462,1.8677468299865723,1.9160819053649902,1.8780254125595093,1.8504979610443115,1.845786690711975,1.820013165473938,1.8086810111999512,1.7930316925048828,1.7650251388549805,1.7577329874038696,1.7435370683670044,1.7245945930480957,1.709824800491333,1.6759135723114014,1.6535093784332275,1.650949239730835,1.6511554718017578,1.6680548191070557,1.6836885213851929,1.7431941032409668,1.7989039421081543,1.825390338897705,1.841944932937622,1.8336998224258423,1.80635404586792,1.7772594690322876,1.7343528270721436,1.7195461988449097,1.7533724308013916,1.768221139907837,1.4301631450653076,0.3204026222229004,0.448440819978714,0.0770072415471077,0.13707692921161652,0.36588189005851746,-0.8881087899208069,0.037896450608968735,-0.697317898273468,0.7417866587638855,0.029770243912935257
1.9017372131347656,1.8241924047470093,1.7978806495666504,1.8681265115737915,1.8604975938796997,1.8282268047332764,1.8064132928848267,1.8025062084197998,1.785947322845459,1.770528793334961,1.759028434753418,1.7427375316619873,1.709113359451294,1.692081093788147,1.6736904382705688,1.6423091888427734,1.6127631664276123,1.6075609922409058,1.6204038858413696,1.6349232196807861,1.6749241352081299,1.7185245752334595,1.7687240839004517,1.7936729192733765,1.785506010055542,1.7503670454025269,1.6922246217727661,1.6368482112884521,1.5776383876800537,1.5537729263305664,1.605954885482788,1.4669674634933472,0.5213454365730286,0.024586472660303116,0.3546326756477356,-0.32496726512908936,-0.00966041348874569,-0.1256762593984604,-0.7970629334449768,-0.7176234722137451,-0.7671340107917786,-0.5061967372894287,-0.20705612003803253
1.6604654788970947,1.7051103115081787,1.754237413406372,1.8473325967788696,1.8340046405792236,1.824703574180603,1.802781105041504,1.7881605625152588,1.7597792148590088,1.7469100952148438,1.7260878086090088,1.6998260021209717,1.6659021377563477,1.6460984945297241,1.6294562816619873,1.5966774225234985,1.565566062927246,1.5740543603897095,1.5833677053451538,1.6053932905197144,1.6473886966705322,1.702804446220398,1.7411407232284546,1.739741325378418,1.7085943222045898,1.643608570098877,1.5693247318267822,1.4962658882141113,1.389463186264038,1.3861095905303955,1.4275356531143188,1.1170687675476074,0.183430016040802,-0.242015078663826,-0.13929958641529083,-1.3732702732086182,-0.959282398223877,-0.7459994554519653,-1.103795051574707,-0.321564257144928,-1.1286380290985107,-0.7693566679954529,0.740027904510498
1.591457724571228,1.661257266998291,1.725035548210144,1.815195083618164,1.8089244365692139,1.7927800416946411,1.7807625532150269,1.7695114612579346,1.7306866645812988,1.7103826999664307,1.6902590990066528,1.659401774406433,1.6267502307891846,1.6018822193145752,1.5698580741882324,1.5431265830993652,1.5110721588134766,1.5223922729492188,1.5505449771881104,1.5801060199737549,1.6280152797698975,1.6951128244400024,1.7221204042434692,1.6920685768127441,1.6514333486557007,1.5499188899993896,1.4283380508422852,1.3132238388061523,1.2029510736465454,1.217518925666809,1.1800543069839478,0.5050757527351379,-0.5214762091636658,-0.2959221601486206,-0.19275672733783722,-0.034030571579933167,-1.2346365451812744,-0.9776865243911743,-0.35222136974334717,-0.754504382610321,-0.6335684657096863,-0.9261200428009033,0.4981144368648529
1.6114766597747803,1.6450977325439453,1.6875900030136108,1.7768588066101074,1.7789226770401,1.7804089784622192,1.7587534189224243,1.7472922801971436,1.7122557163238525,1.680914282798767,1.6483163833618164,1.6319491863250732,1.583971619606018,1.553905725479126,1.5163105726242065,1.483795166015625,1.4661580324172974,1.4762639999389648,1.5210448503494263,1.5532652139663696,1.6111823320388794,1.6587519645690918,1.6947221755981445,1.647911548614502,1.5748709440231323,1.4424352645874023,1.29105806350708,1.123518466949463,0.995539665222168,1.0588068962097168,0.8140685558319092,0.1515839844942093,-0.9665719270706177,-0.9793752431869507,-0.3255714476108551,-0.5277559757232666,-0.8598504066467285,-0.870981752872467,-0.7773045897483826,-1.0368911027908325,-1.2634470462799072,-0.12660351395606995,-0.2789926528930664
1.563983678817749,1.5973351001739502,1.645704984664917,1.753535509109497,1.7515596151351929,1.7565598487854004,1.7432386875152588,1.7199044227600098,1.6817760467529297,1.6506786346435547,1.6127344369888306,1.5774102210998535,1.543454647064209,1.5079975128173828,1.4909636974334717,1.4635145664215088,1.437399983406067,1.4533571004867554,1.4895100593566895,1.530184268951416,1.5900647640228271,1.643002986907959,1.646224021911621,1.596653938293457,1.4668692350387573,1.3159289360046387,1.1278260946273804,0.8879344463348389,0.7845243215560913,0.8862783312797546,0.2813700735569,-0.01194729283452034,0.00508522242307663,-0.18762239813804626,-0.23426474630832672,-1.2352330684661865,-0.7498518824577332,-0.6369016170501709,-1.7797636985778809,-0.7851908802986145,-0.5636603832244873,0.37947165966033936,-0.33452898263931274
1.5324339866638184,1.564378023147583,1.6170614957809448,1.7406808137893677,1.7338593006134033,1.7288461923599243,1.7161582708358765,1.6906648874282837,1.659348726272583,1.6185449361801147,1.5722562074661255,1.5225563049316406,1.487185001373291,1.4774256944656372,1.4564467668533325,1.4438625574111938,1.4332443475723267,1.4498804807662964,1.482645869255066,1.5137062072753906,1.5855910778045654,1.6191860437393188,1.611877202987671,1.5191967487335205,1.35689377784729,1.1709495782852173,0.924292802810669,0.6714555025100708,0.5651330351829529,0.5859806537628174,0.3807661831378937,0.21488186717033386,0.2783786952495575,-0.13905736804008484,0.3732920289039612,-0.6107319593429565,-0.5011131763458252,-1.6923489570617676,-0.6147414445877075,-0.411253422498703,-0.20279443264007568,-0.5069900155067444,-1.1941003799438477
1.5197498798370361,1.5485759973526,1.6031150817871094,1.734049677848816,1.7194435596466064,1.692007064819336,1.6927297115325928,1.6634013652801514,1.6229597330093384,1.5673768520355225,1.5324257612228394,1.4848871231079102,1.461658000946045,1.427961826324463,1.428091049194336,1.425614356994629,1.4188979864120483,1.435349941253662,1.4777703285217285,1.514662504196167,1.56797194480896,1.6064248085021973,1.5561503171920776,1.4380543231964111,1.257453441619873,1.0055789947509766,0.7105296850204468,0.42284485697746277,0.3903849422931671,0.41573792695999146,0.1619729995727539,0.2916427552700043,0.1976088434457779,-1.187795877456665,0.3879602551460266,-1.4693564176559448,-1.2356147766113281,-0.3648579716682434,-0.6653326153755188,-0.664211094379425,0.29931890964508057,-0.7437610626220703,-0.08646000921726227
