wind_DJF_avg_native.json
{"header": {"parameterCategory": 2, "parameterUnit": "m/s", "nx": 220, "ny": 280, "lo1": 118.693, "la1": 26.2568353691, "lo2": 123.2203272787, "la2": 21.0494, "dx": 0.0206727273, "dy": 0.0186646429, "refTime": "2025-01-01 00:00:00", "forecastTime": 0, "parameterNumber": 3}, "data":
[rows 247 to 265 of 280, columns 0 to 42 of 220]
-6.141189098358154,-6.104215621948242,-6.073418617248535,-6.046329498291016,-6.030865669250488,-6.038022041320801,-6.086392402648926,-6.187824726104736,-6.326671600341797,-6.413989543914795,-6.337055206298828,-6.329087257385254,-6.288227081298828,-6.271351337432861,-6.236867904663086,-6.202888488769531,-6.162442207336426,-6.125006198883057,-6.085518836975098,-6.042532920837402,-5.995673179626465,-5.949909210205078,-5.904892921447754,-5.859697341918945,-5.815455436706543,-5.774537086486816,-5.733906269073486,-5.689065933227539,-5.639501571655273,-5.587715148925781,-5.5343122482299805,-5.484023094177246,-5.436347961425781,-5.388754844665527,-5.339073181152344,-5.292262077331543,-5.244148254394531,-5.19017219543457,-5.138889789581299,-5.088143348693848,-5.0341644287109375,-4.982744216918945,-4.934320449829102
-6.081484794616699,-6.043038368225098,-6.011573791503906,-5.984349250793457,-5.969120502471924,-5.9774370193481445,-6.028189659118652,-6.133624076843262,-6.274742603302002,-6.358391761779785,-6.281844139099121,-6.275647163391113,-6.233616828918457,-6.210915565490723,-6.172812461853027,-6.1391448974609375,-6.100124835968018,-6.06523323059082,-6.026731491088867,-5.9824724197387695,-5.933679580688477,-5.887864589691162,-5.847671031951904,-5.80441951751709,-5.760257720947266,-5.718496322631836,-5.675290107727051,-5.6290178298950195,-5.578890800476074,-5.52620792388916,-5.476223945617676,-5.429869651794434,-5.384720802307129,-5.340346336364746,-5.293266296386719,-5.244658470153809,-5.19142484664917,-5.139591217041016,-5.092970848083496,-5.039240837097168,-4.9842047691345215,-4.932765960693359,-4.88358211517334
-6.02901554107666,-5.990896224975586,-5.959562301635742,-5.932063102722168,-5.917162895202637,-5.926513671875,-5.9778242111206055,-6.081865310668945,-6.2202606201171875,-6.303459644317627,-6.23075532913208,-6.223560333251953,-6.17657995223999,-6.151172637939453,-6.111783027648926,-6.077586650848389,-6.038095474243164,-6.00285530090332,-5.963705539703369,-5.920538425445557,-5.875158309936523,-5.832777976989746,-5.793414115905762,-5.750039100646973,-5.704978942871094,-5.661087512969971,-5.617196083068848,-5.572304725646973,-5.523387908935547,-5.473143577575684,-5.426980972290039,-5.381180763244629,-5.335261344909668,-5.290006637573242,-5.242697715759277,-5.195090293884277,-5.146200656890869,-5.099730968475342,-5.050771713256836,-4.993228912353516,-4.937808990478516,-4.885838031768799,-4.83612060546875
-5.9800496101379395,-5.943746566772461,-5.912672996520996,-5.885295867919922,-5.870474815368652,-5.879800319671631,-5.929722785949707,-6.029875755310059,-6.16360330581665,-6.246788501739502,-6.1759467124938965,-6.167970657348633,-6.120439529418945,-6.093955039978027,-6.0522966384887695,-6.016841888427734,-5.9763336181640625,-5.937219619750977,-5.897764682769775,-5.86001443862915,-5.821393966674805,-5.780398368835449,-5.737748622894287,-5.695070266723633,-5.650595664978027,-5.607906341552734,-5.567596435546875,-5.5234527587890625,-5.474654674530029,-5.425351142883301,-5.378944396972656,-5.332320213317871,-5.286968231201172,-5.241127014160156,-5.194304943084717,-5.146514892578125,-5.097043514251709,-5.048861503601074,-4.998503684997559,-4.945528984069824,-4.89362907409668,-4.844515800476074,-4.797629356384277
-5.933557510375977,-5.897619724273682,-5.866438865661621,-5.839264869689941,-5.82396125793457,-5.83183479309082,-5.878849029541016,-5.975232124328613,-6.106159210205078,-6.189294815063477,-6.119209289550781,-6.111166000366211,-6.062626838684082,-6.034008026123047,-5.992735862731934,-5.95736026763916,-5.915554523468018,-5.874103546142578,-5.835200786590576,-5.8003692626953125,-5.7639923095703125,-5.724956512451172,-5.682200908660889,-5.637831687927246,-5.595029830932617,-5.5561676025390625,-5.517332077026367,-5.4743242263793945,-5.4258880615234375,-5.375298500061035,-5.327130317687988,-5.281192779541016,-5.237088203430176,-5.192303657531738,-5.145962715148926,-5.09737491607666,-5.045341968536377,-4.9932355880737305,-4.945034980773926,-4.898009300231934,-4.851831436157227,-4.805239677429199,-4.757922649383545
-5.8872504234313965,-5.849342346191406,-5.818167686462402,-5.791125297546387,-5.775738716125488,-5.782562255859375,-5.827609539031982,-5.921025276184082,-6.048299789428711,-6.128928184509277,-6.061017990112305,-6.0521039962768555,-6.001317977905273,-5.972506523132324,-5.9334797859191895,-5.899956703186035,-5.858285903930664,-5.81773567199707,-5.778955459594727,-5.741442680358887,-5.704246520996094,-5.666735649108887,-5.623591423034668,-5.577210426330566,-5.535720348358154,-5.498252868652344,-5.459559917449951,-5.417981147766113,-5.370857238769531,-5.322294235229492,-5.27475643157959,-5.229720115661621,-5.187510967254639,-5.143949508666992,-5.096997261047363,-5.047820091247559,-4.996555328369141,-4.94728946685791,-4.901873588562012,-4.857479572296143,-4.813990592956543,-4.767772674560547,-4.717825412750244
-5.84267520904541,-5.8029279708862305,-5.771679401397705,-5.744819641113281,-5.729381084442139,-5.735550403594971,-5.780007362365723,-5.872040271759033,-5.996341228485107,-6.073822975158691,-6.005406856536865,-5.992421627044678,-5.941524028778076,-5.913760662078857,-5.875765800476074,-5.8435516357421875,-5.803894996643066,-5.766143321990967,-5.727880477905273,-5.688320159912109,-5.649567604064941,-5.6085052490234375,-5.562600135803223,-5.5174946784973145,-5.4776997566223145,-5.4383392333984375,-5.39805793762207,-5.357292175292969,-5.31451416015625,-5.270588397979736,-5.223371505737305,-5.180190086364746,-5.142195701599121,-5.099948406219482,-5.0506486892700195,-4.998126029968262,-4.951131820678711,-4.910283088684082,-4.8688063621521,-4.825565338134766,-4.781388282775879,-4.734976768493652,-4.685938835144043
-5.801034927368164,-5.762560844421387,-5.731607437133789,-5.704726219177246,-5.688526153564453,-5.693417072296143,-5.736594200134277,-5.827753067016602,-5.951894760131836,-6.0281476974487305,-5.95350456237793,-5.9348955154418945,-5.885525703430176,-5.859413146972656,-5.820436477661133,-5.7851409912109375,-5.748074531555176,-5.715122222900391,-5.67891263961792,-5.640103816986084,-5.599989414215088,-5.556812763214111,-5.511239051818848,-5.466466903686523,-5.42524528503418,-5.383998870849609,-5.343777656555176,-5.305503845214844,-5.265266418457031,-5.220466613769531,-5.173103332519531,-5.1334757804870605,-5.0969953536987305,-5.055230617523193,-5.005318641662598,-4.954597473144531,-4.914410591125488,-4.878735542297363,-4.838717460632324,-4.794127464294434,-4.747907638549805,-4.702210426330566,-4.658430099487305
-5.761198043823242,-5.725547790527344,-5.6951494216918945,-5.6674723625183105,-5.649829864501953,-5.65269660949707,-5.69338846206665,-5.782754421234131,-5.906054496765137,-5.980583190917969,-5.903811454772949,-5.883817672729492,-5.834912300109863,-5.807965278625488,-5.7675957679748535,-5.73220157623291,-5.697353363037109,-5.665427207946777,-5.62905216217041,-5.591769218444824,-5.553043365478516,-5.510376453399658,-5.46663761138916,-5.422281265258789,-5.379916667938232,-5.3384199142456055,-5.3002729415893555,-5.262505531311035,-5.219778060913086,-5.174351692199707,-5.131321907043457,-5.092554092407227,-5.053540229797363,-5.0108137130737305,-4.96474027633667,-4.923757553100586,-4.886841773986816,-4.8475470542907715,-4.804925918579102,-4.759886741638184,-4.713423728942871,-4.669778823852539,-4.6307268142700195
-5.722311973571777,-5.687590599060059,-5.657164573669434,-5.62873649597168,-5.6098127365112305,-5.61070442199707,-5.648453712463379,-5.734259128570557,-5.853163719177246,-5.923810005187988,-5.850246906280518,-5.835285663604736,-5.7862372398376465,-5.755230903625488,-5.713263034820557,-5.682721138000488,-5.650213241577148,-5.615453243255615,-5.577252388000488,-5.539433479309082,-5.500573635101318,-5.4594950675964355,-5.418161392211914,-5.376482009887695,-5.336869716644287,-5.297297477722168,-5.2576751708984375,-5.216305255889893,-5.174424648284912,-5.1334099769592285,-5.093562126159668,-5.052334308624268,-5.00930643081665,-4.967281341552734,-4.929532051086426,-4.896612167358398,-4.856966495513916,-4.811051368713379,-4.766749382019043,-4.724520206451416,-4.682025909423828,-4.642159938812256,-4.6040544509887695
-5.682020664215088,-5.64500617980957,-5.61390495300293,-5.585341453552246,-5.566471576690674,-5.566723823547363,-5.602500915527344,-5.685003280639648,-5.79965877532959,-5.866697788238525,-5.795416831970215,-5.783260822296143,-5.732359886169434,-5.699113845825195,-5.658025741577148,-5.629372596740723,-5.597306251525879,-5.562839508056641,-5.525205612182617,-5.486493110656738,-5.444822311401367,-5.405217170715332,-5.366614818572998,-5.326894283294678,-5.2894816398620605,-5.253496170043945,-5.212377548217773,-5.17038631439209,-5.1324567794799805,-5.092498779296875,-5.05092191696167,-5.007657527923584,-4.965231418609619,-4.926881790161133,-4.894165992736816,-4.862622261047363,-4.821189880371094,-4.775306701660156,-4.732382774353027,-4.692256927490234,-4.6529998779296875,-4.615207672119141,-4.580090522766113
-5.64245080947876,-5.602477550506592,-5.57086706161499,-5.542368412017822,-5.523748397827148,-5.523965835571289,-5.558522701263428,-5.637734413146973,-5.747339248657227,-5.811549663543701,-5.74259614944458,-5.727768898010254,-5.676262855529785,-5.644766807556152,-5.603678226470947,-5.571583271026611,-5.537574768066406,-5.505373001098633,-5.469429969787598,-5.431692123413086,-5.3908162117004395,-5.35231876373291,-5.315343856811523,-5.277021408081055,-5.2403669357299805,-5.20574951171875,-5.167688369750977,-5.129974365234375,-5.089522361755371,-5.046163558959961,-5.004036903381348,-4.964984893798828,-4.929453372955322,-4.8939056396484375,-4.860745429992676,-4.827293395996094,-4.787954330444336,-4.746380805969238,-4.706111907958984,-4.666041851043701,-4.626810073852539,-4.591736316680908,-4.561311721801758
-5.605447769165039,-5.565840721130371,-5.534759044647217,-5.5063323974609375,-5.487083911895752,-5.486660957336426,-5.520094871520996,-5.59588623046875,-5.6990766525268555,-5.758762359619141,-5.690795421600342,-5.6753034591674805,-5.6267523765563965,-5.5971269607543945,-5.552638053894043,-5.515219688415527,-5.479281425476074,-5.448461532592773,-5.414391040802002,-5.378966331481934,-5.341625213623047,-5.304028034210205,-5.268062591552734,-5.2332305908203125,-5.197257995605469,-5.162245273590088,-5.128748893737793,-5.092846870422363,-5.049579620361328,-5.007929801940918,-4.969479084014893,-4.935088157653809,-4.90161657333374,-4.866962432861328,-4.834040641784668,-4.797605514526367,-4.755728244781494,-4.715058326721191,-4.677133083343506,-4.639214515686035,-4.6018171310424805,-4.5702714920043945,-4.539994239807129
-5.56953239440918,-5.532325744628906,-5.501898765563965,-5.473269462585449,-5.453676700592041,-5.452559471130371,-5.484601020812988,-5.557343006134033,-5.655549049377441,-5.710302352905273,-5.641551494598389,-5.624654769897461,-5.576718330383301,-5.547285079956055,-5.503522872924805,-5.4669342041015625,-5.430511474609375,-5.398745536804199,-5.366386413574219,-5.33143424987793,-5.293951988220215,-5.257633686065674,-5.223509788513184,-5.191253662109375,-5.156467437744141,-5.121494293212891,-5.087306499481201,-5.052218437194824,-5.015783786773682,-4.981477737426758,-4.9463043212890625,-4.909726142883301,-4.873827934265137,-4.839776515960693,-4.8054704666137695,-4.767246246337891,-4.724617958068848,-4.685873031616211,-4.650430202484131,-4.616170883178711,-4.581138610839844,-4.547436714172363,-4.513360977172852
-5.534109115600586,-5.498143196105957,-5.467805862426758,-5.439142227172852,-5.419548034667969,-5.417864799499512,-5.448156833648682,-5.517573833465576,-5.6109137535095215,-5.663025856018066,-5.5958757400512695,-5.574117183685303,-5.523510932922363,-5.4945149421691895,-5.456952095031738,-5.426636695861816,-5.392350673675537,-5.359824180603027,-5.3267011642456055,-5.289823532104492,-5.25185489654541,-5.216673851013184,-5.182492733001709,-5.149066925048828,-5.115477561950684,-5.080255508422852,-5.043755531311035,-5.010766506195068,-4.981515407562256,-4.952179908752441,-4.918383598327637,-4.880388259887695,-4.844149589538574,-4.809706687927246,-4.771428108215332,-4.733469009399414,-4.696866512298584,-4.664977073669434,-4.632558822631836,-4.600372314453125,-4.566852569580078,-4.5311408042907715,-4.496575832366943
-5.49658203125,-5.45966911315918,-5.429288864135742,-5.401249885559082,-5.381893634796143,-5.379456520080566,-5.407561779022217,-5.472834587097168,-5.559454917907715,-5.606869697570801,-5.543190002441406,-5.522958755493164,-5.475878715515137,-5.448655128479004,-5.414902210235596,-5.387401103973389,-5.355410575866699,-5.321773052215576,-5.284335136413574,-5.246779441833496,-5.210302352905273,-5.175586700439453,-5.140528678894043,-5.1063232421875,-5.074152946472168,-5.041213035583496,-5.006460189819336,-4.973024845123291,-4.943495750427246,-4.916164398193359,-4.88456392288208,-4.84756326675415,-4.811552047729492,-4.776412010192871,-4.738593101501465,-4.703351974487305,-4.672033786773682,-4.643161296844482,-4.6098432540893555,-4.577566146850586,-4.544259071350098,-4.510858535766602,-4.481578826904297
-5.460047721862793,-5.421370506286621,-5.391463756561279,-5.364124298095703,-5.344943523406982,-5.341518402099609,-5.366924285888672,-5.427728176116943,-5.5091986656188965,-5.552745819091797,-5.494694232940674,-5.481446743011475,-5.440447807312012,-5.414187431335449,-5.378630638122559,-5.349113464355469,-5.315723896026611,-5.280177593231201,-5.241359710693359,-5.203226566314697,-5.165622234344482,-5.133002758026123,-5.101715087890625,-5.070107460021973,-5.039547443389893,-5.008681297302246,-4.972870349884033,-4.938150405883789,-4.9082183837890625,-4.881244659423828,-4.84983491897583,-4.814254283905029,-4.777630805969238,-4.742022514343262,-4.711035251617432,-4.681497097015381,-4.651711463928223,-4.618398189544678,-4.582338333129883,-4.550754547119141,-4.517791748046875,-4.487728595733643,-4.464284420013428
-5.427290916442871,-5.389225006103516,-5.36037540435791,-5.3335371017456055,-5.313951015472412,-5.309063911437988,-5.331361770629883,-5.387042999267578,-5.463659286499023,-5.505069255828857,-5.450262546539307,-5.437867641448975,-5.39730167388916,-5.37093448638916,-5.3330206871032715,-5.299668312072754,-5.264226913452148,-5.232243537902832,-5.199337005615234,-5.162479400634766,-5.123978137969971,-5.091731071472168,-5.063506126403809,-5.0343194007873535,-5.003223419189453,-4.969917297363281,-4.934401512145996,-4.903623104095459,-4.875815391540527,-4.84830379486084,-4.814536094665527,-4.780428886413574,-4.744394779205322,-4.711764335632324,-4.684714317321777,-4.655403137207031,-4.623114585876465,-4.587018013000488,-4.5543293952941895,-4.5264129638671875,-4.497779846191406,-4.471673011779785,-4.449469566345215
-5.396864891052246,-5.3616838455200195,-5.333673477172852,-5.307098388671875,-5.287487506866455,-5.282201766967773,-5.30223274230957,-5.352713584899902,-5.421733856201172,-5.458163261413574,-5.403623580932617,-5.387081146240234,-5.344232082366943,-5.317336082458496,-5.280229568481445,-5.248087406158447,-5.215376377105713,-5.1885833740234375,-5.1607985496521,-5.126433372497559,-5.092720031738281,-5.062234878540039,-5.031856536865234,-4.999524116516113,-4.964756011962891,-4.931187629699707,-4.9042463302612305,-4.879295349121094,-4.850395202636719,-4.817385673522949,-4.779919624328613,-4.746294975280762,-4.714005470275879,-4.6861443519592285,-4.657606601715088,-4.625448226928711,-4.591222286224365,-4.559762001037598,-4.532419204711914,-4.506227493286133,-4.483707427978516,-4.463649749755859,-4.441989421844482
