wind_JJA_avg_native.json
{"header": {"parameterCategory": 2, "parameterUnit": "m/s", "nx": 220, "ny": 280, "lo1": 118.693, "la1": 26.2568353691, "lo2": 123.2203272787, "la2": 21.0494, "dx": 0.0206727273, "dy": 0.0186646429, "refTime": "2025-01-01 00:00:00", "forecastTime": 0, "parameterNumber": 3}, "data":
[rows 152 to 170 of 280, columns 172 to 214 of 220]
3.3593666553497314,3.407656669616699,3.4574594497680664,3.5076518058776855,3.5531396865844727,3.599088668823242,3.643575668334961,3.687527656555176,3.728931188583374,3.768038272857666,3.8071916103363037,3.8486263751983643,3.8876373767852783,3.9241981506347656,3.954817771911621,3.983793258666992,4.016045570373535,4.0435590744018555,4.066535949707031,4.088027477264404,4.111442565917969,4.132383346557617,4.148273944854736,4.163820266723633,4.175049304962158,4.186941146850586,4.1958818435668945,4.211725234985352,4.22959041595459,4.250272274017334,4.270974159240723,4.279594421386719,4.28463077545166,4.292256832122803,4.305408477783203,4.311283111572266,4.321967124938965,4.323295593261719,4.330167770385742,4.294562816619873,4.25520133972168,4.224837779998779,4.204830646514893
3.378221035003662,3.4242029190063477,3.4745545387268066,3.5250566005706787,3.5730371475219727,3.6193034648895264,3.663789987564087,3.705299139022827,3.747708797454834,3.7900519371032715,3.8308987617492676,3.866288185119629,3.900937080383301,3.9369542598724365,3.971421718597412,4.0032877922058105,4.034403324127197,4.060229301452637,4.084427356719971,4.107350826263428,4.127120494842529,4.146986961364746,4.16282844543457,4.178764820098877,4.190837860107422,4.199203968048096,4.210239410400391,4.227834701538086,4.2475714683532715,4.269289970397949,4.285759449005127,4.292306900024414,4.299793243408203,4.302112102508545,4.309629440307617,4.317203521728516,4.332355499267578,4.32985782623291,4.338096618652344,4.30536413192749,4.266773700714111,4.235130786895752,4.213292598724365
3.3996829986572266,3.4472861289978027,3.4931371212005615,3.539571762084961,3.589179039001465,3.6351332664489746,3.680675983428955,3.7226510047912598,3.7645206451416016,3.802790880203247,3.8429994583129883,3.8813726902008057,3.9172537326812744,3.951529026031494,3.9866485595703125,4.019164562225342,4.050134181976318,4.075697898864746,4.100576400756836,4.123206615447998,4.140216827392578,4.160327911376953,4.174439907073975,4.189714431762695,4.204944133758545,4.214784622192383,4.2312164306640625,4.250482559204102,4.269347190856934,4.286978721618652,4.296593189239502,4.302294731140137,4.308614730834961,4.311126232147217,4.318500995635986,4.3252058029174805,4.338750839233398,4.334640026092529,4.347238063812256,4.314288139343262,4.27366828918457,4.239539623260498,4.216436386108398
3.422273635864258,3.4705209732055664,3.5125527381896973,3.555248260498047,3.60269832611084,3.65079927444458,3.6997547149658203,3.744710683822632,3.7847273349761963,3.8219804763793945,3.859891653060913,3.8993852138519287,3.9340591430664062,3.9647436141967773,3.997048854827881,4.029138088226318,4.05849552154541,4.086308479309082,4.111458778381348,4.132758140563965,4.154906272888184,4.1749982833862305,4.189605236053467,4.203184604644775,4.215997219085693,4.232165336608887,4.2510528564453125,4.270610809326172,4.284694671630859,4.293924331665039,4.301498889923096,4.308867454528809,4.313724517822266,4.3216729164123535,4.333245754241943,4.3389892578125,4.347289562225342,4.3415422439575195,4.3559064865112305,4.31997537612915,4.277606964111328,4.242160797119141,4.218811988830566
3.446570873260498,3.4942898750305176,3.535585403442383,3.5789248943328857,3.624624252319336,3.6749019622802734,3.724033832550049,3.7701926231384277,3.8089425563812256,3.8486618995666504,3.8858160972595215,3.9187188148498535,3.948883295059204,3.9786782264709473,4.0083208084106445,4.040520191192627,4.069427490234375,4.095376968383789,4.120113372802734,4.144865036010742,4.17265510559082,4.193266868591309,4.208043098449707,4.217513561248779,4.226460933685303,4.247472286224365,4.264485836029053,4.279801368713379,4.291855812072754,4.298955917358398,4.305974006652832,4.31307315826416,4.322157859802246,4.334435939788818,4.346658706665039,4.350473403930664,4.355358123779297,4.349316596984863,4.360223293304443,4.324347496032715,4.281330108642578,4.245624542236328,4.222743511199951
3.4709439277648926,3.5208077430725098,3.565582513809204,3.610991954803467,3.6568264961242676,3.703681707382202,3.750936985015869,3.793496608734131,3.830904006958008,3.8703629970550537,3.9098424911499023,3.9392824172973633,3.967067241668701,3.9971344470977783,4.028092384338379,4.0605387687683105,4.087067604064941,4.107653617858887,4.133054733276367,4.160664081573486,4.186566352844238,4.2057061195373535,4.218693733215332,4.226824760437012,4.238131999969482,4.258671760559082,4.273207664489746,4.282920837402344,4.294126510620117,4.304941177368164,4.314925193786621,4.322384834289551,4.33419132232666,4.346195220947266,4.356137752532959,4.360099792480469,4.365017414093018,4.357692718505859,4.3634138107299805,4.327469825744629,4.284722805023193,4.249706745147705,4.227611064910889
3.4923791885375977,3.5445704460144043,3.594454288482666,3.643515110015869,3.68890380859375,3.7321486473083496,3.7775204181671143,3.8174424171447754,3.853262424468994,3.8899428844451904,3.9280097484588623,3.9616892337799072,3.992677688598633,4.021370887756348,4.053288459777832,4.084853172302246,4.109515190124512,4.130850315093994,4.15552282333374,4.179935932159424,4.197741508483887,4.209796905517578,4.225090026855469,4.239820957183838,4.2543559074401855,4.268685340881348,4.2815775871276855,4.292895793914795,4.304224967956543,4.3163251876831055,4.3275146484375,4.336214065551758,4.3489766120910645,4.358837127685547,4.367424964904785,4.372196197509766,4.3775200843811035,4.368020057678223,4.368812561035156,4.32845401763916,4.285137176513672,4.251368999481201,4.230194568634033
3.51686429977417,3.56769061088562,3.6190683841705322,3.6717472076416016,3.7184903621673584,3.7619731426239014,3.803612232208252,3.8426246643066406,3.8802380561828613,3.9153940677642822,3.9489099979400635,3.9830589294433594,4.015410900115967,4.044073104858398,4.073947906494141,4.103610992431641,4.130114555358887,4.154427528381348,4.176652908325195,4.1980743408203125,4.209036350250244,4.218354225158691,4.237048149108887,4.256579399108887,4.271464824676514,4.283511638641357,4.296684265136719,4.309964656829834,4.324009418487549,4.337323188781738,4.344181537628174,4.351448059082031,4.362053871154785,4.371601104736328,4.381306171417236,4.3833417892456055,4.388365745544434,4.377884864807129,4.375162124633789,4.328415870666504,4.283024787902832,4.249969005584717,4.229312896728516
3.5473923683166504,3.5959532260894775,3.647120237350464,3.698533058166504,3.7466914653778076,3.7915306091308594,3.830129861831665,3.8685483932495117,3.907166004180908,3.9440159797668457,3.973316192626953,4.000830173492432,4.030423164367676,4.060219764709473,4.090436935424805,4.118110179901123,4.14239501953125,4.167410373687744,4.190927505493164,4.210455417633057,4.2227325439453125,4.2359771728515625,4.253142356872559,4.269637107849121,4.283449649810791,4.299154758453369,4.3158769607543945,4.329189777374268,4.342890739440918,4.355273246765137,4.3626298904418945,4.370628356933594,4.377632141113281,4.384123802185059,4.392636299133301,4.391909599304199,4.396173477172852,4.384278774261475,4.381046295166016,4.331420421600342,4.283597946166992,4.2500529289245605,4.228933334350586
3.5814602375030518,3.631368637084961,3.6796188354492188,3.7254281044006348,3.771644115447998,3.815556526184082,3.8538918495178223,3.8913521766662598,3.927124500274658,3.9619903564453125,3.9932262897491455,4.018934726715088,4.04521369934082,4.077059745788574,4.108723163604736,4.132169723510742,4.1552228927612305,4.179948329925537,4.203845024108887,4.219086170196533,4.235966205596924,4.25275993347168,4.267065048217773,4.281229019165039,4.295380592346191,4.31270170211792,4.328827857971191,4.342263221740723,4.355563163757324,4.367037296295166,4.37894868850708,4.388725280761719,4.393063545227051,4.394784450531006,4.399419784545898,4.397129058837891,4.399179458618164,4.388043403625488,4.386476993560791,4.337431907653809,4.288209915161133,4.253150939941406,4.230653285980225
3.6116065979003906,3.663247585296631,3.7092511653900146,3.753110885620117,3.7948803901672363,3.8329577445983887,3.8715803623199463,3.9070940017700195,3.942505359649658,3.976682662963867,4.013332366943359,4.040900230407715,4.065127372741699,4.0969462394714355,4.1228508949279785,4.145593643188477,4.171053886413574,4.195071697235107,4.216088771820068,4.229538917541504,4.247544765472412,4.266427040100098,4.28009033203125,4.293726921081543,4.30804443359375,4.323707103729248,4.335636138916016,4.34858512878418,4.362757682800293,4.3747406005859375,4.3873138427734375,4.393800258636475,4.397119045257568,4.397312164306641,4.400789737701416,4.400796890258789,4.402741432189941,4.392638206481934,4.39417028427124,4.344405174255371,4.29519510269165,4.25889778137207,4.234745502471924
3.6340012550354004,3.6852755546569824,3.7353429794311523,3.780762195587158,3.8184103965759277,3.8512802124023438,3.8887524604797363,3.92525053024292,3.9647719860076904,4.002377033233643,4.034950256347656,4.060207366943359,4.084055423736572,4.111092567443848,4.13182258605957,4.158452033996582,4.185572624206543,4.209822654724121,4.228443622589111,4.243068695068359,4.260976791381836,4.277865886688232,4.289102077484131,4.303531646728516,4.318735599517822,4.332278251647949,4.34083890914917,4.353480339050293,4.367544174194336,4.378320217132568,4.386688232421875,4.389530181884766,4.395569801330566,4.399121284484863,4.403395175933838,4.403092384338379,4.4072651863098145,4.397095680236816,4.398536205291748,4.348530292510986,4.299379825592041,4.2622904777526855,4.237129211425781
3.65946888923645,3.7082343101501465,3.7595059871673584,3.8050878047943115,3.840999126434326,3.875087261199951,3.9112548828125,3.950792074203491,3.9921975135803223,4.026633262634277,4.050840854644775,4.0736823081970215,4.0953497886657715,4.117067813873291,4.141946792602539,4.16904354095459,4.194990634918213,4.220151901245117,4.237185478210449,4.25197696685791,4.2686991691589355,4.28196907043457,4.292809963226318,4.308849334716797,4.327186584472656,4.340526580810547,4.346580505371094,4.356345176696777,4.372261047363281,4.383157253265381,4.386907577514648,4.390594482421875,4.396842956542969,4.401150703430176,4.404129981994629,4.40077018737793,4.406064033508301,4.3966827392578125,4.397176742553711,4.347853183746338,4.298922538757324,4.260886192321777,4.235259056091309
3.6921963691711426,3.736237049102783,3.783588409423828,3.82790470123291,3.863929271697998,3.901291847229004,3.9376230239868164,3.9770312309265137,4.012762546539307,4.041991233825684,4.064875602722168,4.087761402130127,4.108328819274902,4.128016948699951,4.153753280639648,4.178903102874756,4.201722145080566,4.224818229675293,4.243099212646484,4.2597150802612305,4.275057792663574,4.287288188934326,4.29932975769043,4.31423807144165,4.33150577545166,4.344390869140625,4.352560997009277,4.361268520355225,4.375509738922119,4.385396957397461,4.390151500701904,4.39516544342041,4.39927864074707,4.399538993835449,4.399487495422363,4.396938323974609,4.401250839233398,4.39276647567749,4.3959760665893555,4.347500801086426,4.298795700073242,4.2597551345825195,4.2331695556640625
3.724369764328003,3.7639005184173584,3.8083367347717285,3.851560592651367,3.8899126052856445,3.9289207458496094,3.9664103984832764,4.00006628036499,4.029767036437988,4.059076309204102,4.0852179527282715,4.108342170715332,4.129223346710205,4.147078514099121,4.166555404663086,4.190117835998535,4.209528923034668,4.2301177978515625,4.25039005279541,4.269445896148682,4.283773422241211,4.295419692993164,4.309813976287842,4.323226451873779,4.335222244262695,4.344779014587402,4.358660697937012,4.370972633361816,4.378054141998291,4.383572101593018,4.389524459838867,4.394891738891602,4.39980411529541,4.399295806884766,4.398789405822754,4.396009922027588,4.4000396728515625,4.390460968017578,4.396162986755371,4.350255966186523,4.30029296875,4.259895324707031,4.232426166534424
3.7490077018737793,3.789496660232544,3.8317553997039795,3.8750064373016357,3.9142870903015137,3.9516913890838623,3.988624095916748,4.018319129943848,4.047619342803955,4.0791449546813965,4.105188369750977,4.126148223876953,4.146829128265381,4.166882038116455,4.186181545257568,4.204889297485352,4.22031307220459,4.241203308105469,4.261366367340088,4.275227069854736,4.285685062408447,4.3018927574157715,4.319706916809082,4.330497741699219,4.338838577270508,4.348756790161133,4.3662638664245605,4.379459381103516,4.38134765625,4.381058216094971,4.386107921600342,4.393967151641846,4.399493217468262,4.40134334564209,4.402785301208496,4.398967742919922,4.402223587036133,4.388828277587891,4.3970842361450195,4.352847099304199,4.301113605499268,4.259654998779297,4.232369899749756
3.7724742889404297,3.815667152404785,3.857285976409912,3.899230718612671,3.9385921955108643,3.9728198051452637,4.004454612731934,4.035280227661133,4.067139625549316,4.098510265350342,4.121494293212891,4.1385979652404785,4.159034729003906,4.182919025421143,4.206932544708252,4.223061561584473,4.236123085021973,4.252817153930664,4.268550395965576,4.275981903076172,4.287771224975586,4.307297706604004,4.323246955871582,4.334943771362305,4.344154357910156,4.356704235076904,4.372994422912598,4.382843017578125,4.385138988494873,4.384118556976318,4.388591766357422,4.397577285766602,4.404617786407471,4.407634735107422,4.407172203063965,4.4034881591796875,4.404510498046875,4.390505790710449,4.398975372314453,4.353446006774902,4.299708843231201,4.257043838500977,4.22998571395874
3.800598621368408,3.8432486057281494,3.885974407196045,3.9247307777404785,3.9634413719177246,3.9958536624908447,4.024397850036621,4.054582118988037,4.088510513305664,4.115524768829346,4.135567665100098,4.152502536773682,4.17159366607666,4.193145275115967,4.216765880584717,4.234127521514893,4.249624729156494,4.2612104415893555,4.269501686096191,4.2807464599609375,4.297709941864014,4.3139753341674805,4.326023578643799,4.340280532836914,4.352459907531738,4.364771842956543,4.376397132873535,4.3841471672058105,4.391841888427734,4.396345615386963,4.4002461433410645,4.405934810638428,4.413680076599121,4.414994716644287,4.412040710449219,4.40573263168335,4.40559720993042,4.3961944580078125,4.402806282043457,4.352585792541504,4.2955474853515625,4.251041412353516,4.223807334899902
3.825575351715088,3.867806911468506,3.910142421722412,3.946845293045044,3.9808433055877686,4.014379978179932,4.047497749328613,4.075547695159912,4.105811595916748,4.127823829650879,4.145865440368652,4.163769245147705,4.182371139526367,4.200742244720459,4.220175743103027,4.238198280334473,4.256396293640137,4.270448207855225,4.277358055114746,4.292891979217529,4.309762954711914,4.322028160095215,4.332395553588867,4.344160079956055,4.358640193939209,4.372450828552246,4.380688667297363,4.38949728012085,4.401169776916504,4.411907196044922,4.41713809967041,4.418288230895996,4.421331405639648,4.421117305755615,4.419698715209961,4.4105377197265625,4.409789085388184,4.402005195617676,4.407422065734863,4.351119041442871,4.290867805480957,4.245480537414551,4.218305587768555
