wind_JJA_night_3x3.json
{"header": {"parameterCategory": 2, "parameterUnit": "m/s", "nx": 74, "ny": 94, "lo1": 118.693, "la1": 26.2568353691, "lo2": 123.2203272787, "la2": 21.0494, "dx": 0.0620181819, "dy": 0.0559939287, "refTime": "2025-01-01 00:00:00", "forecastTime": 0, "parameterNumber": 2}, "data":
[rows 57 to 75 of 94, columns 0 to 42 of 74]
0.8893954753875732,0.8611104488372803,0.9106021523475647,1.0793309211730957,1.0552438497543335,1.0534147024154663,1.0301904678344727,1.0133236646652222,0.9996063709259033,1.0152441263198853,1.028367519378662,1.0456749200820923,1.062819480895996,1.081982135772705,1.0957331657409668,1.063917875289917,1.0084537267684937,0.9157166481018066,0.7672563791275024,0.5832241177558899,0.349441796541214,0.027186615392565727,-0.3984715938568115,-0.7359955310821533,-0.9908302426338196,-0.9906343221664429,-1.043076515197754,-1.4069628715515137,-1.0348249673843384,-1.5871868133544922,-2.1219353675842285,-1.6311957836151123,-0.2972460091114044,-0.7322114109992981,-0.9880049228668213,-0.8229905366897583,1.585559606552124,0.31447288393974304,0.5687494277954102,0.6935730576515198,0.9323456287384033,-0.8621129989624023,0.4083814322948456
0.8604364395141602,0.8339188694953918,0.8834058046340942,1.0576902627944946,1.0397595167160034,1.0348021984100342,1.0174877643585205,1.0002951622009277,0.9888419508934021,1.0085563659667969,1.0235352516174316,1.0236847400665283,1.0510281324386597,1.0745441913604736,1.0629128217697144,1.0442767143249512,0.9843327403068542,0.8769227266311646,0.7479138374328613,0.54990553855896,0.33210426568984985,0.024443019181489944,-0.3430880904197693,-0.31230035424232483,-0.4196808338165283,-0.6370776891708374,-1.073797345161438,-1.5384069681167603,-0.8416436314582825,-2.0004379749298096,-0.17357131838798523,-1.3016047477722168,-0.7195256352424622,-0.7591307759284973,-0.06555482000112534,-0.9367799758911133,0.10454057902097702,1.1161879301071167,0.21699491143226624,0.6559486985206604,-0.14239132404327393,-0.3817104995250702,0.6986483931541443
0.8389952182769775,0.8153425455093384,0.8636826872825623,1.0324950218200684,1.0159647464752197,1.0129283666610718,0.9811818599700928,0.9767983555793762,0.9903517961502075,0.9963714480400085,0.9970616102218628,1.028438687324524,1.0500017404556274,1.0425596237182617,1.020209550857544,0.9939948320388794,0.9546371698379517,0.8382378816604614,0.7066634893417358,0.536663830280304,0.2992118000984192,0.05922774225473404,-0.2543567419052124,-0.5759729146957397,-0.42360854148864746,-0.7312126755714417,-1.284058928489685,-1.6732733249664307,-1.4539040327072144,-1.186470627784729,-1.5662328004837036,-1.2533684968948364,-1.109177589416504,0.25154370069503784,-1.2830814123153687,1.2065465450286865,-0.9504507780075073,-0.13583870232105255,0.7147901058197021,0.4106948673725128,-0.10297350585460663,0.5506484508514404,1.4671640396118164
0.8252233266830444,0.8028727769851685,0.8529866933822632,1.0135453939437866,1.0077571868896484,0.9905179738998413,0.9641930460929871,0.9560997486114502,0.9769363403320312,0.983688235282898,0.9827668070793152,0.9930989742279053,1.0276614427566528,1.0013608932495117,0.9733444452285767,0.949712336063385,0.9057927131652832,0.7944510579109192,0.6640570759773254,0.5025771260261536,0.31852006912231445,0.10169864445924759,-0.14263924956321716,-0.4402678310871124,-0.5298586487770081,-1.0457504987716675,-1.4829018115997314,-1.6599644422531128,-1.297559380531311,-1.356062889099121,-1.114800214767456,-1.12282133102417,-0.82039475440979,-0.759691596031189,-0.9422425031661987,1.5528550148010254,0.2225249707698822,0.14777253568172455,0.11197037994861603,0.5592923164367676,-0.43474042415618896,0.23927007615566254,1.2622106075286865
0.8154314160346985,0.7924416065216064,0.845204770565033,1.0044047832489014,0.9777957797050476,0.9656903147697449,0.9374512434005737,0.9425188899040222,0.9706233739852905,0.9602845311164856,0.9641144275665283,0.9747093915939331,0.9756566882133484,0.9494390487670898,0.9179896712303162,0.9008813500404358,0.8582719564437866,0.7603827714920044,0.6482534408569336,0.49806642532348633,0.32218843698501587,0.14082519710063934,-0.037729404866695404,-0.30140137672424316,-0.4456164538860321,-0.7715513110160828,-1.630338430404663,-0.8289507627487183,-1.4464575052261353,-0.4969984292984009,-1.3212547302246094,-1.0131940841674805,-1.032618522644043,-1.0210747718811035,-1.0345408916473389,-0.09482736885547638,1.1352355480194092,0.1230693832039833,0.26765137910842896,1.1050808429718018,0.0036102633457630873,0.7646083831787109,0.8549504280090332
0.7957549095153809,0.7854763269424438,0.8486817479133606,1.02144455909729,0.9636907577514648,0.9522060751914978,0.9353584051132202,0.9271965026855469,0.948082447052002,0.9418280720710754,0.9381529688835144,0.9249448776245117,0.9162744879722595,0.8996199369430542,0.8793200254440308,0.8425469994544983,0.8057011365890503,0.7246875762939453,0.6158268451690674,0.48757871985435486,0.3207238018512726,0.17744743824005127,0.027182914316654205,-0.18612197041511536,-0.4815993309020996,-0.42020854353904724,-0.9642853736877441,-1.3402096033096313,-0.8198431730270386,-0.146593376994133,-0.9530301094055176,-1.1757805347442627,-0.9617489576339722,-0.8072303533554077,-0.3797808885574341,-1.289825677871704,1.6048238277435303,0.9613932967185974,0.5993062257766724,0.8460447788238525,0.6635844111442566,1.3021395206451416,0.721407413482666
0.7912814617156982,0.7796275615692139,0.8499725461006165,1.0165380239486694,0.9718847274780273,0.946559488773346,0.9221533536911011,0.9148968458175659,0.9200957417488098,0.9135586023330688,0.9047390222549438,0.8661024570465088,0.8621624708175659,0.857622504234314,0.8141367435455322,0.7905439138412476,0.7452922463417053,0.6855630278587341,0.5808560252189636,0.4656859040260315,0.32097700238227844,0.21688105165958405,0.07655347138643265,-0.1019902154803276,-0.3576853573322296,-0.421421617269516,-0.7154520750045776,-1.116807222366333,-0.6037005186080933,-0.5464723110198975,-0.8859164714813232,-1.269352674484253,-1.527728796005249,-0.5442963242530823,-0.7761621475219727,-1.6525397300720215,1.859791874885559,0.6903572082519531,0.8578262329101562,0.8766962289810181,0.3196917176246643,1.0639259815216064,0.7064913511276245
0.7821167707443237,0.7675673961639404,0.8371106386184692,0.9961451292037964,0.9625130295753479,0.9382216930389404,0.8924053907394409,0.8790637254714966,0.8789578676223755,0.8580206632614136,0.8454360961914062,0.8229295015335083,0.7992973923683167,0.7909113168716431,0.7590169906616211,0.7386518120765686,0.6772222518920898,0.6248752474784851,0.5501432418823242,0.43585172295570374,0.35302942991256714,0.2344702035188675,0.1315833181142807,-0.02650425210595131,-0.23130002617835999,-0.2300950437784195,-0.256556898355484,-0.6337901949882507,-0.39588654041290283,-0.44130975008010864,-0.8515360355377197,-1.0126632452011108,-1.0988972187042236,-0.6553515195846558,-0.3228320777416229,0.41973790526390076,1.651847004890442,0.8617161512374878,0.9230559468269348,0.7805337309837341,0.9631785154342651,0.7849619388580322,0.6964960694313049
0.7813363075256348,0.7569342851638794,0.8178442716598511,0.9790363907814026,0.9348545670509338,0.9048827290534973,0.846871018409729,0.8303807973861694,0.810907244682312,0.7942651510238647,0.7971136569976807,0.7814109921455383,0.7422009110450745,0.7321850061416626,0.7033529281616211,0.670099139213562,0.6333001255989075,0.5655043125152588,0.4997921288013458,0.4237610101699829,0.35141873359680176,0.2604474425315857,0.12390902638435364,0.01106155477464199,-0.15560372173786163,-0.35803377628326416,-0.12752404808998108,-0.5409015417098999,-0.6728696823120117,-0.5310438871383667,-0.5834237933158875,-0.6184865236282349,-0.9724648594856262,-0.7269030809402466,1.317320466041565,1.0412333011627197,0.6889742016792297,0.7595961689949036,0.8454309105873108,0.6464927196502686,0.7297545671463013,0.7176944613456726,0.7504511475563049
0.7770553231239319,0.7411050796508789,0.7994179129600525,0.9482000470161438,0.8891294598579407,0.8487749099731445,0.8170727491378784,0.7732661366462708,0.7331697940826416,0.7385036945343018,0.7498666644096375,0.7085529565811157,0.6910892128944397,0.6688244938850403,0.6367588639259338,0.6098456382751465,0.5591080188751221,0.513343334197998,0.46720701456069946,0.38791149854660034,0.3305424153804779,0.2500852644443512,0.14867408573627472,0.046609070152044296,-0.07720056176185608,-0.18272486329078674,-0.04476480558514595,-0.384947806596756,-0.5822550058364868,-0.8575873374938965,-0.8230671882629395,-1.1700115203857422,-0.7966664433479309,-1.0905025005340576,1.7733806371688843,0.39089152216911316,0.17577341198921204,1.2976820468902588,0.9759867191314697,0.641978919506073,0.7147093415260315,0.7964111566543579,0.879984438419342
0.746723473072052,0.7154879570007324,0.7711024284362793,0.9072701334953308,0.8357923030853271,0.8002033233642578,0.7527416348457336,0.718742847442627,0.6899739503860474,0.6829786896705627,0.6785975694656372,0.6465724110603333,0.6347306966781616,0.6033018231391907,0.582596480846405,0.5313826203346252,0.49097031354904175,0.4506244659423828,0.4163014888763428,0.34571895003318787,0.2777014970779419,0.219215527176857,0.15526795387268066,0.07445317506790161,-0.003882650751620531,-0.08570560067892075,-0.22968190908432007,-0.4514002501964569,-0.573162317276001,-0.8730589151382446,-0.7448143362998962,-1.595911979675293,-1.1397957801818848,-0.6659430861473083,2.1327433586120605,0.7567234039306641,0.7419512271881104,1.0092666149139404,0.6818679571151733,0.7141420245170593,0.8223925828933716,0.9448185563087463,1.0829025506973267
0.7140695452690125,0.6850932240486145,0.7414697408676147,0.8673125505447388,0.7996104955673218,0.7340961694717407,0.7082781791687012,0.6568173170089722,0.6266465187072754,0.6280139684677124,0.6152108311653137,0.6024371385574341,0.5785369873046875,0.5586936473846436,0.5079344511032104,0.48237088322639465,0.4351574778556824,0.4104301929473877,0.3449249565601349,0.30178189277648926,0.24582576751708984,0.19295720756053925,0.1401273012161255,0.08480654656887054,0.002949060872197151,-0.06105837598443031,-0.22351476550102234,-0.601966381072998,-0.7815362811088562,-0.908935546875,-1.026990532875061,-1.3053183555603027,-0.6505835056304932,-0.8906005024909973,1.3668556213378906,1.1931378841400146,1.0017508268356323,0.9399717450141907,0.7928844094276428,0.9018910527229309,1.033052921295166,1.1988062858581543,1.3476358652114868
0.6730332374572754,0.6483944654464722,0.7030478119850159,0.8220887780189514,0.7473326921463013,0.6820654273033142,0.6425831317901611,0.6114675402641296,0.5738791823387146,0.5552201271057129,0.5615369081497192,0.5423896312713623,0.5191268920898438,0.48773491382598877,0.43949681520462036,0.4111550748348236,0.37155598402023315,0.338137686252594,0.2944098711013794,0.2463759034872055,0.20695312321186066,0.15615569055080414,0.1250571608543396,0.05091315507888794,-0.008145931176841259,-0.0691683366894722,-0.22915896773338318,-0.5057778358459473,-0.8452649712562561,-1.202031135559082,-1.0025174617767334,-1.1902313232421875,-1.0942354202270508,-1.4701006412506104,1.1758506298065186,1.8699631690979004,1.6458306312561035,1.3077417612075806,1.0881942510604858,1.1754064559936523,1.3210053443908691,1.488652229309082,1.6357238292694092
0.6318879127502441,0.6146805882453918,0.6706600785255432,0.7663677930831909,0.7083413004875183,0.6431333422660828,0.596263587474823,0.5729049444198608,0.5433611869812012,0.5137659311294556,0.49442386627197266,0.4914173483848572,0.46205654740333557,0.42079785466194153,0.37629640102386475,0.3457930386066437,0.30788570642471313,0.2769966125488281,0.23900331556797028,0.17925694584846497,0.1429058015346527,0.09563421458005905,0.07885123044252396,0.02151492051780224,-0.02005447819828987,-0.10766691714525223,-0.22305536270141602,-0.34538698196411133,-0.6803541779518127,-0.9969683885574341,-1.135002851486206,-1.091428279876709,-1.3718711137771606,-0.5076647400856018,1.902543544769287,1.6112053394317627,1.0834476947784424,1.2120401859283447,1.3431874513626099,1.5161101818084717,1.713271975517273,1.8614046573638916,1.9763127565383911
0.5972980856895447,0.5817683339118958,0.6372604370117188,0.7295256853103638,0.6459900140762329,0.5932597517967224,0.5523184537887573,0.522064208984375,0.48142874240875244,0.46108299493789673,0.4357067048549652,0.42948317527770996,0.389248251914978,0.3432634770870209,0.32030248641967773,0.29045647382736206,0.25173622369766235,0.21707919239997864,0.19652320444583893,0.14200665056705475,0.0989571064710617,0.05366459861397743,0.01602081209421158,-0.018120810389518738,-0.07312898337841034,-0.14495813846588135,-0.24485307931900024,-0.38072794675827026,-0.5366780757904053,-0.8148782253265381,-1.0118273496627808,-1.0171334743499756,-1.1681220531463623,0.4880196452140808,1.1263285875320435,1.9674875736236572,1.5920225381851196,1.6041126251220703,1.8544260263442993,2.0008413791656494,2.1428327560424805,2.2406437397003174,2.270754337310791
0.564852237701416,0.5476690530776978,0.599020779132843,0.6765914559364319,0.6045978665351868,0.5550582408905029,0.5072057843208313,0.4664628207683563,0.43365925550460815,0.4112767279148102,0.40166836977005005,0.35926133394241333,0.3119955360889435,0.2821006178855896,0.2546148896217346,0.23223653435707092,0.19693972170352936,0.1687006950378418,0.15160509943962097,0.10525882244110107,0.06486493349075317,0.011487443000078201,-0.02257673069834709,-0.08870504796504974,-0.1135399341583252,-0.18408972024917603,-0.27604907751083374,-0.3658132553100586,-0.46818432211875916,-0.6769950985908508,-0.9693096280097961,-1.1348360776901245,-1.0622987747192383,-0.5485516786575317,0.8034785985946655,1.896984338760376,2.119771718978882,2.0833592414855957,2.2137818336486816,2.336894989013672,2.426128387451172,2.447887659072876,2.4613451957702637
0.5231473445892334,0.5048498511314392,0.5541671514511108,0.6424946188926697,0.5618711709976196,0.5083414912223816,0.4583435654640198,0.4308275878429413,0.40335118770599365,0.34954965114593506,0.32395124435424805,0.3143879175186157,0.28508296608924866,0.22981497645378113,0.1986035704612732,0.18895386159420013,0.15960337221622467,0.13188304007053375,0.09744895994663239,0.05128025263547897,0.0140006672590971,-0.02554290182888508,-0.07119238376617432,-0.10763992369174957,-0.1601622998714447,-0.19726073741912842,-0.2630305290222168,-0.3123593330383301,-0.39319050312042236,-0.49927985668182373,-0.6455904841423035,-0.7320472002029419,-0.7202924489974976,-0.6785156726837158,0.625945508480072,1.746217966079712,1.7254430055618286,2.297879457473755,2.397941827774048,2.4517970085144043,2.4902236461639404,2.500919818878174,2.5096418857574463
0.479939728975296,0.4582485556602478,0.511016845703125,0.6086891293525696,0.5149337649345398,0.4652393162250519,0.4183042347431183,0.3742995858192444,0.32901257276535034,0.29562386870384216,0.2708294689655304,0.24457493424415588,0.2258148491382599,0.2103620171546936,0.1766985058784485,0.14592382311820984,0.11797529458999634,0.09650735557079315,0.05640867352485657,0.015784993767738342,-0.03230416029691696,-0.07130356132984161,-0.10575727373361588,-0.13854271173477173,-0.18147332966327667,-0.20934684574604034,-0.2294575572013855,-0.23827038705348969,-0.24541917443275452,-0.26056382060050964,-0.21917562186717987,-0.11752991378307343,-0.14200827479362488,-0.43740567564964294,0.21562674641609192,1.566696047782898,1.5055687427520752,2.0493340492248535,2.2877535820007324,2.4107666015625,2.4643750190734863,2.4843244552612305,2.4904494285583496
0.4381808638572693,0.4103838801383972,0.46615105867385864,0.5420111417770386,0.46476835012435913,0.4283745288848877,0.3832927942276001,0.32140445709228516,0.287265807390213,0.25080084800720215,0.23723676800727844,0.21754251420497894,0.181541308760643,0.18144699931144714,0.15269696712493896,0.10557998716831207,0.08573007583618164,0.041620902717113495,0.014377418905496597,-0.015207402408123016,-0.06934235990047455,-0.11018069088459015,-0.14700065553188324,-0.1685316413640976,-0.1763138324022293,-0.19718119502067566,-0.19630298018455505,-0.20854946970939636,-0.17488481104373932,-0.09068392217159271,0.007269792724400759,0.1330641359090805,0.14610876142978668,0.2039862722158432,-0.023496156558394432,0.9465785622596741,1.338199496269226,1.640153169631958,2.1195991039276123,2.320284366607666,2.3958394527435303,2.4230523109436035,2.4509761333465576
