wind_DJF_day_3x3.json
{"header": {"parameterCategory": 2, "parameterUnit": "m/s", "nx": 74, "ny": 94, "lo1": 118.693, "la1": 26.2568353691, "lo2": 123.2203272787, "la2": 21.0494, "dx": 0.0620181819, "dy": 0.0559939287, "refTime": "2025-01-01 00:00:00", "forecastTime": 0, "parameterNumber": 2}, "data":
[rows 19 to 37 of 94, columns 0 to 42 of 74]
-1.792047142982483,-2.6636905670166016,-3.2062253952026367,-3.536306142807007,-4.681039810180664,-4.582952976226807,-4.506955146789551,-4.744634628295898,-3.6333072185516357,-4.008338928222656,-5.301969051361084,-4.991489410400391,-4.472473621368408,-4.08165979385376,-4.636363506317139,-4.725809097290039,-4.944472789764404,-4.842825412750244,-4.665958404541016,-4.570040225982666,-4.530445098876953,-4.547423362731934,-4.603529453277588,-4.705287933349609,-4.8362274169921875,-4.945611953735352,-5.071427345275879,-5.209829330444336,-5.358590602874756,-5.47589111328125,-5.602717876434326,-5.709650993347168,-5.809861660003662,-5.898364067077637,-5.975411415100098,-6.035630226135254,-6.073078632354736,-6.080443382263184,-6.065029621124268,-6.020303249359131,-5.968470573425293,-5.896412372589111,-5.717911720275879
-2.2099151611328125,-3.1929259300231934,-3.7062292098999023,-3.473590135574341,-5.282911777496338,-5.3173136711120605,-4.143665313720703,-3.8161022663116455,-5.270719051361084,-5.589942932128906,-5.510817527770996,-5.051815509796143,-4.676526069641113,-4.411025524139404,-4.731907844543457,-4.846768379211426,-4.940407752990723,-4.866825103759766,-4.742283821105957,-4.669634819030762,-4.641689777374268,-4.6724534034729,-4.731897830963135,-4.825207710266113,-4.933140754699707,-5.033204078674316,-5.152008056640625,-5.293952941894531,-5.429675579071045,-5.556434631347656,-5.672255039215088,-5.784061431884766,-5.889156818389893,-5.984339237213135,-6.059782028198242,-6.1233015060424805,-6.147114276885986,-6.141978740692139,-6.115738391876221,-6.017434597015381,-5.911704063415527,-5.608278751373291,-5.280142307281494
-3.1894826889038086,-3.8625593185424805,-3.0013668537139893,-4.740673065185547,-5.211836814880371,-4.979557991027832,-4.901464939117432,-5.353734016418457,-5.84944486618042,-5.73942232131958,-5.4343180656433105,-5.038629531860352,-4.9433746337890625,-5.037377834320068,-4.967259407043457,-4.953832626342773,-4.961729049682617,-4.886224269866943,-4.810112953186035,-4.7562761306762695,-4.748183250427246,-4.7829790115356445,-4.851634502410889,-4.926528453826904,-5.0195465087890625,-5.118008136749268,-5.2332916259765625,-5.372469902038574,-5.498959541320801,-5.618252754211426,-5.7327561378479,-5.852517127990723,-5.963348388671875,-6.050069808959961,-6.134914398193359,-6.194422721862793,-6.2149457931518555,-6.224329948425293,-6.157567977905273,-5.994029521942139,-5.615087032318115,-3.2734110355377197,-2.5627341270446777
-3.6201539039611816,-4.098620891571045,-4.156299591064453,-5.470015525817871,-5.456803321838379,-5.331727981567383,-5.3749284744262695,-5.338836193084717,-5.842893123626709,-5.611456394195557,-5.346835136413574,-5.201935768127441,-5.1314287185668945,-5.120830535888672,-5.070028781890869,-5.036751747131348,-4.9930620193481445,-4.923173904418945,-4.866085052490234,-4.837217330932617,-4.8459320068359375,-4.8879170417785645,-4.951259136199951,-5.020345211029053,-5.103031158447266,-5.190070152282715,-5.3160505294799805,-5.432557106018066,-5.5497565269470215,-5.669282913208008,-5.785618782043457,-5.9136762619018555,-6.014331340789795,-6.1062092781066895,-6.191041946411133,-6.259433269500732,-6.299287796020508,-6.317296981811523,-5.539766311645508,-3.212014675140381,-2.892162322998047,-2.867295980453491,-2.001758575439453
-3.98063063621521,-3.657198190689087,-3.713369607925415,-4.202351093292236,-4.15649938583374,-5.438592433929443,-5.657416820526123,-5.948934555053711,-5.736001014709473,-5.527173042297363,-5.380064964294434,-5.319911479949951,-5.247448921203613,-5.170476913452148,-5.132861137390137,-5.089846134185791,-5.024515628814697,-4.97169303894043,-4.918232440948486,-4.912172794342041,-4.932926177978516,-4.979419231414795,-5.028840065002441,-5.098854064941406,-5.169290065765381,-5.261023044586182,-5.370822906494141,-5.480164051055908,-5.59009313583374,-5.703699111938477,-5.819365501403809,-5.945465087890625,-6.045299530029297,-6.140475273132324,-6.232729434967041,-6.298542022705078,-6.330088138580322,-5.728921413421631,-3.831238269805908,-3.4327375888824463,-2.8691818714141846,-2.0140573978424072,-2.193140983581543
-3.837636947631836,-3.81506609916687,-4.123647689819336,-3.90063738822937,-5.359830379486084,-5.624582290649414,-5.8825201988220215,-5.82975959777832,-5.646965980529785,-5.517765045166016,-5.437766075134277,-5.37141752243042,-5.308012962341309,-5.230627059936523,-5.181078910827637,-5.1288371086120605,-5.062070369720459,-5.014333724975586,-4.975925922393799,-4.974879264831543,-5.008584022521973,-5.044137001037598,-5.090281009674072,-5.152317523956299,-5.226871967315674,-5.312068939208984,-5.4112043380737305,-5.510347366333008,-5.610713958740234,-5.7209930419921875,-5.83387565612793,-5.948065757751465,-6.064004898071289,-6.149205207824707,-6.222009658813477,-6.216032028198242,-5.956639766693115,-4.024587631225586,-3.9723877906799316,-3.059276580810547,-2.1165528297424316,-1.9610894918441772,-2.313182830810547
-4.433027744293213,-4.3062286376953125,-5.090481758117676,-4.8464460372924805,-5.773320198059082,-5.845551013946533,-5.872694969177246,-5.750699520111084,-5.6236252784729,-5.537322044372559,-5.474789619445801,-5.40399169921875,-5.338321685791016,-5.280466079711914,-5.21647310256958,-5.159899711608887,-5.101180553436279,-5.053425312042236,-5.029718399047852,-5.042429447174072,-5.0696234703063965,-5.094622611999512,-5.141783714294434,-5.191210746765137,-5.259842872619629,-5.344787120819092,-5.434755325317383,-5.518432140350342,-5.613699913024902,-5.715032577514648,-5.82291316986084,-5.935247898101807,-6.022462844848633,-6.083898544311523,-6.069916725158691,-5.847924709320068,-4.809767246246338,-2.7367682456970215,-2.293930768966675,-2.255852460861206,-2.0726637840270996,-1.8370980024337769,-1.5911756753921509
-5.183272361755371,-5.769958019256592,-5.814268589019775,-6.130423545837402,-5.998541831970215,-5.946268081665039,-5.846034526824951,-5.7156782150268555,-5.625740051269531,-5.556106090545654,-5.4896697998046875,-5.427340984344482,-5.36549186706543,-5.3080339431762695,-5.244384765625,-5.184212684631348,-5.130669593811035,-5.090117454528809,-5.077746868133545,-5.093304634094238,-5.112607002258301,-5.138195991516113,-5.1667160987854,-5.216178894042969,-5.275022506713867,-5.352160453796387,-5.432374954223633,-5.5060038566589355,-5.5967230796813965,-5.689083099365234,-5.776981353759766,-5.861860752105713,-5.909322738647461,-5.892788887023926,-5.739635467529297,-5.195966720581055,-2.7836341857910156,-1.4201117753982544,-1.1187800168991089,-1.6709195375442505,-1.9390562772750854,-1.893134355545044,-1.0051841735839844
-4.280233383178711,-4.596987724304199,-5.999384880065918,-6.144837379455566,-6.079897403717041,-5.967354774475098,-5.833592891693115,-5.714666366577148,-5.631596088409424,-5.563464641571045,-5.494651794433594,-5.4375762939453125,-5.384304046630859,-5.324638366699219,-5.264710903167725,-5.204649448394775,-5.153464317321777,-5.131053924560547,-5.121479034423828,-5.134093761444092,-5.138180732727051,-5.1597113609313965,-5.18102502822876,-5.2173919677734375,-5.275685787200928,-5.336458206176758,-5.399460792541504,-5.471227645874023,-5.549289703369141,-5.619658470153809,-5.688767910003662,-5.718992710113525,-5.699985027313232,-5.581329345703125,-5.23391056060791,-4.1878862380981445,-1.615440011024475,-0.7750371694564819,-0.95112544298172,-1.061347484588623,-1.4644967317581177,-1.5827569961547852,-1.181862473487854
-4.665605545043945,-5.930627346038818,-5.978080749511719,-6.10705041885376,-6.063941478729248,-5.95796012878418,-5.833517074584961,-5.717433929443359,-5.634360313415527,-5.560206413269043,-5.498183250427246,-5.444123268127441,-5.392188549041748,-5.335908889770508,-5.268200874328613,-5.217536449432373,-5.1793670654296875,-5.157609939575195,-5.158863067626953,-5.148355960845947,-5.154233455657959,-5.163334369659424,-5.18118953704834,-5.203616619110107,-5.249936580657959,-5.296360969543457,-5.350331783294678,-5.4021735191345215,-5.468809604644775,-5.513885974884033,-5.537841320037842,-5.5068817138671875,-5.400224685668945,-5.1181206703186035,-4.393307685852051,-1.8234570026397705,-0.900199830532074,-0.489139586687088,-0.604500412940979,-0.5207988619804382,-0.2520322799682617,-0.15882182121276855,-1.0841675996780396
-5.89006233215332,-5.90279483795166,-5.899847984313965,-6.05035400390625,-6.025856018066406,-5.9373884201049805,-5.82969856262207,-5.717405319213867,-5.629642963409424,-5.561069488525391,-5.496744155883789,-5.450606346130371,-5.387604713439941,-5.337331771850586,-5.275692939758301,-5.227563858032227,-5.201638221740723,-5.176593780517578,-5.170781135559082,-5.1580071449279785,-5.157414436340332,-5.152803897857666,-5.155318260192871,-5.1748456954956055,-5.202026844024658,-5.233071327209473,-5.269229888916016,-5.31119966506958,-5.3433380126953125,-5.351901054382324,-5.322166442871094,-5.230560779571533,-5.003897190093994,-4.527365684509277,-2.577451467514038,-0.3401470482349396,-0.4458969533443451,-0.5870015621185303,-0.9639996886253357,0.13311415910720825,-0.44445449113845825,-0.018125809729099274,-0.8637437224388123
-6.188188076019287,-5.878488063812256,-5.856955528259277,-6.007652759552002,-5.987293243408203,-5.912725448608398,-5.809576034545898,-5.7102508544921875,-5.624192237854004,-5.556201934814453,-5.496787071228027,-5.442451477050781,-5.388184547424316,-5.332603931427002,-5.2787065505981445,-5.242084980010986,-5.208889961242676,-5.183426856994629,-5.168820858001709,-5.145190715789795,-5.138467788696289,-5.122488975524902,-5.117623805999756,-5.125971794128418,-5.134956359863281,-5.149704933166504,-5.167263031005859,-5.177986145019531,-5.169126510620117,-5.135895729064941,-5.048913955688477,-4.888188362121582,-4.611054420471191,-2.937293767929077,-0.8384346961975098,-0.11466878652572632,-0.12610548734664917,-0.2722393572330475,-0.016616400331258774,-0.19778315722942352,0.7525020837783813,-1.2798891067504883,-0.22468052804470062
-6.25583553314209,-5.869598388671875,-5.849618911743164,-5.980374336242676,-5.951996326446533,-5.87644100189209,-5.785984039306641,-5.694859981536865,-5.618600368499756,-5.5464911460876465,-5.492907524108887,-5.432076454162598,-5.384100437164307,-5.331203460693359,-5.2827911376953125,-5.239837646484375,-5.204109191894531,-5.1836347579956055,-5.150719165802002,-5.125185489654541,-5.095675468444824,-5.078797340393066,-5.0609540939331055,-5.057787895202637,-5.0499653816223145,-5.047788619995117,-5.035233497619629,-5.012284755706787,-4.961385726928711,-4.87554931640625,-4.730620384216309,-4.494364261627197,-3.8487472534179688,-1.061589241027832,-0.2878870964050293,0.1339741051197052,0.2549378275871277,-0.035501718521118164,0.11488992720842361,0.08963890373706818,1.0130897760391235,-0.14600297808647156,-0.7859746217727661
-6.180880069732666,-5.888493537902832,-5.869030952453613,-5.965858459472656,-5.917603492736816,-5.840410232543945,-5.758201599121094,-5.682358741760254,-5.603353500366211,-5.537694931030273,-5.477169513702393,-5.427360534667969,-5.371979236602783,-5.324655532836914,-5.277219772338867,-5.227527618408203,-5.196215629577637,-5.1640543937683105,-5.124591827392578,-5.090356826782227,-5.0460662841796875,-5.020017147064209,-4.994589328765869,-4.967572212219238,-4.944761753082275,-4.914323329925537,-4.876674652099609,-4.81265926361084,-4.717370510101318,-4.579578399658203,-4.36735725402832,-3.979800224304199,-1.3464759588241577,-0.5336723923683167,-0.1296134740114212,0.6456125974655151,0.7308323979377747,0.9123156666755676,1.2309507131576538,-0.6254551410675049,0.54776930809021,-0.04792582243680954,-1.4357471466064453
-6.092667579650879,-5.911171913146973,-5.890398025512695,-5.948073863983154,-5.886951923370361,-5.804882049560547,-5.730186939239502,-5.660220623016357,-5.586914539337158,-5.518490314483643,-5.463351249694824,-5.411890029907227,-5.35924768447876,-5.308667182922363,-5.257621765136719,-5.21360969543457,-5.176969528198242,-5.130555629730225,-5.089231014251709,-5.0377116203308105,-4.988132476806641,-4.944781303405762,-4.90281343460083,-4.862629413604736,-4.812747001647949,-4.7587199211120605,-4.688286781311035,-4.585770130157471,-4.44078254699707,-4.239902496337891,-3.9294166564941406,-2.5541117191314697,-0.20479819178581238,-0.24065525829792023,-0.05523425340652466,0.8299052715301514,1.1296825408935547,1.172465205192566,0.6017528176307678,1.024940848350525,0.7949097156524658,0.48500388860702515,-1.0318832397460938
-6.03268575668335,-5.932243824005127,-5.903256416320801,-5.929373741149902,-5.857065200805664,-5.774078369140625,-5.70286226272583,-5.632236957550049,-5.568116188049316,-5.500943660736084,-5.4448018074035645,-5.388243198394775,-5.33875036239624,-5.284402847290039,-5.236081600189209,-5.191518783569336,-5.138946533203125,-5.085762023925781,-5.034549713134766,-4.972437858581543,-4.914834499359131,-4.852007865905762,-4.7991838455200195,-4.73576545715332,-4.664168834686279,-4.58013391494751,-4.476773262023926,-4.328583717346191,-4.132132053375244,-3.833117961883545,-3.4315743446350098,-0.8012616634368896,0.5896199345588684,-0.22311200201511383,0.24669334292411804,0.30274227261543274,1.1357430219650269,1.7229410409927368,1.7142447233200073,0.9080877304077148,-0.3844560980796814,-0.775619626045227,-1.5927150249481201
-6.004940509796143,-5.939093589782715,-5.898836612701416,-5.908494472503662,-5.829026699066162,-5.747142314910889,-5.671632289886475,-5.609653472900391,-5.541942596435547,-5.479599952697754,-5.42054557800293,-5.3654704093933105,-5.3105058670043945,-5.256019592285156,-5.208521842956543,-5.153064250946045,-5.091951370239258,-5.033596515655518,-4.964110851287842,-4.899361610412598,-4.821910381317139,-4.752976894378662,-4.680616855621338,-4.5918779373168945,-4.496783256530762,-4.378326416015625,-4.238043785095215,-4.047217845916748,-3.7890195846557617,-3.435760021209717,-1.8735653162002563,0.08528217673301697,0.7841180562973022,0.9665433764457703,1.203851580619812,0.9139491319656372,1.3182507753372192,1.3534300327301025,1.1248161792755127,-0.7413249015808105,-0.2142491489648819,-1.1635255813598633,-0.8158416152000427
-5.9879889488220215,-5.929938316345215,-5.880890846252441,-5.87678337097168,-5.796954154968262,-5.716585159301758,-5.646414279937744,-5.579864501953125,-5.517897129058838,-5.452132701873779,-5.387537479400635,-5.340423583984375,-5.2779364585876465,-5.221104621887207,-5.167816638946533,-5.105883598327637,-5.040716648101807,-4.964599609375,-4.884654998779297,-4.809989929199219,-4.72541618347168,-4.642972946166992,-4.541428565979004,-4.435940742492676,-4.3083038330078125,-4.155681610107422,-3.9737393856048584,-3.7465121746063232,-3.4184534549713135,-2.8488848209381104,-0.40369999408721924,0.3227540850639343,0.9312286376953125,0.968021035194397,0.8565870523452759,1.191815972328186,1.4583629369735718,0.8468042612075806,0.33946362137794495,0.06316326558589935,0.2857627272605896,0.640404999256134,0.4926143288612366
-5.967280387878418,-5.903751373291016,-5.849503040313721,-5.844803810119629,-5.759737014770508,-5.688211441040039,-5.6180949211120605,-5.552829265594482,-5.488900184631348,-5.417473316192627,-5.358368873596191,-5.307686805725098,-5.243156433105469,-5.17850923538208,-5.121983528137207,-5.0467119216918945,-4.980708122253418,-4.888129711151123,-4.8020339012146,-4.708959579467773,-4.618897914886475,-4.5163254737854,-4.393460750579834,-4.260895729064941,-4.102991104125977,-3.913062810897827,-3.7004332542419434,-3.423002243041992,-3.092524528503418,-0.7690457105636597,0.15510118007659912,0.7677118182182312,0.9520667791366577,1.2354176044464111,0.6520412564277649,1.2489840984344482,1.3583154678344727,0.8529176712036133,1.5539530515670776,0.06927584856748581,-1.2189632654190063,0.9523788690567017,-0.20926061272621155
