wind_DJF_avg_4x4.json
{"header": {"parameterCategory": 2, "parameterUnit": "m/s", "nx": 55, "ny": 70, "lo1": 118.693, "la1": 26.200841440399998, "lo2": 123.1583090968, "la2": 21.0494, "dx": 0.0826909092, "dy": 0.0746585716, "refTime": "2025-01-01 00:00:00", "forecastTime": 0, "parameterNumber": 3}, "data":
[rows 0 to 18 of 70, columns 0 to 42 of 55]
0.4476214051246643,0.353529691696167,0.5975351333618164,1.0958774089813232,1.1953709125518799,0.5625096559524536,-0.5626434087753296,-1.3772408962249756,-1.4350529909133911,-1.0814061164855957,-1.1217281818389893,-2.4849324226379395,-4.978912353515625,-5.655982971191406,-7.582500457763672,-7.782383918762207,-7.870452880859375,-8.14320182800293,-8.27293586730957,-8.3997802734375,-8.470832824707031,-8.486516952514648,-8.448066711425781,-8.36515998840332,-8.237199783325195,-8.066288948059082,-7.887320518493652,-7.709218502044678,-7.536980628967285,-7.354831695556641,-7.182236671447754,-7.017736434936523,-6.8581414222717285,-6.70194149017334,-6.553194046020508,-6.408322334289551,-6.272545337677002,-6.143167018890381,-6.025426387786865,-5.924962043762207,-5.830063343048096,-5.734832286834717,-5.6423139572143555
-0.15540394186973572,-0.11957798898220062,0.2287266105413437,0.7262312769889832,0.9360515475273132,0.9805368185043335,0.4386005997657776,-0.6211211085319519,-1.6595185995101929,-1.6664822101593018,-1.5785367488861084,-2.623231887817383,-5.971541404724121,-6.689055442810059,-7.723441123962402,-6.555073261260986,-8.127096176147461,-8.322237014770508,-8.4155855178833,-8.508011817932129,-8.541833877563477,-8.528555870056152,-8.470026016235352,-8.36681079864502,-8.220168113708496,-8.042634010314941,-7.868840217590332,-7.700947284698486,-7.530627250671387,-7.355527877807617,-7.185415267944336,-7.018097877502441,-6.856136322021484,-6.699521064758301,-6.547636985778809,-6.397888660430908,-6.255816459655762,-6.1235246658325195,-6.002083778381348,-5.890703201293945,-5.781098365783691,-5.679581642150879,-5.595280647277832
-0.44083768129348755,-0.32510870695114136,-0.5518685579299927,-0.5640120506286621,0.0860493928194046,0.5320321917533875,0.3057301342487335,-0.198852077126503,-1.100537657737732,-1.5124592781066895,-3.978074550628662,-3.209200382232666,-6.247926712036133,-7.066879749298096,-7.72930908203125,-7.94633150100708,-8.288595199584961,-8.42835807800293,-8.51835823059082,-8.573105812072754,-8.570107460021973,-8.525479316711426,-8.441487312316895,-8.313817977905273,-8.155369758605957,-7.974642276763916,-7.808726787567139,-7.644218444824219,-7.476507663726807,-7.310439109802246,-7.142171859741211,-6.971377372741699,-6.80446720123291,-6.64893102645874,-6.489971160888672,-6.33592414855957,-6.188660621643066,-6.060430526733398,-5.9398603439331055,-5.823147773742676,-5.711905479431152,-5.610354900360107,-5.530691623687744
-0.1267513781785965,-0.1267513781785965,-0.43932849168777466,-0.5634276866912842,-2.3436388969421387,-1.3060901165008545,-0.7962236404418945,-0.10922332853078842,-0.0558258593082428,-0.5570499300956726,-4.711877346038818,-3.3456568717956543,-5.3045654296875,-7.48830509185791,-7.881458282470703,-8.101297378540039,-8.405158042907715,-8.548458099365234,-8.63037395477295,-8.647274017333984,-8.611008644104004,-8.538129806518555,-8.421487808227539,-8.278986930847168,-8.101631164550781,-7.938057899475098,-7.770059585571289,-7.6033830642700195,-7.4288835525512695,-7.2538838386535645,-7.088821887969971,-6.906500816345215,-6.741921424865723,-6.576888084411621,-6.415095329284668,-6.250133037567139,-6.109365463256836,-5.974789619445801,-5.843533992767334,-5.718151092529297,-5.606672286987305,-5.521247863769531,-5.4435625076293945
-0.7186926603317261,-0.6193220615386963,-0.6312896013259888,-0.2821824848651886,0.2581274211406708,-1.8292770385742188,-1.3620469570159912,-0.18826670944690704,-1.3016918897628784,-2.369028091430664,-0.8180708885192871,-3.280672073364258,-7.134382247924805,-7.8289384841918945,-8.129647254943848,-8.258740425109863,-8.512141227722168,-8.672988891601562,-8.726479530334473,-8.703191757202148,-8.650423049926758,-8.5457763671875,-8.414647102355957,-8.253589630126953,-8.083662986755371,-7.920012474060059,-7.742529392242432,-7.570102214813232,-7.389410018920898,-7.2122273445129395,-7.027550220489502,-6.8441667556762695,-6.673480033874512,-6.5075836181640625,-6.33229923248291,-6.176056861877441,-6.008871078491211,-5.87636661529541,-5.739786148071289,-5.625489234924316,-5.514571189880371,-5.421638488769531,-5.350296974182129
-0.5974224805831909,-1.0317708253860474,-1.0997040271759033,-0.5153146982192993,0.09769183397293091,-0.2153579592704773,-2.5821797847747803,-2.7848637104034424,-2.779839038848877,-2.6992063522338867,-1.2013238668441772,-3.160947322845459,-7.64457368850708,-8.124698638916016,-8.371249198913574,-8.486173629760742,-8.704893112182617,-8.792502403259277,-8.803147315979004,-8.764116287231445,-8.686891555786133,-8.562195777893066,-8.412596702575684,-8.254478454589844,-8.083601951599121,-7.9138007164001465,-7.730827331542969,-7.5371809005737305,-7.353057861328125,-7.160958290100098,-6.965635299682617,-6.775575637817383,-6.5961527824401855,-6.423117637634277,-6.244030952453613,-6.06937837600708,-5.907101631164551,-5.7566423416137695,-5.621545791625977,-5.498820781707764,-5.400428771972656,-5.3140716552734375,-5.243245601654053
0.07774575054645538,-0.9665344953536987,-1.971843957901001,-1.789844274520874,-1.9798345565795898,-2.1824917793273926,-1.1436448097229004,-4.4106340408325195,-2.061803102493286,-4.083747863769531,-5.044269561767578,-5.277369976043701,-8.167400360107422,-8.458788871765137,-8.602910995483398,-8.729745864868164,-8.849709510803223,-8.904060363769531,-8.886068344116211,-8.823941230773926,-8.716348648071289,-8.583491325378418,-8.427896499633789,-8.26362419128418,-8.090799331665039,-7.908829212188721,-7.7130126953125,-7.51618766784668,-7.311703681945801,-7.1043925285339355,-6.902640342712402,-6.703640460968018,-6.5189056396484375,-6.329146385192871,-6.133138656616211,-5.948887825012207,-5.785299301147461,-5.625302314758301,-5.506269931793213,-5.377172470092773,-5.278687953948975,-5.198770999908447,-5.141943454742432
-0.10685598850250244,-0.8329034447669983,-1.308305025100708,-1.2727816104888916,-2.3119874000549316,-0.8468879461288452,0.674717366695404,-1.5991146564483643,-2.7458882331848145,-1.0017813444137573,-3.5783326625823975,-9.51685905456543,-8.856579780578613,-8.78639030456543,-8.826467514038086,-8.93506908416748,-9.002725601196289,-9.017334938049316,-8.982620239257812,-8.895601272583008,-8.762550354003906,-8.620413780212402,-8.454946517944336,-8.286649703979492,-8.109038352966309,-7.913297653198242,-7.707605361938477,-7.4907121658325195,-7.26961612701416,-7.04891300201416,-6.834445953369141,-6.632440567016602,-6.427801132202148,-6.2230377197265625,-6.015008926391602,-5.827168941497803,-5.650683403015137,-5.489563465118408,-5.353536128997803,-5.24687385559082,-5.155577182769775,-5.08186149597168,-5.025818824768066
-1.894606113433838,-1.7208330631256104,-1.4792431592941284,-1.2412374019622803,-2.501894474029541,-2.9207587242126465,-2.5257046222686768,-3.4339041709899902,-3.195061206817627,-2.5370519161224365,-6.656688213348389,-9.463125228881836,-8.353788375854492,-6.80374813079834,-8.839103698730469,-9.111112594604492,-9.159058570861816,-9.13794994354248,-9.077201843261719,-8.965288162231445,-8.823709487915039,-8.665420532226562,-8.504241943359375,-8.328969955444336,-8.134504318237305,-7.923093318939209,-7.695675373077393,-7.462408542633057,-7.220387935638428,-6.991579532623291,-6.762273788452148,-6.543173789978027,-6.325087070465088,-6.09334135055542,-5.885790824890137,-5.679412841796875,-5.492990493774414,-5.339984893798828,-5.2199249267578125,-5.101334095001221,-5.027557373046875,-4.974108695983887,-4.911126136779785
-2.4060447216033936,-2.5637128353118896,-2.1538069248199463,-2.8577303886413574,-2.002328634262085,-2.0504231452941895,-4.411804676055908,-4.578100681304932,-3.622174024581909,-4.188946723937988,-6.460122108459473,-9.368748664855957,-8.230918884277344,-5.790328025817871,-8.501347541809082,-9.425031661987305,-9.344964981079102,-9.276141166687012,-9.180858612060547,-9.050101280212402,-8.891545295715332,-8.732233047485352,-8.559328079223633,-8.370524406433105,-8.158304214477539,-7.932628154754639,-7.684818267822266,-7.429914474487305,-7.184598922729492,-6.929330825805664,-6.676037788391113,-6.433182716369629,-6.207037925720215,-5.96476936340332,-5.733058452606201,-5.501654148101807,-5.315467834472656,-5.1695966720581055,-5.044541835784912,-4.9664306640625,-4.886592864990234,-4.837398529052734,-4.795349597930908
-2.071946859359741,-2.6553802490234375,-2.046419620513916,-1.7258837223052979,-0.4037894010543823,-0.5585188865661621,-2.655583381652832,-5.621328830718994,-6.89939022064209,-6.838602066040039,-5.432448387145996,-9.307022094726562,-7.203738212585449,-5.615457534790039,-9.808266639709473,-9.700382232666016,-9.551971435546875,-9.427268981933594,-9.290035247802734,-9.138880729675293,-8.976051330566406,-8.812670707702637,-8.625410079956055,-8.415719032287598,-8.196565628051758,-7.9504804611206055,-7.6872406005859375,-7.423097133636475,-7.146350860595703,-6.866488456726074,-6.595762252807617,-6.320034980773926,-6.0545854568481445,-5.796352386474609,-5.52472448348999,-5.289244651794434,-5.117015838623047,-4.973237037658691,-4.8682756423950195,-4.791058540344238,-4.724358558654785,-4.691200256347656,-4.669940948486328
-1.6136420965194702,-2.479971170425415,-2.713798761367798,-1.935281753540039,-0.8844015598297119,-2.3202202320098877,-5.959359645843506,-6.2279767990112305,-7.821399688720703,-7.791303634643555,-5.877534866333008,-6.8180389404296875,-7.806098937988281,-9.162454605102539,-10.049511909484863,-9.901928901672363,-9.733040809631348,-9.564886093139648,-9.405380249023438,-9.239616394042969,-9.08056640625,-8.896772384643555,-8.698789596557617,-8.485208511352539,-8.24443244934082,-7.983443737030029,-7.7088799476623535,-7.4249396324157715,-7.125038146972656,-6.8205766677856445,-6.509389400482178,-6.191042900085449,-5.8999481201171875,-5.604851722717285,-5.26186466217041,-4.97683572769165,-4.841412544250488,-4.75980806350708,-4.661313056945801,-4.5782365798950195,-4.541856288909912,-4.512909889221191,-4.517922878265381
-1.378990888595581,-2.229607343673706,-2.4329113960266113,-3.05729603767395,-3.2277936935424805,-3.8597288131713867,-4.962604522705078,-6.36079216003418,-8.027173042297363,-8.335639953613281,-9.229394912719727,-7.651595592498779,-7.826956272125244,-9.82834529876709,-10.11440372467041,-10.025456428527832,-9.8757963180542,-9.70777416229248,-9.526732444763184,-9.360543251037598,-9.185623168945312,-8.994942665100098,-8.778707504272461,-8.558235168457031,-8.304807662963867,-8.035429954528809,-7.746456623077393,-7.445978164672852,-7.1321210861206055,-6.798936367034912,-6.46162223815918,-6.1055426597595215,-5.7367024421691895,-5.388942241668701,-4.837850570678711,-4.238951683044434,-4.461614608764648,-4.497842788696289,-4.400145530700684,-4.324273109436035,-4.317288398742676,-4.350110054016113,-4.387085914611816
-1.5814049243927002,-1.85215163230896,-1.7277957201004028,-4.35673713684082,-3.1723873615264893,-4.199300289154053,-4.906959533691406,-6.604616165161133,-8.861333847045898,-8.901265144348145,-9.225885391235352,-9.196975708007812,-9.612869262695312,-10.117981910705566,-10.212882041931152,-10.1383056640625,-10.001076698303223,-9.837076187133789,-9.654436111450195,-9.484136581420898,-9.300599098205566,-9.103055953979492,-8.891530990600586,-8.637099266052246,-8.37972640991211,-8.097121238708496,-7.795253753662109,-7.479650974273682,-7.155858039855957,-6.826091766357422,-6.490847110748291,-6.151944160461426,-5.78088903427124,-5.293085098266602,-2.01351261138916,-0.36911535263061523,-4.050790309906006,-4.226030349731445,-4.090329170227051,-3.998997688293457,-4.067217826843262,-4.177639961242676,-4.2888288497924805
-2.2689614295959473,-2.386475086212158,-2.7918667793273926,-3.2634077072143555,-6.136900901794434,-6.3355183601379395,-6.483769416809082,-7.668304443359375,-9.322955131530762,-8.663562774658203,-7.418911457061768,-9.578855514526367,-9.963764190673828,-10.247596740722656,-10.299203872680664,-10.236113548278809,-10.109138488769531,-9.949756622314453,-9.787413597106934,-9.616146087646484,-9.428138732910156,-9.22268009185791,-8.99449348449707,-8.749343872070312,-8.478443145751953,-8.181375503540039,-7.87034797668457,-7.533683776855469,-7.186063766479492,-6.832202911376953,-6.483102321624756,-6.0787153244018555,-5.663769245147705,-2.060504913330078,-1.5089507102966309,-1.731068730354309,-1.4119873046875,-3.226663589477539,-3.739147663116455,-3.491452693939209,-3.786256790161133,-4.026752948760986,-4.173279762268066
-3.284804344177246,-3.6156551837921143,-3.601111888885498,-5.3595170974731445,-6.125946998596191,-6.462337970733643,-7.702840328216553,-9.117027282714844,-9.482300758361816,-9.283965110778809,-9.706470489501953,-9.916182518005371,-10.180386543273926,-10.349882125854492,-10.37897777557373,-10.316398620605469,-10.207754135131836,-10.073373794555664,-9.916502952575684,-9.749322891235352,-9.552663803100586,-9.352750778198242,-9.12705135345459,-8.874702453613281,-8.593006134033203,-8.281096458435059,-7.93686580657959,-7.5499677658081055,-7.0784711837768555,-6.524323463439941,-5.609342575073242,-2.2582039833068848,-0.9169033169746399,-0.6097012758255005,-0.12585581839084625,-1.125166654586792,-1.3849492073059082,-0.3991028368473053,-0.5620569586753845,-1.9536278247833252,-3.5972352027893066,-3.9144060611724854,-4.107245922088623
-3.3350725173950195,-3.351841926574707,-4.465818405151367,-6.730003356933594,-7.192981243133545,-7.24668025970459,-8.73812484741211,-9.372091293334961,-9.507818222045898,-9.602428436279297,-9.93376350402832,-10.156370162963867,-10.35112476348877,-10.442791938781738,-10.452728271484375,-10.399923324584961,-10.303647994995117,-10.188865661621094,-10.047330856323242,-9.873193740844727,-9.691763877868652,-9.495092391967773,-9.274149894714355,-9.013235092163086,-8.723199844360352,-8.383606910705566,-7.9929351806640625,-7.510067939758301,-6.706185340881348,-3.3827521800994873,-2.778628349304199,-1.671708583831787,-1.3440742492675781,-1.152402639389038,-0.724348783493042,-0.7108005881309509,-0.692613422870636,-0.38211891055107117,-0.14725011587142944,-0.5354726910591125,-3.1216228008270264,-3.988530158996582,-4.142643928527832
-3.2017550468444824,-4.089925765991211,-4.32562255859375,-5.5182576179504395,-7.8184123039245605,-8.542421340942383,-9.197020530700684,-9.500497817993164,-9.66545295715332,-9.884483337402344,-10.143279075622559,-10.342693328857422,-10.483257293701172,-10.534774780273438,-10.52938461303711,-10.480658531188965,-10.403411865234375,-10.301008224487305,-10.167953491210938,-10.012823104858398,-9.845982551574707,-9.661157608032227,-9.434837341308594,-9.175318717956543,-8.873028755187988,-8.532820701599121,-8.122763633728027,-7.573659896850586,-4.3882341384887695,-3.1005001068115234,-1.7853567600250244,-1.1752080917358398,-1.404682993888855,-1.0837738513946533,-0.26831305027008057,-0.4789021611213684,-0.47905027866363525,-0.30461061000823975,-0.6609761714935303,-2.651456832885742,-4.208186149597168,-4.239872455596924,-4.216412544250488
-4.081733703613281,-4.778051853179932,-5.933093547821045,-8.327880859375,-8.445740699768066,-9.025617599487305,-9.421036720275879,-9.63833236694336,-9.849419593811035,-10.097620010375977,-10.31916618347168,-10.489105224609375,-10.58917236328125,-10.627481460571289,-10.612157821655273,-10.563067436218262,-10.49631118774414,-10.412771224975586,-10.296968460083008,-10.160987854003906,-10.018275260925293,-9.835118293762207,-9.622143745422363,-9.35960865020752,-9.07522964477539,-8.753743171691895,-8.379639625549316,-7.264103412628174,-3.6755588054656982,-2.3612489700317383,-1.795621395111084,-1.2449846267700195,-0.9997361898422241,-0.35153183341026306,0.16213330626487732,-0.02636045217514038,0.16111740469932556,-0.1819690465927124,-1.5908124446868896,-4.0863518714904785,-4.396947860717773,-4.367870330810547,-4.288837432861328
