wind_JJA_night_3x3.json
{"header": {"parameterCategory": 2, "parameterUnit": "m/s", "nx": 74, "ny": 94, "lo1": 118.693, "la1": 26.2568353691, "lo2": 123.2203272787, "la2": 21.0494, "dx": 0.0620181819, "dy": 0.0559939287, "refTime": "2025-01-01 00:00:00", "forecastTime": 0, "parameterNumber": 3}, "data":
[rows 57 to 75 of 94, columns 0 to 42 of 74]
2.850679397583008,2.850362539291382,2.877180576324463,2.8796157836914062,2.886831521987915,2.8802778720855713,2.8782453536987305,2.8844659328460693,2.878145933151245,2.9010379314422607,2.92783784866333,2.9869139194488525,3.0443553924560547,3.080873966217041,3.124067544937134,3.130228042602539,3.1122095584869385,3.1003146171569824,3.041489362716675,2.955993175506592,2.874272584915161,2.801490545272827,2.4901885986328125,0.9198211431503296,0.6965737342834473,0.7177370190620422,0.7138469815254211,1.0480235815048218,0.24766933917999268,0.0871049091219902,0.11845250427722931,-0.031838446855545044,-1.1925289630889893,0.5529101490974426,0.03376204892992973,0.36330878734588623,0.14246127009391785,1.2069838047027588,0.7731236219406128,0.5151016712188721,-0.2554779648780823,-0.1534552276134491,-1.145796775817871
2.8667187690734863,2.8705687522888184,2.8999557495117188,2.908325672149658,2.921475887298584,2.94488263130188,2.9441752433776855,2.9402637481689453,2.9490363597869873,2.957084894180298,2.9915130138397217,3.047215461730957,3.0958895683288574,3.1154074668884277,3.138979196548462,3.1521639823913574,3.1442673206329346,3.101836919784546,3.029884099960327,2.9532697200775146,2.8673031330108643,2.781524658203125,2.6209378242492676,1.6007622480392456,0.8756598234176636,0.7230232357978821,0.8361661434173584,0.9343194961547852,0.5593402981758118,0.8924922347068787,-0.5187804698944092,-0.23505109548568726,-0.5217072367668152,0.4455196261405945,-0.1317809522151947,-1.2020809650421143,-1.073462724685669,-0.5838074088096619,-0.7372934818267822,-0.48150306940078735,-0.21738214790821075,-0.027054181322455406,-0.8241220116615295
2.8970630168914795,2.908952236175537,2.942627429962158,2.9699089527130127,2.975135326385498,2.991321563720703,3.017674207687378,3.0346999168395996,3.030886650085449,3.046647787094116,3.0712807178497314,3.120842933654785,3.146944999694824,3.1625404357910156,3.159238815307617,3.1658523082733154,3.134371042251587,3.095816135406494,3.045285701751709,2.9629602432250977,2.8551924228668213,2.734647750854492,2.5791354179382324,2.3122341632843018,0.9050117135047913,0.6343307495117188,0.5475128293037415,0.44309961795806885,0.6988004446029663,-0.6982326507568359,0.03857511281967163,-0.29198551177978516,-0.029363777488470078,-0.8329960107803345,-0.3966365456581116,-1.356400728225708,-0.5716149806976318,-1.324448823928833,-0.271586537361145,-0.6232211589813232,-0.42708471417427063,-0.8663673996925354,0.4364900588989258
2.946748733520508,2.9596006870269775,3.0003788471221924,3.0263121128082275,3.0489721298217773,3.0795984268188477,3.0888450145721436,3.102895736694336,3.1163272857666016,3.134573459625244,3.158736228942871,3.192979335784912,3.204159736633301,3.1984055042266846,3.198683261871338,3.1767094135284424,3.1606972217559814,3.107694625854492,3.0292513370513916,2.968715190887451,2.8600549697875977,2.695082664489746,2.53153657913208,2.2640812397003174,1.1714261770248413,0.43602871894836426,0.21317818760871887,-0.06022319942712784,-0.6411614418029785,-0.42701372504234314,-1.0564833879470825,-0.7162949442863464,-0.8101785182952881,0.32785093784332275,0.01296534575521946,0.43464499711990356,-0.5594706535339355,-1.7601161003112793,-0.6758238077163696,-0.7054131031036377,-0.4286440312862396,0.14186476171016693,-0.574407160282135
3.020435333251953,3.0431602001190186,3.091198682785034,3.117889165878296,3.1264455318450928,3.1527557373046875,3.1663763523101807,3.1854732036590576,3.210007429122925,3.2306807041168213,3.2587428092956543,3.266299247741699,3.2747745513916016,3.2828023433685303,3.2604763507843018,3.23801326751709,3.186161756515503,3.1231911182403564,3.0454299449920654,2.9475293159484863,2.8389265537261963,2.693384885787964,2.510483503341675,2.287586212158203,1.8596971035003662,0.4541100263595581,0.5284229516983032,0.43927648663520813,0.36975806951522827,-0.2374413013458252,-0.3559707999229431,-0.43517303466796875,0.3546159267425537,0.04130418971180916,0.5501350164413452,-1.25783109664917,-1.0590763092041016,0.8681728839874268,0.8296290636062622,-0.4766789674758911,-1.2880399227142334,-0.9289166927337646,-0.35748547315597534
3.1050801277160645,3.1334776878356934,3.183805465698242,3.2036232948303223,3.2164392471313477,3.238766670227051,3.2518270015716553,3.2778449058532715,3.314823627471924,3.337953805923462,3.361295461654663,3.38034987449646,3.358149766921997,3.3325717449188232,3.29445481300354,3.2615034580230713,3.2150564193725586,3.146885871887207,3.0487446784973145,2.9423534870147705,2.8480796813964844,2.6836042404174805,2.5293688774108887,2.3387091159820557,2.0350732803344727,0.6967434883117676,0.2898615300655365,0.11029134690761566,-0.018349196761846542,-0.6050413846969604,-0.20795224606990814,-0.16330118477344513,-0.7564957737922668,-0.4152643382549286,-1.5447605848312378,-0.856420636177063,0.7197396755218506,-0.21790604293346405,-0.6494634747505188,-0.9315534830093384,-1.8343522548675537,-0.7634174823760986,0.11842447519302368
3.2054717540740967,3.2273879051208496,3.2732138633728027,3.2837369441986084,3.3023648262023926,3.3132219314575195,3.342207670211792,3.395102024078369,3.419584035873413,3.4393560886383057,3.433168888092041,3.429689407348633,3.404135227203369,3.368574857711792,3.320223331451416,3.279416561126709,3.2444329261779785,3.1858527660369873,3.085139274597168,3.0086276531219482,2.8573336601257324,2.7072865962982178,2.5432422161102295,2.354576826095581,2.1135013103485107,1.1534709930419922,0.38198956847190857,0.2527291178703308,-0.252490758895874,-0.20158924162387848,-0.1164819672703743,0.07721500098705292,-0.133607417345047,0.07228368520736694,-1.1455553770065308,-0.1669037640094757,-1.3589028120040894,-1.3132171630859375,0.22202518582344055,-0.3773522675037384,-0.06925003230571747,-0.11395397782325745,0.3311045467853546
3.2919576168060303,3.3122544288635254,3.3590006828308105,3.394033908843994,3.3987560272216797,3.4145255088806152,3.4429473876953125,3.455836057662964,3.466273069381714,3.4938087463378906,3.4894633293151855,3.4667720794677734,3.4363324642181396,3.417787551879883,3.38718581199646,3.3375613689422607,3.269962787628174,3.203077554702759,3.131807565689087,3.011883020401001,2.8839945793151855,2.739476203918457,2.5900917053222656,2.399721384048462,2.1686244010925293,1.5924854278564453,0.6247456073760986,0.34076744318008423,-0.6227585077285767,-0.2557794451713562,-0.010813121683895588,0.11750500649213791,0.593770444393158,-0.482649564743042,0.7970576882362366,-1.5761154890060425,-1.6305501461029053,-0.7483246922492981,-0.6161119341850281,-0.2904694676399231,-0.059498660266399384,0.16326969861984253,0.5278117656707764
3.3738412857055664,3.390024185180664,3.440056562423706,3.488726854324341,3.498298168182373,3.501674175262451,3.5014193058013916,3.507660388946533,3.52370023727417,3.5426666736602783,3.5347800254821777,3.5151734352111816,3.500220775604248,3.4545087814331055,3.424335241317749,3.3741860389709473,3.323310375213623,3.259298086166382,3.163778066635132,3.0665040016174316,2.9250502586364746,2.7592649459838867,2.607665538787842,2.4287328720092773,2.183224678039551,1.8801722526550293,0.6910686492919922,0.37156936526298523,-0.07153061032295227,0.04414762184023857,-0.10767077654600143,-0.13270215690135956,-0.22278620302677155,0.6894068121910095,-1.070458173751831,-1.0997545719146729,0.775668203830719,0.19865703582763672,-0.23974627256393433,-0.02894257754087448,0.1417960524559021,0.41297855973243713,0.8140609264373779
3.460115432739258,3.4852614402770996,3.534642457962036,3.581940174102783,3.5808775424957275,3.5927772521972656,3.5699470043182373,3.572993040084839,3.5739831924438477,3.5673882961273193,3.5664262771606445,3.5427792072296143,3.524909496307373,3.4978411197662354,3.4551262855529785,3.4136290550231934,3.357126235961914,3.2938902378082275,3.2015249729156494,3.097209930419922,2.9737229347229004,2.819286346435547,2.6644890308380127,2.4424242973327637,2.19435977935791,1.9027137756347656,1.0835435390472412,0.48688140511512756,0.07750324159860611,-0.07035548239946365,-0.12865282595157623,-0.20859186351299286,-0.8622421026229858,-0.34858179092407227,-0.6074829697608948,-0.3093651831150055,0.08261898905038834,0.14411857724189758,-0.07426711171865463,0.14078915119171143,0.37225818634033203,0.7035523653030396,1.1481345891952515
3.5371789932250977,3.5592730045318604,3.600461959838867,3.650477886199951,3.6433725357055664,3.630913019180298,3.633297920227051,3.640320301055908,3.6297502517700195,3.602384090423584,3.588819742202759,3.57468318939209,3.5477476119995117,3.5283870697021484,3.4813003540039062,3.445469856262207,3.392162799835205,3.3255579471588135,3.23093318939209,3.1208443641662598,2.9977877140045166,2.8659279346466064,2.681239366531372,2.469794988632202,2.254213333129883,1.9882925748825073,1.7094204425811768,0.674588143825531,0.056680355221033096,0.0818498507142067,0.04894629865884781,0.14277832210063934,0.4578521251678467,-0.7655386328697205,-0.2779122292995453,-1.0338696241378784,-1.1133464574813843,-0.641813337802887,0.0032540401443839073,0.2804628908634186,0.6057037711143494,1.0027269124984741,1.458117961883545
3.6121013164520264,3.629746675491333,3.661107301712036,3.6996707916259766,3.6783194541931152,3.673759698867798,3.6707897186279297,3.646609306335449,3.6458513736724854,3.6253275871276855,3.6185896396636963,3.5866916179656982,3.5688507556915283,3.54672908782959,3.527130603790283,3.487288475036621,3.4282991886138916,3.3375346660614014,3.25249981880188,3.1398117542266846,3.0212621688842773,2.8880038261413574,2.716945171356201,2.5256409645080566,2.320101261138916,2.0682387351989746,1.784433126449585,1.3628077507019043,0.8555978536605835,0.021705055609345436,-0.20147225260734558,-0.4136385917663574,-1.2184743881225586,-1.0441876649856567,-1.627962350845337,-0.6259557008743286,-1.015105962753296,-0.7590600252151489,0.04777199774980545,0.4343344271183014,0.8690459728240967,1.3394250869750977,1.7687103748321533
3.670321464538574,3.6837425231933594,3.7092771530151367,3.7358789443969727,3.716535806655884,3.6905436515808105,3.682366132736206,3.6757466793060303,3.6417088508605957,3.640841007232666,3.633958578109741,3.624866247177124,3.6010398864746094,3.5738630294799805,3.5428857803344727,3.50229811668396,3.444523334503174,3.3692445755004883,3.26636004447937,3.163236379623413,3.040680408477783,2.904971122741699,2.7768654823303223,2.5856001377105713,2.396493434906006,2.14436936378479,1.8371632099151611,1.4493638277053833,0.961188018321991,0.3213212490081787,-0.15815627574920654,-0.4367581009864807,-0.2251870334148407,-0.07954752445220947,-0.6617709398269653,-0.2950339913368225,-0.5116626620292664,-0.6434531807899475,0.11020608991384506,0.7023561596870422,1.2079194784164429,1.6661038398742676,2.0708703994750977
3.7153561115264893,3.7221298217773438,3.7446727752685547,3.764711856842041,3.749309539794922,3.745415210723877,3.727883815765381,3.7163219451904297,3.700199604034424,3.6878364086151123,3.6593105792999268,3.637359380722046,3.6066367626190186,3.576281785964966,3.5504798889160156,3.505794048309326,3.441824197769165,3.366328239440918,3.266702175140381,3.1616568565368652,3.047530174255371,2.9330978393554688,2.787385940551758,2.619577169418335,2.4508137702941895,2.2238576412200928,1.9335066080093384,1.3477425575256348,1.065171718597412,0.48348164558410645,-0.09388785809278488,-0.5019029378890991,-0.3456740081310272,-1.1637989282608032,-0.34914863109588623,-0.585231363773346,-1.1055984497070312,-0.1554168462753296,0.5394533276557922,1.116950273513794,1.5858122110366821,1.9892723560333252,2.3234827518463135
3.7491941452026367,3.7567503452301025,3.782496690750122,3.8061063289642334,3.7830710411071777,3.763144016265869,3.7439305782318115,3.727118968963623,3.7231690883636475,3.703212261199951,3.6532039642333984,3.61859130859375,3.6095423698425293,3.583158016204834,3.5602235794067383,3.4987635612487793,3.439023494720459,3.3703219890594482,3.2792136669158936,3.1857190132141113,3.0743541717529297,2.943711280822754,2.8109993934631348,2.666956901550293,2.4772865772247314,2.2494559288024902,1.970229148864746,1.6304322481155396,1.238990306854248,0.689056932926178,0.09457845985889435,-0.47403866052627563,-0.9498854875564575,-1.3117036819458008,-0.9803749918937683,-0.9885970950126648,-0.7014683485031128,0.19695721566677094,0.8730258941650391,1.4072341918945312,1.8637919425964355,2.196376085281372,2.4867396354675293
3.7797112464904785,3.7840211391448975,3.811842203140259,3.8333969116210938,3.8115038871765137,3.7946012020111084,3.769986867904663,3.7607576847076416,3.72650146484375,3.6928014755249023,3.6867663860321045,3.6717207431793213,3.64011812210083,3.602888345718384,3.5632104873657227,3.5128042697906494,3.444862127304077,3.3570594787597656,3.269102096557617,3.18656587600708,3.089810848236084,2.9608776569366455,2.829742908477783,2.6809966564178467,2.5203824043273926,2.2886085510253906,2.0208961963653564,1.699913501739502,1.334316372871399,0.8641582727432251,0.24860449135303497,-0.5209468603134155,-1.2859992980957031,-0.549860954284668,-0.8749547600746155,0.31253525614738464,0.005946686025708914,0.4619910717010498,1.055914282798767,1.599151849746704,1.9703115224838257,2.2848167419433594,2.53164005279541
3.818258285522461,3.8217873573303223,3.8403353691101074,3.8566176891326904,3.8277268409729004,3.8148434162139893,3.7862112522125244,3.7693145275115967,3.747551202774048,3.7196717262268066,3.6951732635498047,3.685950517654419,3.6559011936187744,3.615981101989746,3.5628747940063477,3.5021920204162598,3.431321620941162,3.3577516078948975,3.2690210342407227,3.1945080757141113,3.107304573059082,2.987161159515381,2.85209321975708,2.7157084941864014,2.521869659423828,2.309960126876831,2.0668129920959473,1.7663661241531372,1.3939849138259888,0.9604535102844238,0.4216546416282654,-0.3362472951412201,-0.9829290509223938,0.40088245272636414,-0.2569642663002014,-0.7683972716331482,-0.30390653014183044,0.5771985650062561,1.1733131408691406,1.601271152496338,1.9290810823440552,2.2141990661621094,2.4240493774414062
3.8345279693603516,3.839351177215576,3.858269691467285,3.8728861808776855,3.836310863494873,3.8131656646728516,3.796039342880249,3.760206937789917,3.753319025039673,3.7480523586273193,3.7170491218566895,3.6837732791900635,3.667607307434082,3.6306724548339844,3.557439088821411,3.488790273666382,3.4204137325286865,3.344095468521118,3.2721707820892334,3.1881399154663086,3.091017007827759,2.991426706314087,2.876680850982666,2.712390899658203,2.5493361949920654,2.3332433700561523,2.098271369934082,1.8297841548919678,1.4818594455718994,1.0817707777023315,0.6230558753013611,0.15288269519805908,-0.1506195217370987,-1.0065808296203613,-0.37028831243515015,-0.6997590661048889,-0.4065132141113281,0.5047739744186401,1.0924092531204224,1.5154852867126465,1.8293195962905884,2.087354898452759,2.292360782623291
3.8463289737701416,3.84641695022583,3.86503005027771,3.8776350021362305,3.8617124557495117,3.8354954719543457,3.81630277633667,3.791297197341919,3.766429901123047,3.750272035598755,3.7321269512176514,3.7064666748046875,3.664910316467285,3.625288248062134,3.566937208175659,3.4841575622558594,3.4087414741516113,3.3522658348083496,3.282160997390747,3.192253589630127,3.092336416244507,2.967311143875122,2.851656436920166,2.728224754333496,2.564401149749756,2.3725011348724365,2.1414222717285156,1.8860459327697754,1.604458212852478,1.2990001440048218,0.9156774282455444,0.5610262155532837,-0.006391406059265137,-0.8758438229560852,-0.4160519242286682,-0.012870756909251213,-0.5229543447494507,0.4916656017303467,1.0121314525604248,1.4117927551269531,1.7394139766693115,2.00227689743042,2.2318551540374756
