wind_DJF_avg_4x4.json
{"header": {"parameterCategory": 2, "parameterUnit": "m/s", "nx": 55, "ny": 70, "lo1": 118.693, "la1": 26.200841440399998, "lo2": 123.1583090968, "la2": 21.0494, "dx": 0.0826909092, "dy": 0.0746585716, "refTime": "2025-01-01 00:00:00", "forecastTime": 0, "parameterNumber": 2}, "data":
[rows 19 to 37 of 70, columns 0 to 42 of 55]
-3.7279162406921387,-5.168495178222656,-5.371067047119141,-5.536372184753418,-5.530611991882324,-5.502917766571045,-5.452358245849609,-5.3846893310546875,-5.339217185974121,-5.3054704666137695,-5.257546424865723,-5.218491554260254,-5.186513900756836,-5.177733421325684,-5.196678638458252,-5.2407636642456055,-5.297211170196533,-5.361677646636963,-5.459680557250977,-5.569074630737305,-5.698644161224365,-5.843051433563232,-5.983234882354736,-6.116809844970703,-6.187821388244629,-6.142423152923584,-5.666686058044434,-2.2419121265411377,-1.0092887878417969,-1.8445494174957275,-1.9472062587738037,-1.0603523254394531,-0.5498017072677612,-1.987488031387329,0.31669366359710693,-0.9877214431762695,-0.25912219285964966,0.1469414234161377,-0.9429821372032166,-1.3966126441955566,-1.7835109233856201,-2.2791247367858887,-2.6840765476226807
-3.635861396789551,-5.436028480529785,-5.58929443359375,-5.677172660827637,-5.63374662399292,-5.556801795959473,-5.477113246917725,-5.416147232055664,-5.38165283203125,-5.348424911499023,-5.303476810455322,-5.260716438293457,-5.234099388122559,-5.229588031768799,-5.251466274261475,-5.2778520584106445,-5.3189697265625,-5.375603675842285,-5.455811023712158,-5.55394172668457,-5.670539379119873,-5.7999162673950195,-5.911394119262695,-5.973907947540283,-5.938955307006836,-5.618924617767334,-4.493292808532715,-1.2453019618988037,-0.7824583053588867,-0.3687888979911804,-0.5422046184539795,-1.1088182926177979,-0.20797862112522125,-1.9365774393081665,0.07827547937631607,0.1759222149848938,0.24147215485572815,0.39056727290153503,0.0950702428817749,-0.5033760070800781,-1.4017409086227417,-2.0712246894836426,-2.5727410316467285
-5.127716064453125,-5.562770366668701,-5.620037078857422,-5.716359615325928,-5.676304340362549,-5.586824417114258,-5.499656677246094,-5.447333335876465,-5.407768726348877,-5.367918968200684,-5.329228401184082,-5.289281845092773,-5.277892112731934,-5.267545700073242,-5.274022102355957,-5.290927410125732,-5.315173625946045,-5.354771614074707,-5.420147895812988,-5.497819423675537,-5.594949722290039,-5.689089775085449,-5.7468414306640625,-5.73319149017334,-5.526917457580566,-4.543858528137207,-1.0224170684814453,-0.7845978736877441,-1.2077832221984863,-0.3939841091632843,-1.0367926359176636,-1.2869877815246582,-0.6059744358062744,-1.0287644863128662,-0.5925042629241943,0.30431216955184937,0.2557814121246338,0.39787808060646057,0.7587790489196777,0.6502547264099121,-0.7701539993286133,-1.777578592300415,-2.4370689392089844
-5.748469352722168,-5.618350982666016,-5.651087760925293,-5.721612930297852,-5.68254280090332,-5.594806671142578,-5.520916938781738,-5.468691825866699,-5.425193786621094,-5.384159088134766,-5.344228744506836,-5.314306259155273,-5.292457580566406,-5.277050018310547,-5.271923065185547,-5.270594120025635,-5.280440330505371,-5.310058116912842,-5.351044178009033,-5.40712833404541,-5.466702938079834,-5.497635841369629,-5.479256629943848,-5.352975845336914,-4.970541954040527,-1.5498476028442383,-0.44678574800491333,-0.38017913699150085,-0.68903648853302,-0.5258468389511108,-0.7757715582847595,-0.6830756068229675,-0.5749978423118591,-0.6148024797439575,-0.11655636131763458,-0.7921735048294067,0.09993210434913635,0.2709956765174866,0.9339343905448914,1.2236034870147705,-0.30477574467658997,-1.5551879405975342,-2.316547393798828
-5.959613800048828,-5.671178340911865,-5.69011926651001,-5.716327667236328,-5.667470455169678,-5.594793796539307,-5.532767295837402,-5.4794158935546875,-5.432360649108887,-5.388794898986816,-5.351820468902588,-5.317119598388672,-5.287827491760254,-5.268076419830322,-5.246154308319092,-5.221973419189453,-5.2193498611450195,-5.229793071746826,-5.253620624542236,-5.27086067199707,-5.275258541107178,-5.235665321350098,-5.114072799682617,-4.809998512268066,-2.8302001953125,-1.19488525390625,-0.9033262729644775,-0.2612169086933136,-0.3536609709262848,-1.0937801599502563,-0.8515708446502686,-1.0721384286880493,-0.8651619553565979,-0.7994867563247681,-0.666714608669281,-0.7640310525894165,-0.08913469314575195,0.554212212562561,0.3357433080673218,0.27708709239959717,-0.4182131886482239,-1.4830889701843262,-2.2676782608032227
-5.978553295135498,-5.723265647888184,-5.72337532043457,-5.710480690002441,-5.645349502563477,-5.587304592132568,-5.528400897979736,-5.478279113769531,-5.43603515625,-5.386823654174805,-5.342767715454102,-5.304863929748535,-5.272238731384277,-5.233360290527344,-5.19622278213501,-5.1574249267578125,-5.129691123962402,-5.119939804077148,-5.110715866088867,-5.08444881439209,-5.024403095245361,-4.891937732696533,-4.632604122161865,-3.951829433441162,-0.8853062987327576,-1.3445351123809814,0.12478432059288025,0.12500739097595215,0.1049424409866333,-0.14494693279266357,-0.26233983039855957,-0.6705739498138428,-0.682586133480072,0.21289080381393433,-0.5928618311882019,-0.5158854126930237,-0.7971457242965698,0.24616679549217224,-0.006887972354888916,-0.2760991156101227,-0.7420700192451477,-1.5867630243301392,-2.275858163833618
-5.9409918785095215,-5.762328147888184,-5.740627288818359,-5.698620319366455,-5.630759239196777,-5.572248935699463,-5.518731117248535,-5.466997146606445,-5.419565200805664,-5.3698835372924805,-5.324995994567871,-5.277227878570557,-5.228771686553955,-5.180770397186279,-5.1222734451293945,-5.066009521484375,-5.023314476013184,-4.98101806640625,-4.927041530609131,-4.8450422286987305,-4.712673187255859,-4.4736175537109375,-4.090996742248535,-1.4248021841049194,0.10114970803260803,-0.9967243671417236,-0.15100564062595367,0.3040252923965454,0.23782998323440552,-0.9358674883842468,-1.7588038444519043,-0.7835687398910522,-1.2650102376937866,-1.2224459648132324,-0.8644909858703613,-0.15834343433380127,-0.0006559193134307861,-0.47908926010131836,-0.7731132507324219,-0.7923007607460022,-1.1105018854141235,-1.754855990409851,-2.372997283935547
-5.916769027709961,-5.777249336242676,-5.743072509765625,-5.683999538421631,-5.615153789520264,-5.552895545959473,-5.501165866851807,-5.449335098266602,-5.397294998168945,-5.343314170837402,-5.292351722717285,-5.235466003417969,-5.172342300415039,-5.100382328033447,-5.027216911315918,-4.957272529602051,-4.893364906311035,-4.813429832458496,-4.707246780395508,-4.5686163902282715,-4.35052490234375,-4.007955551147461,-2.891256809234619,-0.8807953596115112,0.47061216831207275,-0.3744725286960602,-0.10154801607131958,0.3524205684661865,-0.6013345718383789,-0.7470413446426392,-0.47557008266448975,-0.6749521493911743,-0.9887228012084961,-1.3495609760284424,-0.43531399965286255,-0.6463242173194885,-0.3909341096878052,-1.32937490940094,-1.2168996334075928,-1.174739122390747,-1.444610595703125,-1.9607439041137695,-2.513859272003174
-5.886717796325684,-5.770366668701172,-5.726369857788086,-5.6628007888793945,-5.596052169799805,-5.530538558959961,-5.4765520095825195,-5.41702938079834,-5.366271018981934,-5.309475898742676,-5.249881267547607,-5.17612361907959,-5.096968650817871,-5.00638484954834,-4.914027214050293,-4.8338165283203125,-4.734307289123535,-4.610330581665039,-4.457411289215088,-4.246004104614258,-3.95649790763855,-3.5687055587768555,-0.757507860660553,-0.06642529368400574,0.4597746729850769,-0.42439109086990356,0.3432234525680542,0.0898481011390686,0.04141360521316528,-0.07067251205444336,-0.8532216548919678,-0.3662833869457245,-1.1565020084381104,-0.768466591835022,-0.3803158402442932,-1.117568850517273,-1.1999764442443848,-2.197214365005493,-1.897792100906372,-1.603461742401123,-1.7714259624481201,-2.1922760009765625,-2.6490676403045654
-5.847929954528809,-5.747001647949219,-5.70833158493042,-5.638473987579346,-5.564586639404297,-5.502335071563721,-5.4412078857421875,-5.384975433349609,-5.327369689941406,-5.258440017700195,-5.190617561340332,-5.099307060241699,-5.003104209899902,-4.896304130554199,-4.791930198669434,-4.687966823577881,-4.55449104309082,-4.383780479431152,-4.17398738861084,-3.891274929046631,-3.5147318840026855,-1.8148043155670166,-0.020405113697052002,-0.04895326495170593,0.7287647724151611,0.6594743132591248,0.14770400524139404,0.2874823808670044,-0.030185163021087646,0.25818178057670593,0.1421169936656952,-0.7665054798126221,-1.1900207996368408,-0.6356167793273926,-0.4258739650249481,-0.6570740938186646,-1.0436168909072876,-2.6501970291137695,-2.247946262359619,-1.95805025100708,-2.0643157958984375,-2.4268593788146973,-2.811544895172119
-5.804375648498535,-5.711538314819336,-5.679614067077637,-5.606259346008301,-5.531255722045898,-5.464611053466797,-5.3947601318359375,-5.336966037750244,-5.2745490074157715,-5.200411796569824,-5.112200736999512,-5.0134663581848145,-4.892226219177246,-4.772279739379883,-4.652773857116699,-4.519516944885254,-4.349881172180176,-4.138016223907471,-3.861524820327759,-3.5113282203674316,-3.074227809906006,-0.5545557737350464,0.2422511875629425,0.49580812454223633,0.8295599818229675,0.3488883376121521,0.7282116413116455,0.8690808415412903,0.39257675409317017,-0.3556360602378845,-0.22326627373695374,-0.7659763097763062,-1.2241675853729248,-0.5145672559738159,-0.4186936020851135,-0.8379830121994019,-1.9015600681304932,-2.5967769622802734,-2.373609781265259,-2.209010124206543,-2.3273658752441406,-2.6405858993530273,-2.9641566276550293
-5.7570366859436035,-5.668567180633545,-5.645646095275879,-5.567363262176514,-5.486438751220703,-5.41862678527832,-5.349575996398926,-5.282260894775391,-5.203001976013184,-5.126204490661621,-5.019031047821045,-4.905290603637695,-4.772355079650879,-4.636111259460449,-4.4976277351379395,-4.334771156311035,-4.129477024078369,-3.865779399871826,-3.5216407775878906,-3.091569185256958,-2.028022527694702,-0.01671522855758667,0.6156582236289978,0.37455642223358154,0.8406418561935425,0.9996402263641357,0.8972709774971008,1.1380927562713623,0.5741410851478577,0.7424280643463135,-0.05957704782485962,-0.9387661814689636,-0.6001137495040894,-0.5969547033309937,0.0070875585079193115,0.1276029646396637,-1.8987619876861572,-2.4311580657958984,-2.3985695838928223,-2.4085326194763184,-2.559049606323242,-2.828667640686035,-3.0944747924804688
-5.704827308654785,-5.620477676391602,-5.605067253112793,-5.521689414978027,-5.439371109008789,-5.365907192230225,-5.293838977813721,-5.2134599685668945,-5.130596160888672,-5.033360481262207,-4.907440185546875,-4.777820587158203,-4.633047103881836,-4.485225677490234,-4.321911811828613,-4.130084991455078,-3.887164354324341,-3.573314666748047,-3.1780004501342773,-2.683699607849121,-0.5427470803260803,0.24319477379322052,0.6320371627807617,0.5760582685470581,0.5038489103317261,0.6871200799942017,0.14857906103134155,0.8963842391967773,0.022408008575439453,0.25849419832229614,-0.4554937779903412,-1.075039029121399,-0.8382064700126648,-0.19945083558559418,-0.2682461142539978,-0.34080299735069275,-1.542656421661377,-2.28609037399292,-2.417445421218872,-2.5412750244140625,-2.7113776206970215,-2.971022844314575,-3.239624261856079
-5.6495866775512695,-5.5663533210754395,-5.556036949157715,-5.4727783203125,-5.387985706329346,-5.306713104248047,-5.228031158447266,-5.140442848205566,-5.041525840759277,-4.9243035316467285,-4.788998126983643,-4.6413726806640625,-4.481045246124268,-4.318486213684082,-4.132173538208008,-3.91338849067688,-3.634884834289551,-3.283352851867676,-2.9199821949005127,-1.9901988506317139,-0.19529712200164795,0.3464137315750122,0.6885791420936584,0.5124685764312744,0.8045982122421265,0.6275571584701538,0.7250648140907288,0.427145779132843,-0.053626611828804016,0.2677873373031616,-0.9214556217193604,-0.8332893252372742,-0.6252824068069458,-0.2433958351612091,0.07843935489654541,-0.21009182929992676,-1.8432426452636719,-2.2733476161956787,-2.463289260864258,-2.641878128051758,-2.835740566253662,-3.0756263732910156,-3.3359580039978027
-5.591988563537598,-5.509417533874512,-5.503686904907227,-5.413809299468994,-5.326444625854492,-5.241645812988281,-5.156207084655762,-5.052941799163818,-4.942032337188721,-4.806764602661133,-4.654760837554932,-4.487770080566406,-4.3177490234375,-4.132775783538818,-3.9319729804992676,-3.6834335327148438,-3.3797667026519775,-3.0070295333862305,-1.9608126878738403,-0.6515003442764282,0.02718675136566162,0.44343939423561096,0.6374624967575073,0.8019434809684753,0.3853878378868103,0.34663647413253784,0.9922435879707336,0.5226626396179199,0.325069397687912,0.35914480686187744,-0.9392788410186768,-0.7882797122001648,-0.3394327163696289,-0.9004107713699341,-0.3022794723510742,0.26842182874679565,-1.74216890335083,-2.2274677753448486,-2.4999523162841797,-2.7098336219787598,-2.952824115753174,-3.1932859420776367,-3.446004867553711
-5.532473087310791,-5.451822280883789,-5.446918487548828,-5.354715347290039,-5.259793758392334,-5.172581672668457,-5.070434093475342,-4.961759567260742,-4.835239410400391,-4.688536167144775,-4.5246782302856445,-4.316123962402344,-4.131716251373291,-3.937570095062256,-3.713879108428955,-3.4426655769348145,-3.1039390563964844,-2.696530342102051,-1.3929390907287598,-0.33587610721588135,0.17262780666351318,0.4516524374485016,0.6186597347259521,0.619932234287262,0.31665998697280884,-0.08542793989181519,-0.06479352712631226,-0.1738297939300537,-0.3374202847480774,-0.14332044124603271,-0.5058709383010864,-1.0726978778839111,-0.42627954483032227,0.3141458034515381,-0.38840243220329285,0.12760794162750244,-1.7301058769226074,-2.196397304534912,-2.5177440643310547,-2.7893238067626953,-3.0384373664855957,-3.284928798675537,-3.5309112071990967
-5.47056770324707,-5.393963813781738,-5.386775493621826,-5.278888702392578,-5.187100887298584,-5.090892791748047,-4.974283218383789,-4.8611345291137695,-4.7253289222717285,-4.587541580200195,-4.1956329345703125,-4.367429733276367,-3.8690085411071777,-3.7247140407562256,-3.4842348098754883,-3.18833065032959,-2.8238327503204346,-2.405247211456299,-0.706725537776947,-0.07313504815101624,0.30398625135421753,0.4686088562011719,0.45041441917419434,0.12356558442115784,0.20149165391921997,-0.4890546202659607,-0.23383784294128418,0.5007177591323853,-0.45958399772644043,-0.886932373046875,-1.2850046157836914,-0.7003403902053833,-0.31322556734085083,-0.5140629410743713,0.6891540288925171,-0.5007209777832031,-1.6446950435638428,-2.1657843589782715,-2.5423991680145264,-2.848456382751465,-3.1157360076904297,-3.3725624084472656,-3.6181650161743164
-5.4070587158203125,-5.332048416137695,-5.321310997009277,-5.207120895385742,-5.1035003662109375,-4.991408348083496,-4.875701427459717,-4.738614082336426,-4.584961414337158,-4.361037731170654,-4.116736888885498,-2.5383148193359375,-3.599996328353882,-3.485572338104248,-3.2422165870666504,-2.925523281097412,-2.5280838012695312,-1.9441765546798706,-0.4253929555416107,0.05189862847328186,0.32531267404556274,0.4368159770965576,0.6304894089698792,0.08498024940490723,0.18418198823928833,0.403145432472229,-0.5770033597946167,-0.11468545347452164,-0.5018168091773987,-1.0556983947753906,-1.045062780380249,-0.006128840148448944,-0.2138519287109375,-0.0666348859667778,-0.027037501335144043,-0.37373965978622437,-1.557793140411377,-2.145023822784424,-2.5768351554870605,-2.908592462539673,-3.17716646194458,-3.445435047149658,-3.67753267288208
-5.344303607940674,-5.268303871154785,-5.247448921203613,-5.127277374267578,-5.011054039001465,-4.890758514404297,-4.759521007537842,-4.600113868713379,-4.421073913574219,-4.187595367431641,-3.576108932495117,-3.780526638031006,-3.562286376953125,-3.272188663482666,-2.999999523162842,-2.660585641860962,-2.2348620891571045,-1.5064362287521362,-0.20339244604110718,0.145115464925766,0.32986772060394287,0.4807439148426056,0.5456374883651733,0.289883553981781,0.2708882689476013,0.5289433002471924,-0.7590759992599487,-1.0218976736068726,-1.5710726976394653,-0.9576671123504639,-0.6491445302963257,-0.8762156367301941,-0.5441305041313171,-0.7102881073951721,0.8409309387207031,-0.48004311323165894,-1.5886268615722656,-2.1900224685668945,-2.6075944900512695,-2.952101945877075,-3.250930070877075,-3.525900363922119,-3.7651209831237793
