wind_DJF_night_4x4.json
{"header": {"parameterCategory": 2, "parameterUnit": "m/s", "nx": 55, "ny": 70, "lo1": 118.693, "la1": 26.200841440399998, "lo2": 123.1583090968, "la2": 21.0494, "dx": 0.0826909092, "dy": 0.0746585716, "refTime": "2025-01-01 00:00:00", "forecastTime": 0, "parameterNumber": 2}, "data":
[rows 38 to 56 of 70, columns 0 to 42 of 55]
-5.345029354095459,-5.250450134277344,-5.169107913970947,-5.051692962646484,-4.9339399337768555,-4.819361686706543,-4.675258159637451,-4.521139144897461,-4.362890243530273,-4.181697845458984,-3.7676985263824463,-3.6998977661132812,-3.557931900024414,-3.3141255378723145,-3.059828281402588,-2.8079559803009033,-2.607931137084961,-2.540801763534546,-1.1175825595855713,-0.6506502628326416,-0.24208508431911469,-0.8353996276855469,-0.980241596698761,-1.475057601928711,-0.6352502107620239,-1.6788963079452515,-0.395223468542099,-0.29845353960990906,-1.3292322158813477,0.4262514114379883,0.1061326265335083,-0.5210043787956238,0.11891074478626251,-0.26724162697792053,1.4183902740478516,0.038362592458724976,-0.9992006421089172,-1.874131202697754,-2.4978208541870117,-2.950331687927246,-3.298837900161743,-3.604722023010254,-3.846071481704712
-5.279534339904785,-5.177128314971924,-5.084208965301514,-4.95625114440918,-4.828195571899414,-4.6966962814331055,-4.54288387298584,-4.379003524780273,-4.204047203063965,-3.9882616996765137,-3.6171469688415527,-3.5638046264648438,-3.39461612701416,-3.1470589637756348,-2.8813517093658447,-2.6323788166046143,-2.5396430492401123,-2.608100175857544,-0.9654175043106079,-0.46328601241111755,-0.034775346517562866,-0.5343330502510071,-1.946654200553894,-0.13836435973644257,-0.5926519632339478,-0.8618337512016296,-0.5061857104301453,-0.9154059886932373,-1.7486919164657593,-1.2205464839935303,0.19972169399261475,0.572996973991394,0.07705998420715332,1.93467378616333,-0.09691508859395981,-0.6596918106079102,-1.3147964477539062,-2.043213129043579,-2.598787784576416,-3.0229930877685547,-3.3600449562072754,-3.688126802444458,-3.921243190765381
-5.213719367980957,-5.1001057624816895,-4.999910831451416,-4.8553900718688965,-4.712275505065918,-4.57700777053833,-4.411748886108398,-4.241453647613525,-4.063673973083496,-3.7346858978271484,-3.5150842666625977,-3.437391757965088,-3.2235755920410156,-2.976461887359619,-2.7107410430908203,-2.4799909591674805,-2.470811367034912,-2.5732262134552,-0.743377685546875,-0.22783008217811584,-0.40696191787719727,0.1773097813129425,-0.7246639728546143,-0.8507418632507324,-0.5584235191345215,-0.9082740545272827,-0.4171132445335388,-1.464669942855835,-0.9799754023551941,-0.8793437480926514,-0.12067607790231705,0.6614593863487244,-0.935129702091217,2.2900850772857666,-0.45413175225257874,-1.0780290365219116,-1.6377043724060059,-2.260019302368164,-2.7745509147644043,-3.1337528228759766,-3.4591519832611084,-3.7827444076538086,-4.00091552734375
-5.150356292724609,-5.023137092590332,-4.915531635284424,-4.746761322021484,-4.605081081390381,-4.443755626678467,-4.279776573181152,-4.097234725952148,-3.929924964904785,-3.5413596630096436,-3.394601821899414,-3.2726736068725586,-3.0464940071105957,-2.8092246055603027,-2.556281566619873,-2.355130672454834,-2.41176700592041,-2.2434844970703125,-0.6501672267913818,-0.0651567205786705,-0.3223499059677124,-0.7263468503952026,-0.4525514841079712,-0.16130174696445465,-1.2934480905532837,-0.0896439477801323,-1.7239954471588135,-0.7176227569580078,0.18846964836120605,0.23160959780216217,0.34899941086769104,-0.7175289392471313,-1.113230586051941,1.2109826803207397,-0.6833994388580322,-1.3864526748657227,-1.950977087020874,-2.500981330871582,-2.898798704147339,-3.27888822555542,-3.5777642726898193,-3.874542713165283,-4.096192359924316
-5.085561752319336,-4.946959972381592,-4.824522018432617,-4.64210319519043,-4.491400241851807,-4.314224720001221,-4.145652770996094,-3.949662923812866,-3.6790528297424316,-3.437041759490967,-3.2947332859039307,-3.1092076301574707,-2.8804197311401367,-2.6515653133392334,-2.4047038555145264,-2.25642728805542,-2.3774490356445312,-1.7075800895690918,-0.5656144618988037,-0.09304969757795334,-0.0834885686635971,0.27960848808288574,-0.2825094759464264,-0.42401358485221863,-0.21313969790935516,-0.6244112849235535,-1.6335804462432861,-0.4134686589241028,-0.5946221351623535,0.0019935276359319687,0.7499234080314636,-1.149946928024292,-0.2458006739616394,-0.40066319704055786,-1.3578743934631348,-1.8052260875701904,-2.290437936782837,-2.7337658405303955,-3.096204996109009,-3.4191627502441406,-3.706239700317383,-3.9839963912963867,-4.204893112182617
-5.0183515548706055,-4.870368957519531,-4.734135627746582,-4.545266628265381,-4.371416091918945,-4.20015811920166,-4.01230525970459,-3.851515769958496,-3.420684337615967,-3.319349765777588,-3.1732072830200195,-2.9584505558013916,-2.7281928062438965,-2.4943203926086426,-2.258984327316284,-2.1486639976501465,-2.3389203548431396,-1.6043559312820435,-0.570901095867157,0.19543984532356262,-0.5129410028457642,0.6081852912902832,-0.2607778012752533,-0.9208679795265198,-0.8690109252929688,0.9498730301856995,-2.002854108810425,-1.4462811946868896,-0.19402293860912323,-0.3187388777732849,-0.3347187936306,1.1632204055786133,0.15163014829158783,-1.4560335874557495,-2.014162063598633,-2.244518280029297,-2.645143508911133,-2.9804282188415527,-3.272249460220337,-3.5645155906677246,-3.8346166610717773,-4.095370292663574,-4.288573265075684
-4.953129768371582,-4.795876979827881,-4.647154808044434,-4.445822715759277,-4.273472785949707,-4.085432052612305,-3.8931503295898438,-3.701124906539917,-3.347928047180176,-3.227245807647705,-3.0400943756103516,-2.811418056488037,-2.5824267864227295,-2.3501877784729004,-2.126096725463867,-2.018167734146118,-2.2027459144592285,-1.6769503355026245,-0.5849548578262329,-0.08725858479738235,-0.4039917588233948,-0.05600142851471901,-0.12616905570030212,-0.4661495089530945,-0.8682093024253845,-0.34503185749053955,-1.6422741413116455,-0.04846607893705368,-0.5538694858551025,0.16217248141765594,0.13967913389205933,1.2128018140792847,-0.22599820792675018,-2.0294036865234375,-2.488548517227173,-2.682377815246582,-2.9876556396484375,-3.219052314758301,-3.4844346046447754,-3.73909854888916,-3.9862232208251953,-4.2249040603637695,-4.388279914855957
-4.892840385437012,-4.72663688659668,-4.566436290740967,-4.352906227111816,-4.175875186920166,-3.988466262817383,-3.8071625232696533,-3.4862191677093506,-3.2874791622161865,-3.1299500465393066,-2.9109628200531006,-2.679776191711426,-2.4514381885528564,-2.2123453617095947,-1.9972163438796997,-1.8947420120239258,-2.002321481704712,-1.4116511344909668,-0.8412150144577026,-0.28007712960243225,-0.2683975398540497,0.1996331363916397,0.725574791431427,-0.29739028215408325,-1.0483999252319336,-1.5997464656829834,-2.679287910461426,0.27966874837875366,0.47513270378112793,1.4550966024398804,0.880146324634552,0.006721242796629667,-1.9812251329421997,-2.61507248878479,-2.8780550956726074,-3.079474687576294,-3.2948317527770996,-3.4683122634887695,-3.687191963195801,-3.906360626220703,-4.132364749908447,-4.3276567459106445,-4.526008605957031
-4.838130950927734,-4.662817001342773,-4.496196746826172,-4.276004791259766,-4.091063976287842,-3.897129535675049,-3.71230411529541,-3.370624542236328,-3.2200493812561035,-3.026669979095459,-2.801382303237915,-2.56650972366333,-2.3297348022460938,-2.0827796459198,-1.8821160793304443,-1.7737318277359009,-1.7513307332992554,-1.1837217807769775,-0.8200723528862,-0.3786783218383789,-0.49347788095474243,0.3221709132194519,0.6423617601394653,0.5278011560440063,-1.0510988235473633,-1.875609040260315,-1.464202642440796,-0.9160307049751282,0.48429200053215027,1.1221740245819092,0.7479034662246704,-1.4207381010055542,-2.764279842376709,-3.087449073791504,-3.2317628860473633,-3.464418888092041,-3.562206506729126,-3.7080321311950684,-3.8492329120635986,-4.071949481964111,-4.2755446434021,-4.465847969055176,-4.622017860412598
-4.784344673156738,-4.604146480560303,-4.429251670837402,-4.199498176574707,-4.014073371887207,-3.8243672847747803,-3.5874404907226562,-3.3317153453826904,-3.1483561992645264,-2.943178176879883,-2.7124414443969727,-2.4746899604797363,-2.2236132621765137,-1.9777450561523438,-1.7759547233581543,-1.659476637840271,-1.5091403722763062,-1.009951114654541,-0.7983980178833008,-0.4672612249851227,0.25951486825942993,1.0268226861953735,-0.08137653768062592,0.05441845580935478,-1.0635626316070557,-1.4490439891815186,-1.573569893836975,-0.08112095296382904,1.17979896068573,1.1866391897201538,0.0811900943517685,-2.3567042350769043,-3.204897165298462,-3.452793836593628,-3.585280179977417,-3.7519774436950684,-3.8650548458099365,-3.9265239238739014,-4.067235469818115,-4.248760223388672,-4.4155097007751465,-4.610681056976318,-4.720244884490967
-4.7368574142456055,-4.550535202026367,-4.371695518493652,-4.136448860168457,-3.946056604385376,-3.7630395889282227,-3.484123468399048,-3.2879254817962646,-3.0984578132629395,-2.8718202114105225,-2.646116018295288,-2.3837146759033203,-2.142587900161743,-1.8892031908035278,-1.6915993690490723,-1.5549557209014893,-1.3108936548233032,-0.8635783195495605,-0.7682949304580688,-0.28071877360343933,0.2984859049320221,0.15872417390346527,0.1639251559972763,0.27283942699432373,-0.8572013974189758,-2.059819221496582,0.47670623660087585,0.47388631105422974,0.9309295415878296,-0.42399024963378906,-1.3071608543395996,-2.9447085857391357,-3.535604476928711,-3.748305082321167,-3.180427074432373,-4.010118007659912,-4.104240894317627,-4.144160747528076,-4.273548603057861,-4.412102222442627,-4.581531524658203,-4.738194942474365,-4.818386554718018
-4.708432674407959,-4.5158843994140625,-4.333998680114746,-4.093420028686523,-3.9012813568115234,-3.6891515254974365,-3.432452917098999,-3.2480056285858154,-3.0440711975097656,-2.8155922889709473,-2.571894407272339,-2.3167073726654053,-2.068897008895874,-1.8266396522521973,-1.6304981708526611,-1.4588080644607544,-1.1394143104553223,-0.6804020404815674,-0.3808283507823944,-0.6063972115516663,-0.0817079097032547,0.34322357177734375,0.4886106550693512,0.1099465936422348,-0.5340877771377563,-1.8702843189239502,1.190806269645691,0.618805468082428,1.1541352272033691,-1.0296756029129028,-2.2613799571990967,-3.392479658126831,-3.801942825317383,-4.047372341156006,-4.093523025512695,-4.3163957595825195,-4.316608905792236,-4.372122287750244,-4.44030237197876,-4.600286960601807,-4.739984512329102,-4.842035293579102,-4.935006618499756
-4.699062824249268,-4.502114295959473,-4.314013957977295,-4.066312789916992,-3.874222993850708,-3.6428136825561523,-3.423900604248047,-3.222203254699707,-3.0046801567077637,-2.7777106761932373,-2.5307743549346924,-2.2792344093322754,-2.0373497009277344,-1.800342321395874,-1.5810582637786865,-1.3765116930007935,-1.0166479349136353,-0.5735877752304077,-0.2914484441280365,-0.2631519138813019,-0.10664752125740051,-0.1385721117258072,0.06304530054330826,-0.1626279652118683,-2.0274014472961426,-3.0337743759155273,0.4436463713645935,1.2465589046478271,-0.1760794073343277,-1.7295258045196533,-2.95426344871521,-3.730355739593506,-4.0889506340026855,-4.2484540939331055,-4.448315620422363,-4.516367435455322,-4.514578819274902,-4.554604530334473,-4.627984523773193,-4.767004013061523,-4.879039287567139,-4.951470375061035,-5.038913726806641
-4.699342727661133,-4.50153923034668,-4.303356647491455,-4.051353931427002,-3.8516898155212402,-3.6268081665039062,-3.435760974884033,-3.2121195793151855,-2.9960618019104004,-2.7616183757781982,-2.5212478637695312,-2.2711610794067383,-2.017169713973999,-1.7916010618209839,-1.5744028091430664,-1.338385820388794,-0.963980495929718,-0.5452986359596252,-0.2661419212818146,-0.13613112270832062,-0.11675315350294113,-0.262349933385849,-0.08359944820404053,0.1817876249551773,-2.5786328315734863,-4.264680862426758,0.43318799138069153,1.0447547435760498,-1.249930500984192,-2.4993903636932373,-3.4718074798583984,-4.030274391174316,-4.374300479888916,-4.481075763702393,-4.690302848815918,-4.722422122955322,-4.713296890258789,-4.728120803833008,-4.819847106933594,-4.916213035583496,-5.003243446350098,-5.0835137367248535,-5.136146545410156
-4.711539268493652,-4.518731117248535,-4.295074939727783,-4.057574272155762,-3.8537888526916504,-3.6566152572631836,-3.452054500579834,-3.2342309951782227,-3.012816905975342,-2.776827096939087,-2.5369131565093994,-2.2980775833129883,-2.0626115798950195,-1.8421721458435059,-1.6172850131988525,-1.3673701286315918,-0.9980405569076538,-0.6213153004646301,-0.356112539768219,-0.21045109629631042,-0.2546941637992859,-0.2660668194293976,-0.21288423240184784,0.46733197569847107,-1.8805770874023438,-3.224540948867798,0.2135712057352066,-0.9644680023193359,-2.27109432220459,-3.1929476261138916,-3.901780605316162,-4.3426127433776855,-4.609396934509277,-4.7653422355651855,-4.881443023681641,-4.905341625213623,-4.884706020355225,-4.932609558105469,-4.998775482177734,-5.05952787399292,-5.125953674316406,-5.198500156402588,-5.238879680633545
-4.742919445037842,-4.549975872039795,-4.325681686401367,-4.093503952026367,-3.8891682624816895,-3.699115037918091,-3.4974231719970703,-3.2881436347961426,-3.070289134979248,-2.83247709274292,-2.608884811401367,-2.3877944946289062,-2.1661314964294434,-1.9571548700332642,-1.737926721572876,-1.4882506132125854,-1.1443290710449219,-0.8334975242614746,-0.6145491600036621,-0.49078813195228577,-0.528156578540802,-0.4545297920703888,-0.3190925717353821,-0.08907385170459747,-0.6541216969490051,-3.539565086364746,-0.8504899144172668,-0.8797141909599304,-2.888993263244629,-3.7788262367248535,-4.29067325592041,-4.646338939666748,-4.83416223526001,-5.014464378356934,-5.073055744171143,-5.060175895690918,-5.057573318481445,-5.093533515930176,-5.1456499099731445,-5.190489292144775,-5.245433330535889,-5.292502403259277,-5.3322319984436035
-4.777857780456543,-4.590481281280518,-4.362293243408203,-4.143787860870361,-3.9653658866882324,-3.787537097930908,-3.593872547149658,-3.3915815353393555,-3.1735897064208984,-2.940176248550415,-2.728665828704834,-2.51733136177063,-2.3318490982055664,-2.1479036808013916,-1.9459620714187622,-1.7108725309371948,-1.4333547353744507,-1.188377857208252,-1.0431325435638428,-0.9918815493583679,-1.072697401046753,-1.2982325553894043,-1.7057775259017944,-2.099294662475586,-3.0292956829071045,-4.5989837646484375,-2.633883237838745,-1.2508282661437988,-3.396684169769287,-4.213082313537598,-4.656141757965088,-4.9342780113220215,-5.101142883300781,-5.230265140533447,-5.232016086578369,-5.223145008087158,-5.202329158782959,-5.236736297607422,-5.277112007141113,-5.318157196044922,-5.348998069763184,-5.396073341369629,-5.443972110748291
-4.8292927742004395,-4.645259380340576,-4.412409782409668,-4.194808483123779,-4.050797462463379,-3.8735103607177734,-3.697510004043579,-3.5047426223754883,-3.304025411605835,-3.099968433380127,-2.8971266746520996,-2.7122082710266113,-2.5519769191741943,-2.40138578414917,-2.250157356262207,-2.04611873626709,-1.8360276222229004,-1.670799970626831,-1.6312191486358643,-1.697129249572754,-1.9488039016723633,-2.277146816253662,-2.61898136138916,-2.5663390159606934,-3.1810598373413086,-3.38993501663208,-2.9611330032348633,-2.3610172271728516,-3.997878074645996,-4.667157173156738,-5.001224994659424,-5.205182075500488,-5.34959602355957,-5.410640716552734,-5.469002723693848,-5.367847442626953,-5.318792819976807,-5.354601860046387,-5.390718460083008,-5.446898937225342,-5.476984024047852,-5.496963977813721,-5.5417914390563965
-4.905634880065918,-4.726106643676758,-4.478712558746338,-4.291525840759277,-4.135356426239014,-3.975290298461914,-3.813793659210205,-3.640639305114746,-3.4713268280029297,-3.2766294479370117,-3.122957706451416,-2.980393648147583,-2.8479831218719482,-2.72048020362854,-2.5821337699890137,-2.4352498054504395,-2.274836301803589,-2.2082056999206543,-2.2612202167510986,-2.4371259212493896,-2.6418137550354004,-2.7979531288146973,-2.730607032775879,-3.039891242980957,-4.10734224319458,-2.8642070293426514,-2.0609655380249023,-3.6912713050842285,-4.694756031036377,-5.124847888946533,-5.342503547668457,-5.483170986175537,-5.536338806152344,-5.5323686599731445,-5.41591215133667,-3.783416271209717,-5.279940605163574,-5.4693603515625,-5.543214797973633,-5.5691070556640625,-5.58183479309082,-5.601554870605469,-5.608343601226807
