wind_JJA_night_4x4.json
{"header": {"parameterCategory": 2, "parameterUnit": "m/s", "nx": 55, "ny": 70, "lo1": 118.693, "la1": 26.200841440399998, "lo2": 123.1583090968, "la2": 21.0494, "dx": 0.0826909092, "dy": 0.0746585716, "refTime": "2025-01-01 00:00:00", "forecastTime": 0, "parameterNumber": 2}, "data":
[rows 0 to 18 of 70, columns 0 to 42 of 55]
0.673189640045166,0.32994288206100464,-0.38084733486175537,-0.33964401483535767,0.046748749911785126,0.00752708874642849,-0.01593507081270218,0.6627576351165771,0.9876147508621216,0.8920520544052124,0.6751673221588135,0.3898182809352875,0.3983728289604187,0.6087112426757812,0.8565927743911743,1.0086157321929932,1.2055467367172241,1.197863221168518,1.210281491279602,1.2482198476791382,1.2774102687835693,1.3127729892730713,1.3329951763153076,1.341052770614624,1.3352413177490234,1.3155238628387451,1.2819801568984985,1.2435803413391113,1.1990348100662231,1.1495938301086426,1.086256742477417,1.0181411504745483,0.9398337602615356,0.8539448380470276,0.7590458989143372,0.6630515456199646,0.566238522529602,0.4651009440422058,0.36635005474090576,0.2710755467414856,0.18402476608753204,0.11125428974628448,0.05723198130726814
1.4660053253173828,0.36299580335617065,-0.3150225877761841,-0.13731087744235992,0.3160216808319092,0.37692922353744507,0.18521808087825775,0.01636110059916973,0.15625673532485962,0.5743482112884521,0.9954789876937866,0.5057249069213867,0.21502189338207245,0.3823636770248413,0.8095225095748901,0.888175368309021,1.1720236539840698,1.1506590843200684,1.1975493431091309,1.2588553428649902,1.3196566104888916,1.3560372591018677,1.3758591413497925,1.3896477222442627,1.4003416299819946,1.3834055662155151,1.3534505367279053,1.3231393098831177,1.271843671798706,1.2184975147247314,1.1549853086471558,1.0660828351974487,0.967395007610321,0.8592725396156311,0.7561233639717102,0.6411959528923035,0.5258612632751465,0.3982965350151062,0.28698766231536865,0.18125799298286438,0.10388769954442978,0.0438159704208374,-0.00570570956915617
1.1046044826507568,0.05883488431572914,-0.4585169553756714,-0.21877308189868927,0.5341611504554749,1.035366177558899,0.4355539083480835,-0.09843629598617554,-0.6280305981636047,0.7166037559509277,0.4914725124835968,0.08214575797319412,0.09435334801673889,0.5399487614631653,0.9441545009613037,1.1136764287948608,1.11553955078125,1.1308197975158691,1.1889625787734985,1.2836520671844482,1.3375303745269775,1.3749457597732544,1.3991652727127075,1.4264713525772095,1.4168349504470825,1.4123473167419434,1.3888678550720215,1.3540306091308594,1.2951924800872803,1.2359645366668701,1.1719189882278442,1.0995612144470215,1.0021209716796875,0.8759633898735046,0.7611245512962341,0.6512964367866516,0.5051229000091553,0.36156219244003296,0.23426207900047302,0.11640147864818573,0.03973754495382309,0.0004558572545647621,-0.049253713339567184
1.0695253610610962,0.35044729709625244,0.1197691336274147,-0.7182192802429199,-0.03721947968006134,1.1494351625442505,0.29021239280700684,0.027066636830568314,-0.17715412378311157,0.02875363454222679,-0.44025087356567383,0.3551895022392273,0.09521027654409409,0.9647848010063171,1.1657832860946655,1.23419189453125,1.0847032070159912,1.204908013343811,1.2890199422836304,1.3747310638427734,1.4170634746551514,1.442134976387024,1.4830315113067627,1.5128223896026611,1.5075827836990356,1.4958713054656982,1.4940259456634521,1.448077917098999,1.4016445875167847,1.3455674648284912,1.2752820253372192,1.195436954498291,1.0835130214691162,0.9724275469779968,0.8366327285766602,0.6926391124725342,0.5265374183654785,0.35715577006340027,0.20723271369934082,0.07858820259571075,0.0008427686989307404,-0.04581042006611824,-0.08984997868537903
0.5106229782104492,0.634139358997345,1.1458208560943604,-0.4530605673789978,0.5264478921890259,0.9675381183624268,1.0835262537002563,0.05341627821326256,0.21467992663383484,0.24162134528160095,0.37240004539489746,0.16242559254169464,0.7275403141975403,1.2962491512298584,1.3206323385238647,1.2727255821228027,1.2043368816375732,1.2937991619110107,1.407720923423767,1.4695037603378296,1.4964861869812012,1.5295437574386597,1.5651860237121582,1.581636905670166,1.5800235271453857,1.5881993770599365,1.5943338871002197,1.5660531520843506,1.5265604257583618,1.4743027687072754,1.4069496393203735,1.3308477401733398,1.2057583332061768,1.0678073167800903,0.9140733480453491,0.7588214874267578,0.5500876307487488,0.3623202443122864,0.1760939061641693,0.05881309136748314,-0.033311259001493454,-0.10285784304141998,-0.13394543528556824
-0.18102924525737762,0.7058045864105225,1.2152105569839478,0.815844714641571,-0.3414008915424347,-0.04463259130716324,-0.5490081310272217,1.122556209564209,0.0663650780916214,0.912434458732605,0.9442245364189148,-0.19380998611450195,1.3074995279312134,1.5007290840148926,1.428394079208374,1.2698354721069336,1.2780956029891968,1.4126845598220825,1.4982243776321411,1.5482182502746582,1.5869626998901367,1.616710901260376,1.6375781297683716,1.6512808799743652,1.6697579622268677,1.6804083585739136,1.6867130994796753,1.6757341623306274,1.6429637670516968,1.6084320545196533,1.5479745864868164,1.4744532108306885,1.3396201133728027,1.1728172302246094,1.008398175239563,0.7986806035041809,0.5790145397186279,0.3606744110584259,0.17441126704216003,0.020832931622862816,-0.07019782066345215,-0.14759594202041626,-0.18750222027301788
0.3674708306789398,0.6036909818649292,0.10753581672906876,0.25052282214164734,1.2836155891418457,0.963312566280365,0.12501800060272217,0.6668349504470825,0.18937164545059204,-0.46004563570022583,0.7358814477920532,1.8965449333190918,1.8391435146331787,1.6746450662612915,1.3307554721832275,1.2598830461502075,1.419503927230835,1.5480138063430786,1.6031681299209595,1.644797921180725,1.6714725494384766,1.692922592163086,1.7073895931243896,1.7244157791137695,1.7645314931869507,1.7849713563919067,1.7986769676208496,1.8039610385894775,1.78264319896698,1.7483917474746704,1.7127339839935303,1.6192536354064941,1.4708932638168335,1.301279902458191,1.10094153881073,0.880529522895813,0.6143904328346252,0.36313483119010925,0.13181377947330475,-0.021553661674261093,-0.1261635571718216,-0.20736797153949738,-0.24607767164707184
0.7770317792892456,0.558154284954071,0.2514045238494873,0.47097617387771606,0.23689202964305878,0.8950827121734619,0.7984588146209717,0.9049439430236816,0.7422012090682983,0.35595983266830444,0.7474260926246643,1.8606376647949219,1.751259207725525,1.5137287378311157,1.2910020351409912,1.3503162860870361,1.5915155410766602,1.6657373905181885,1.6957851648330688,1.7140616178512573,1.7416647672653198,1.7624075412750244,1.7881512641906738,1.8078131675720215,1.8416756391525269,1.8849107027053833,1.9082704782485962,1.927513599395752,1.928863525390625,1.9153615236282349,1.862320065498352,1.7755742073059082,1.632763147354126,1.427211046218872,1.2181811332702637,0.9628490805625916,0.6747161746025085,0.35171234607696533,0.08571735769510269,-0.09965267777442932,-0.22542445361614227,-0.2900727391242981,-0.30734172463417053
1.1629244089126587,1.0268727540969849,0.7684113383293152,0.5062529444694519,-0.41160711646080017,0.5419648885726929,0.8097777366638184,0.07419462502002716,0.34055426716804504,0.7453206777572632,1.131418228149414,0.9730948209762573,1.3742012977600098,0.7320540547370911,1.0561704635620117,1.598253607749939,1.7387641668319702,1.745449185371399,1.7688316106796265,1.7924386262893677,1.812464714050293,1.8492200374603271,1.8556883335113525,1.8836898803710938,1.9451866149902344,1.9864968061447144,2.0196361541748047,2.060891628265381,2.0661349296569824,2.061952590942383,2.0337889194488525,1.9465333223342896,1.779077172279358,1.5659610033035278,1.3359663486480713,1.0375161170959473,0.6929335594177246,0.3217490613460541,0.012764811515808105,-0.21541553735733032,-0.35043662786483765,-0.38287368416786194,-0.38703733682632446
0.7664822340011597,1.3691158294677734,1.3529688119888306,0.07830631732940674,0.8002637624740601,1.1127989292144775,1.2050013542175293,1.026320219039917,1.2122914791107178,1.1699435710906982,0.46158212423324585,0.784721851348877,1.4767131805419922,0.5345249772071838,1.2786532640457153,1.8777531385421753,1.8375020027160645,1.817746877670288,1.836500644683838,1.8527511358261108,1.8844883441925049,1.9062083959579468,1.9363590478897095,1.9838943481445312,2.04655122756958,2.1035733222961426,2.1571338176727295,2.1997973918914795,2.2307231426239014,2.2300634384155273,2.2031383514404297,2.0935213565826416,1.939193606376648,1.7091631889343262,1.4504746198654175,1.0884944200515747,0.6736786365509033,0.24183037877082825,-0.1283988356590271,-0.4019198417663574,-0.4943799376487732,-0.4917496144771576,-0.4550463557243347
0.38849031925201416,1.1391088962554932,1.3416266441345215,-0.11410170793533325,0.4464757442474365,0.6377635598182678,0.9462819695472717,1.7607746124267578,2.125847339630127,1.8192543983459473,1.0361921787261963,1.1927968263626099,1.1802488565444946,1.090925693511963,1.800919771194458,1.9080013036727905,1.8659650087356567,1.871178150177002,1.8892525434494019,1.9091637134552002,1.9234743118286133,1.959202766418457,2.0013508796691895,2.0785598754882812,2.1510696411132812,2.225938558578491,2.2980473041534424,2.357789993286133,2.4041635990142822,2.408132553100586,2.3692920207977295,2.272204875946045,2.1081368923187256,1.8623542785644531,1.5134525299072266,1.1059781312942505,0.5950522422790527,0.07304368168115616,-0.3357888460159302,-0.6093780994415283,-0.6562987565994263,-0.5835563540458679,-0.4945172965526581
0.5197736024856567,0.7054245471954346,1.1602787971496582,1.0511701107025146,0.718323290348053,0.5243740677833557,1.0328991413116455,1.7638654708862305,1.5989760160446167,1.799680233001709,1.691694736480713,1.3393218517303467,2.045546054840088,1.9105618000030518,1.879616141319275,1.8867380619049072,1.8814305067062378,1.9018256664276123,1.92645263671875,1.9430612325668335,1.9622501134872437,2.0135273933410645,2.0744588375091553,2.172269344329834,2.268599271774292,2.343831777572632,2.446901321411133,2.5127453804016113,2.574984073638916,2.5813241004943848,2.543242931365967,2.44998836517334,2.2945897579193115,1.9758203029632568,1.5051698684692383,0.9544388055801392,0.33172792196273804,-0.1906699687242508,-0.604832649230957,-0.8331150412559509,-0.7992485165596008,-0.641711413860321,-0.5117899775505066
0.6955872178077698,0.6649010181427002,0.7262248396873474,1.1457680463790894,0.8724845051765442,0.38577204942703247,0.5991280674934387,1.4524548053741455,0.9783146381378174,1.9318832159042358,1.871390461921692,1.842690110206604,1.633673906326294,1.891355037689209,1.8714370727539062,1.8805477619171143,1.916558861732483,1.9411163330078125,1.9491745233535767,1.9684386253356934,2.0209615230560303,2.0889832973480225,2.159961462020874,2.2573773860931396,2.3645577430725098,2.480863094329834,2.589250087738037,2.690816879272461,2.7493581771850586,2.7464637756347656,2.6782424449920654,2.5848217010498047,2.4128284454345703,2.0229380130767822,1.1229008436203003,0.3268173933029175,0.022106487303972244,-0.4997367560863495,-0.8855999708175659,-1.0610154867172241,-0.9004814624786377,-0.6701186895370483,-0.5015121698379517
1.1429979801177979,0.8823692798614502,0.6223578453063965,1.4255754947662354,0.7653954029083252,0.9472732543945312,0.6783541440963745,0.8385967016220093,1.928440809249878,1.9510371685028076,1.4745179414749146,1.8137353658676147,1.8602349758148193,1.8378615379333496,1.8391878604888916,1.8799593448638916,1.9143840074539185,1.947216510772705,1.9770967960357666,2.0055699348449707,2.07190203666687,2.1367359161376953,2.2376697063446045,2.3314719200134277,2.44815731048584,2.5838327407836914,2.7211875915527344,2.8444108963012695,2.937901020050049,2.924774169921875,2.795229196548462,2.5753726959228516,2.2388460636138916,1.7553660869598389,-0.21674326062202454,0.7780210971832275,-0.7688125967979431,-0.789909839630127,-0.9869982004165649,-1.1954386234283447,-0.8428515195846558,-0.5542502999305725,-0.40477386116981506
0.8429768681526184,1.0589227676391602,0.6657793521881104,0.6040859222412109,1.4366159439086914,0.7449052333831787,2.0964715480804443,2.203667402267456,1.9742820262908936,2.0155396461486816,1.7547812461853027,1.886385202407837,1.8273024559020996,1.8236387968063354,1.8462719917297363,1.865363359451294,1.9243119955062866,1.9612807035446167,1.9937607049942017,2.0402402877807617,2.0995290279388428,2.185107707977295,2.2882866859436035,2.3971519470214844,2.544497489929199,2.686699628829956,2.8234715461730957,2.967541217803955,3.088582992553711,3.0546011924743652,2.7561166286468506,2.1592602729797363,1.5713979005813599,0.39175140857696533,-0.48167261481285095,1.0988495349884033,1.0228327512741089,0.040466759353876114,-0.3665323257446289,-0.7992560267448425,-0.46668770909309387,-0.28414425253868103,-0.22696353495121002
0.7668553590774536,1.0042387247085571,0.8779723048210144,1.228996992111206,1.5322794914245605,1.8734314441680908,1.9034019708633423,1.92154860496521,1.9025664329528809,1.9534580707550049,1.8604109287261963,1.821049690246582,1.814308524131775,1.8273191452026367,1.8386865854263306,1.8703246116638184,1.9348593950271606,1.9753695726394653,2.0166544914245605,2.0625438690185547,2.127244472503662,2.2174243927001953,2.3315482139587402,2.4525561332702637,2.60734224319458,2.749011754989624,2.9087085723876953,3.0593743324279785,3.1197962760925293,2.706195831298828,1.3449729681015015,0.9577943086624146,0.0765109658241272,0.6979207396507263,-0.16548633575439453,0.033937908709049225,0.5995433330535889,-0.14540286362171173,-0.46763911843299866,0.9604470729827881,0.09197774529457092,0.1373492330312729,0.0008883378468453884
0.6843106150627136,0.5828796029090881,0.6521080136299133,0.7214188575744629,1.5781261920928955,1.9675188064575195,1.926259160041809,1.8712241649627686,1.8576263189315796,1.8587567806243896,1.8007066249847412,1.8026424646377563,1.8034162521362305,1.8208160400390625,1.824897050857544,1.8781397342681885,1.9150179624557495,1.957226037979126,1.9973032474517822,2.077327251434326,2.1496994495391846,2.241560935974121,2.353325605392456,2.4921646118164062,2.6229324340820312,2.7680838108062744,2.9365148544311523,3.054658889770508,2.9553849697113037,0.8479294776916504,1.1311326026916504,0.8659425377845764,0.09610224515199661,0.6937621831893921,-0.06141481176018715,-0.4873617887496948,-1.145108938217163,0.4291504919528961,0.7542917728424072,0.66886967420578,0.8699413537979126,0.5203416347503662,0.1966630071401596
0.587554931640625,0.6009458899497986,0.7976786494255066,1.654083013534546,1.965779185295105,1.9456247091293335,1.8798778057098389,1.8384381532669067,1.8234341144561768,1.7970750331878662,1.7846550941467285,1.7908016443252563,1.8083056211471558,1.8234528303146362,1.8504388332366943,1.8618483543395996,1.8938705921173096,1.946497917175293,1.9955039024353027,2.0526766777038574,2.129699230194092,2.2405762672424316,2.3391294479370117,2.473458766937256,2.5937893390655518,2.7391653060913086,2.9168810844421387,2.9235899448394775,1.2329037189483643,0.9174618124961853,0.6962532997131348,0.25440096855163574,0.15064673125743866,-0.1819412112236023,0.4156796634197235,-0.8452885746955872,-0.8831728100776672,-0.4659789502620697,0.22097229957580566,1.3775711059570312,0.6536441445350647,0.47896936535835266,0.2736707031726837
0.8223124742507935,1.263244390487671,2.0251479148864746,2.1365249156951904,2.002890110015869,1.9211156368255615,1.8683916330337524,1.8212286233901978,1.7987399101257324,1.7853190898895264,1.7806603908538818,1.7884200811386108,1.7949600219726562,1.8167716264724731,1.831019401550293,1.8316264152526855,1.8657925128936768,1.9289488792419434,1.9714912176132202,2.045067071914673,2.1236796379089355,2.218491792678833,2.3119003772735596,2.4035792350769043,2.516223907470703,2.674543857574463,2.735048532485962,2.41622257232666,0.8162997364997864,0.2726787328720093,0.7252023220062256,0.19552761316299438,0.001194231677800417,-0.7393782138824463,1.0702472925186157,0.0923943743109703,0.06167682260274887,0.0052413661032915115,0.0877438336610794,-0.11265534162521362,0.4619067311286926,0.41873884201049805,0.29445818066596985
