wind_DJF_avg_native.json
{"header": {"parameterCategory": 2, "parameterUnit": "m/s", "nx": 220, "ny": 280, "lo1": 118.693, "la1": 26.2568353691, "lo2": 123.2203272787, "la2": 21.0494, "dx": 0.0206727273, "dy": 0.0186646429, "refTime": "2025-01-01 00:00:00", "forecastTime": 0, "parameterNumber": 2}, "data":
[rows 247 to 265 of 280, columns 0 to 42 of 220]
-5.5361480712890625,-5.498763561248779,-5.483183860778809,-5.463733673095703,-5.437454700469971,-5.399930953979492,-5.342237949371338,-5.256553649902344,-5.153104782104492,-5.081195831298828,-5.072809219360352,-5.058195114135742,-5.038989543914795,-5.024116516113281,-5.003049850463867,-4.985752582550049,-4.966726303100586,-4.950023651123047,-4.928915023803711,-4.908296585083008,-4.8906097412109375,-4.878741264343262,-4.868778228759766,-4.8605756759643555,-4.850333213806152,-4.835382461547852,-4.818836688995361,-4.805286407470703,-4.795456886291504,-4.788938045501709,-4.782692909240723,-4.773123741149902,-4.762104034423828,-4.7521514892578125,-4.747026443481445,-4.742476940155029,-4.736660957336426,-4.7352471351623535,-4.732295036315918,-4.7289605140686035,-4.733023166656494,-4.737565040588379,-4.739477157592773
-5.583562850952148,-5.54768180847168,-5.531865119934082,-5.512946605682373,-5.487119674682617,-5.449026107788086,-5.389044761657715,-5.301485061645508,-5.200889587402344,-5.135705947875977,-5.12990140914917,-5.114240646362305,-5.0960588455200195,-5.084575653076172,-5.0649614334106445,-5.0461530685424805,-5.028100967407227,-5.015157699584961,-4.997523307800293,-4.980125427246094,-4.965354919433594,-4.9535980224609375,-4.942844390869141,-4.93574857711792,-4.926577568054199,-4.913183689117432,-4.9010162353515625,-4.890929222106934,-4.882207870483398,-4.878596305847168,-4.876105785369873,-4.868882179260254,-4.858365535736084,-4.848416805267334,-4.845302581787109,-4.846597671508789,-4.84602165222168,-4.8419599533081055,-4.835424423217773,-4.836145401000977,-4.845865726470947,-4.853711128234863,-4.8572492599487305
-5.631083965301514,-5.596637725830078,-5.581056118011475,-5.562623977661133,-5.536890983581543,-5.497788429260254,-5.43569278717041,-5.346654891967773,-5.247951984405518,-5.185611724853516,-5.182189464569092,-5.170914649963379,-5.155966758728027,-5.144665241241455,-5.125482559204102,-5.111150741577148,-5.097552299499512,-5.08780574798584,-5.075506210327148,-5.063921928405762,-5.050607681274414,-5.034860610961914,-5.024137020111084,-5.018515586853027,-5.008289813995361,-4.99753475189209,-4.988387107849121,-4.977719783782959,-4.969342231750488,-4.967883110046387,-4.966835975646973,-4.962549209594727,-4.956314563751221,-4.949033737182617,-4.945281982421875,-4.946691513061523,-4.949240684509277,-4.9468889236450195,-4.944317817687988,-4.950736045837402,-4.964336395263672,-4.976256370544434,-4.98279333114624
-5.678915023803711,-5.645071029663086,-5.632096290588379,-5.614155292510986,-5.588367462158203,-5.548734664916992,-5.486490249633789,-5.397575378417969,-5.298458099365234,-5.236539840698242,-5.234859943389893,-5.226123809814453,-5.214050769805908,-5.206871509552002,-5.192100524902344,-5.180114269256592,-5.167867660522461,-5.161275863647461,-5.153088569641113,-5.143343448638916,-5.130992889404297,-5.116083145141602,-5.1038737297058105,-5.097450256347656,-5.090643405914307,-5.083139419555664,-5.074341773986816,-5.0648193359375,-5.058506011962891,-5.057068347930908,-5.057559013366699,-5.059160232543945,-5.058086395263672,-5.0511980056762695,-5.046161651611328,-5.048314094543457,-5.054503917694092,-5.059863090515137,-5.0648884773254395,-5.074386119842529,-5.088482856750488,-5.10216760635376,-5.113068580627441
-5.7259697914123535,-5.693392753601074,-5.681962966918945,-5.665083885192871,-5.639829635620117,-5.600761413574219,-5.539536476135254,-5.451535224914551,-5.353031158447266,-5.292355060577393,-5.292248725891113,-5.284680366516113,-5.275277137756348,-5.272051811218262,-5.258129119873047,-5.245081901550293,-5.234997749328613,-5.232209205627441,-5.22525691986084,-5.21687126159668,-5.208667755126953,-5.195505619049072,-5.179597854614258,-5.173515319824219,-5.172385215759277,-5.166791915893555,-5.159142971038818,-5.153182506561279,-5.148935317993164,-5.147378444671631,-5.1512651443481445,-5.156441688537598,-5.156037330627441,-5.152403831481934,-5.153395652770996,-5.161540985107422,-5.171734809875488,-5.179392337799072,-5.185489177703857,-5.196475028991699,-5.21162223815918,-5.224637985229492,-5.238436698913574
-5.773433685302734,-5.742142200469971,-5.731752395629883,-5.715829372406006,-5.691218376159668,-5.652892112731934,-5.592344284057617,-5.504698753356934,-5.407822608947754,-5.351808071136475,-5.354602336883545,-5.348574161529541,-5.3416032791137695,-5.338083744049072,-5.323540687561035,-5.312719345092773,-5.305842399597168,-5.304708003997803,-5.298373222351074,-5.292078018188477,-5.284327507019043,-5.271610736846924,-5.259045600891113,-5.255393028259277,-5.256016731262207,-5.253606796264648,-5.249489784240723,-5.247479438781738,-5.246740818023682,-5.244366645812988,-5.245490074157715,-5.249675750732422,-5.251585006713867,-5.254411697387695,-5.261472702026367,-5.271838665008545,-5.283721446990967,-5.2925567626953125,-5.300506591796875,-5.314477443695068,-5.3321452140808105,-5.34992790222168,-5.368119239807129
-5.82441520690918,-5.794583320617676,-5.783574104309082,-5.767969608306885,-5.7433576583862305,-5.705292701721191,-5.645865440368652,-5.561277389526367,-5.468447208404541,-5.413850784301758,-5.416825294494629,-5.414234638214111,-5.4087233543396,-5.402861595153809,-5.38970947265625,-5.385672569274902,-5.382885932922363,-5.380098819732666,-5.372733116149902,-5.3659348487854,-5.356292724609375,-5.345511436462402,-5.338652610778809,-5.338748931884766,-5.3412370681762695,-5.342076301574707,-5.342098236083984,-5.342247009277344,-5.340986728668213,-5.338568210601807,-5.341564178466797,-5.347798824310303,-5.353209018707275,-5.359628200531006,-5.368473052978516,-5.3815507888793945,-5.395353317260742,-5.4046173095703125,-5.415806770324707,-5.433323860168457,-5.454310417175293,-5.4786696434021,-5.501952171325684
-5.876163959503174,-5.847953796386719,-5.836190223693848,-5.820855617523193,-5.796653747558594,-5.758480072021484,-5.698671817779541,-5.614682674407959,-5.5245137214660645,-5.473607540130615,-5.479669094085693,-5.479944705963135,-5.475374221801758,-5.4696855545043945,-5.460068702697754,-5.460133075714111,-5.457187652587891,-5.451691627502441,-5.44370174407959,-5.437560081481934,-5.430927276611328,-5.426136016845703,-5.4232683181762695,-5.423178672790527,-5.426202774047852,-5.4307684898376465,-5.432613372802734,-5.43209171295166,-5.43257999420166,-5.436957359313965,-5.443997859954834,-5.448064804077148,-5.45352840423584,-5.4652605056762695,-5.481462478637695,-5.495203018188477,-5.503809928894043,-5.513777732849121,-5.531264305114746,-5.553403854370117,-5.578342914581299,-5.607527256011963,-5.633693695068359
-5.928337097167969,-5.901305198669434,-5.8917694091796875,-5.877488136291504,-5.853941917419434,-5.815267562866211,-5.753917694091797,-5.668698787689209,-5.5795392990112305,-5.535087585449219,-5.548520088195801,-5.5486674308776855,-5.540956497192383,-5.536721229553223,-5.532772064208984,-5.534109592437744,-5.526021957397461,-5.5185346603393555,-5.5149431228637695,-5.513691425323486,-5.510134696960449,-5.508440017700195,-5.507951736450195,-5.509208679199219,-5.513123512268066,-5.518096923828125,-5.520621299743652,-5.522604465484619,-5.52876091003418,-5.537576675415039,-5.542505264282227,-5.544844150543213,-5.555561542510986,-5.576506614685059,-5.5975751876831055,-5.607216835021973,-5.611031532287598,-5.623612403869629,-5.6482319831848145,-5.678458213806152,-5.708370208740234,-5.736189842224121,-5.760642051696777
-5.978984832763672,-5.953621864318848,-5.946455001831055,-5.933662414550781,-5.910870552062988,-5.872479438781738,-5.810734748840332,-5.724756240844727,-5.6369099617004395,-5.59710693359375,-5.613949775695801,-5.6128411293029785,-5.6046881675720215,-5.604561805725098,-5.60414981842041,-5.603607177734375,-5.5940704345703125,-5.590695381164551,-5.591730117797852,-5.593106269836426,-5.592190742492676,-5.592559814453125,-5.591988563537598,-5.592957019805908,-5.5983476638793945,-5.605415344238281,-5.611734390258789,-5.619112491607666,-5.626168727874756,-5.631015777587891,-5.636740684509277,-5.646739482879639,-5.663974761962891,-5.686461925506592,-5.70441198348999,-5.71238899230957,-5.720869064331055,-5.7400407791137695,-5.7689714431762695,-5.802737236022949,-5.834637641906738,-5.86173677444458,-5.888149261474609
-6.029883861541748,-6.006147384643555,-6.000912189483643,-5.989428997039795,-5.9677205085754395,-5.930203914642334,-5.869052886962891,-5.783853530883789,-5.69771671295166,-5.659838676452637,-5.6757707595825195,-5.675720691680908,-5.67289924621582,-5.676148414611816,-5.6737284660339355,-5.672419548034668,-5.669257164001465,-5.6696367263793945,-5.670665264129639,-5.673758506774902,-5.674107551574707,-5.675532341003418,-5.677417755126953,-5.680211544036865,-5.6865339279174805,-5.69647216796875,-5.706756591796875,-5.714454650878906,-5.719625473022461,-5.727067947387695,-5.740593910217285,-5.75849723815918,-5.776937007904053,-5.792401313781738,-5.805179119110107,-5.819949150085449,-5.840339660644531,-5.864523887634277,-5.891793251037598,-5.922786712646484,-5.954538345336914,-5.985240459442139,-6.016748905181885
-6.083973407745361,-6.062024116516113,-6.056643962860107,-6.0458455085754395,-6.024959564208984,-5.988697528839111,-5.928645610809326,-5.843998908996582,-5.7591447830200195,-5.722395420074463,-5.7371344566345215,-5.740523815155029,-5.742431640625,-5.744241714477539,-5.741252899169922,-5.744128227233887,-5.746020317077637,-5.748204231262207,-5.74833869934082,-5.753318786621094,-5.757336616516113,-5.760462760925293,-5.7652435302734375,-5.76979398727417,-5.775801658630371,-5.787665843963623,-5.799701690673828,-5.80674934387207,-5.814794540405273,-5.82808780670166,-5.845053672790527,-5.863786697387695,-5.880947113037109,-5.895245552062988,-5.9095540046691895,-5.928647994995117,-5.953887939453125,-5.981815338134766,-6.0103607177734375,-6.039574146270752,-6.070864677429199,-6.104308128356934,-6.13792610168457
-6.138256072998047,-6.118002891540527,-6.112576484680176,-6.102457046508789,-6.082491397857666,-6.047853469848633,-5.9903388023376465,-5.9085493087768555,-5.825296401977539,-5.787666320800781,-5.801488876342773,-5.805789947509766,-5.80959415435791,-5.815386772155762,-5.8162713050842285,-5.8211774826049805,-5.824916839599609,-5.829375743865967,-5.8296122550964355,-5.833828926086426,-5.838904857635498,-5.843496799468994,-5.850272178649902,-5.856722354888916,-5.864394187927246,-5.877925872802734,-5.891351222991943,-5.901871204376221,-5.914148330688477,-5.929473400115967,-5.9462199211120605,-5.964198112487793,-5.983990669250488,-6.001211166381836,-6.016002178192139,-6.034874439239502,-6.062089920043945,-6.092763900756836,-6.1220903396606445,-6.151012420654297,-6.181841850280762,-6.217545986175537,-6.256716728210449
-6.194333553314209,-6.17549991607666,-6.171346664428711,-6.162379741668701,-6.143328666687012,-6.109009265899658,-6.052093029022217,-5.971273899078369,-5.888949394226074,-5.852518081665039,-5.86705207824707,-5.872740745544434,-5.878850936889648,-5.888450622558594,-5.893346309661865,-5.899224758148193,-5.902206897735596,-5.907909393310547,-5.9080810546875,-5.908845901489258,-5.915205955505371,-5.923374176025391,-5.929873466491699,-5.937860488891602,-5.949194431304932,-5.962763786315918,-5.976527690887451,-5.991327285766602,-6.007115364074707,-6.02454948425293,-6.043137073516846,-6.062800407409668,-6.083800315856934,-6.101266860961914,-6.119524002075195,-6.144785404205322,-6.17530632019043,-6.204111099243164,-6.231888294219971,-6.263238906860352,-6.297544479370117,-6.337091445922852,-6.381421089172363
-6.2470622062683105,-6.229952812194824,-6.228402137756348,-6.220797061920166,-6.2023515701293945,-6.16834831237793,-6.111629962921143,-6.031064033508301,-5.950604438781738,-5.918916702270508,-5.937408447265625,-5.945379734039307,-5.95159912109375,-5.961191177368164,-5.966845512390137,-5.973391056060791,-5.978777885437012,-5.985845565795898,-5.987028121948242,-5.989625930786133,-5.9977216720581055,-6.006689071655273,-6.012340545654297,-6.020151138305664,-6.033020973205566,-6.047938823699951,-6.0617876052856445,-6.0774102210998535,-6.096770286560059,-6.118339538574219,-6.13900089263916,-6.159158706665039,-6.1824750900268555,-6.20557975769043,-6.229199409484863,-6.257101058959961,-6.287434101104736,-6.315544128417969,-6.344128608703613,-6.377824306488037,-6.416457176208496,-6.459323406219482,-6.503242492675781
-6.299389839172363,-6.283782958984375,-6.2846784591674805,-6.278367519378662,-6.260851860046387,-6.227260589599609,-6.170431137084961,-6.089739799499512,-6.00996208190918,-5.982686996459961,-6.006649971008301,-6.017967700958252,-6.0237226486206055,-6.029667854309082,-6.033405303955078,-6.04355525970459,-6.053881645202637,-6.060896873474121,-6.061541557312012,-6.0660200119018555,-6.077014923095703,-6.088675498962402,-6.095297813415527,-6.102180480957031,-6.115204811096191,-6.131797790527344,-6.146905899047852,-6.163412094116211,-6.184903621673584,-6.208804130554199,-6.232115745544434,-6.256291389465332,-6.283421993255615,-6.311643600463867,-6.337496757507324,-6.3618669509887695,-6.389451503753662,-6.420411109924316,-6.4541144371032715,-6.489615440368652,-6.528853893280029,-6.571877956390381,-6.614668369293213
-6.353105068206787,-6.3392486572265625,-6.340729236602783,-6.334912300109863,-6.318424224853516,-6.285893440246582,-6.230255126953125,-6.152326583862305,-6.076045513153076,-6.051253318786621,-6.076474189758301,-6.088784694671631,-6.095822334289551,-6.102390289306641,-6.106366157531738,-6.118003845214844,-6.130770683288574,-6.1393022537231445,-6.139247417449951,-6.143274307250977,-6.154288291931152,-6.16667366027832,-6.177515029907227,-6.188440322875977,-6.201224327087402,-6.217252731323242,-6.235902786254883,-6.255475997924805,-6.275847434997559,-6.299098491668701,-6.328329086303711,-6.358613967895508,-6.387126445770264,-6.4156622886657715,-6.440377712249756,-6.463628768920898,-6.49156379699707,-6.525470733642578,-6.563875675201416,-6.603209495544434,-6.643808364868164,-6.685301780700684,-6.7264628410339355
-6.407032489776611,-6.39429235458374,-6.395208835601807,-6.389888763427734,-6.374042510986328,-6.342182636260986,-6.287349700927734,-6.2106781005859375,-6.136754035949707,-6.114266872406006,-6.1398420333862305,-6.153292655944824,-6.162656307220459,-6.172225475311279,-6.178747653961182,-6.1887359619140625,-6.1992669105529785,-6.20943546295166,-6.213433742523193,-6.219839572906494,-6.229247093200684,-6.240428924560547,-6.255317211151123,-6.272060394287109,-6.286235332489014,-6.303324222564697,-6.324454307556152,-6.343095779418945,-6.362361907958984,-6.388149261474609,-6.421559810638428,-6.455663681030273,-6.485618591308594,-6.512088775634766,-6.536886215209961,-6.563884735107422,-6.593881607055664,-6.628156661987305,-6.667330741882324,-6.7099409103393555,-6.752968788146973,-6.792318820953369,-6.832603454589844
-6.4614458084106445,-6.44877815246582,-6.450348854064941,-6.445685386657715,-6.430532455444336,-6.3994598388671875,-6.346357822418213,-6.273137092590332,-6.204642295837402,-6.187564849853516,-6.213872909545898,-6.226449012756348,-6.237021446228027,-6.249837875366211,-6.259486198425293,-6.267873764038086,-6.272634506225586,-6.281490325927734,-6.292025566101074,-6.305914878845215,-6.319250106811523,-6.3305583000183105,-6.347198486328125,-6.368044853210449,-6.383962631225586,-6.400749206542969,-6.418806552886963,-6.434873104095459,-6.455079555511475,-6.484349250793457,-6.5196533203125,-6.55173397064209,-6.581509590148926,-6.611477851867676,-6.64240026473999,-6.673917770385742,-6.704234600067139,-6.73632287979126,-6.773860931396484,-6.817955017089844,-6.862083911895752,-6.903007507324219,-6.945326328277588
