wind_DJF_night_4x4.json
{"header": {"parameterCategory": 2, "parameterUnit": "m/s", "nx": 55, "ny": 70, "lo1": 118.693, "la1": 26.200841440399998, "lo2": 123.1583090968, "la2": 21.0494, "dx": 0.0826909092, "dy": 0.0746585716, "refTime": "2025-01-01 00:00:00", "forecastTime": 0, "parameterNumber": 3}, "data":
[rows 0 to 18 of 70, columns 0 to 42 of 55]
0.46380770206451416,0.4064839482307434,0.9032315611839294,1.5367388725280762,1.3505818843841553,0.1356622576713562,-1.6621760129928589,-2.393575668334961,-2.120819330215454,-1.2578078508377075,-1.3085055351257324,-2.8344953060150146,-5.944511890411377,-6.396469593048096,-8.231332778930664,-8.400323867797852,-8.419525146484375,-8.578357696533203,-8.650331497192383,-8.717885971069336,-8.716894149780273,-8.67367935180664,-8.594499588012695,-8.479541778564453,-8.335528373718262,-8.158260345458984,-7.982774257659912,-7.807038307189941,-7.6351637840271,-7.463754653930664,-7.2936320304870605,-7.122766017913818,-6.9544572830200195,-6.788851261138916,-6.6367902755737305,-6.483272552490234,-6.341538429260254,-6.210901260375977,-6.092138290405273,-5.990025520324707,-5.8858137130737305,-5.777723789215088,-5.673835277557373
-0.3474442958831787,0.05864587426185608,0.8981781005859375,1.5841541290283203,1.6980500221252441,1.3113305568695068,0.3317233920097351,-1.0267508029937744,-2.2149336338043213,-2.1409006118774414,-1.8721790313720703,-2.9336113929748535,-6.87861442565918,-7.450837135314941,-8.332387924194336,-6.9271769523620605,-8.646787643432617,-8.75501823425293,-8.802316665649414,-8.833166122436523,-8.799185752868652,-8.735493659973145,-8.64247989654541,-8.516048431396484,-8.359347343444824,-8.184203147888184,-8.011185646057129,-7.844432830810547,-7.6807403564453125,-7.511773109436035,-7.335920333862305,-7.156818866729736,-6.983792781829834,-6.824341297149658,-6.668323516845703,-6.508872032165527,-6.363677024841309,-6.231334686279297,-6.109168529510498,-5.991623401641846,-5.867617607116699,-5.748940944671631,-5.65068244934082
-0.08715525269508362,0.2913891673088074,-0.28796374797821045,-0.47293391823768616,0.3419256806373596,0.8243097066879272,0.2681540548801422,-0.293091744184494,-1.2037941217422485,-1.6731072664260864,-4.849040508270264,-3.272672176361084,-7.000007629394531,-7.736688613891602,-8.28084659576416,-8.471443176269531,-8.745000839233398,-8.83275318145752,-8.87435245513916,-8.87210464477539,-8.813652038574219,-8.726911544799805,-8.618858337402344,-8.474802017211914,-8.314474105834961,-8.134056091308594,-7.964426040649414,-7.811097621917725,-7.650420188903809,-7.481741905212402,-7.2989912033081055,-7.107168197631836,-6.931363582611084,-6.77501916885376,-6.615466594696045,-6.450503349304199,-6.301756858825684,-6.173807144165039,-6.0504150390625,-5.934906005859375,-5.810636043548584,-5.698484420776367,-5.596661567687988
0.43426045775413513,0.43426045775413513,-0.45597633719444275,-0.6551918983459473,-3.1148481369018555,-1.7187731266021729,-1.1159025430679321,-0.00027398252859711647,0.2612764239311218,-0.27772757411003113,-5.19146728515625,-3.152170181274414,-5.522030830383301,-8.05499267578125,-8.376660346984863,-8.54692554473877,-8.792155265808105,-8.901642799377441,-8.934062004089355,-8.895425796508789,-8.82339096069336,-8.718692779541016,-8.588939666748047,-8.436660766601562,-8.252547264099121,-8.084480285644531,-7.91874885559082,-7.762790203094482,-7.593015193939209,-7.4043073654174805,-7.221195220947266,-7.033613204956055,-6.857863903045654,-6.691578388214111,-6.535358905792236,-6.362387657165527,-6.2190937995910645,-6.091550350189209,-5.959987640380859,-5.814731597900391,-5.697617530822754,-5.5981340408325195,-5.498856067657471
-0.9705268740653992,-0.9105595350265503,-1.1626876592636108,-0.7178015112876892,0.25411683320999146,-2.5581746101379395,-1.3447691202163696,0.38781407475471497,-1.2770113945007324,-2.312819004058838,-0.003936021588742733,-2.853950023651123,-7.415829181671143,-8.32133960723877,-8.566533088684082,-8.625863075256348,-8.845108032226562,-8.975791931152344,-8.983113288879395,-8.916821479797363,-8.834145545959473,-8.71402645111084,-8.574153900146484,-8.40402603149414,-8.225127220153809,-8.058634757995605,-7.890890121459961,-7.728851318359375,-7.542812347412109,-7.342844009399414,-7.1571550369262695,-6.962122917175293,-6.792109489440918,-6.624074459075928,-6.449864864349365,-6.289315700531006,-6.1220784187316895,-5.986952304840088,-5.84675407409668,-5.7293806076049805,-5.609132289886475,-5.486902713775635,-5.394548416137695
-0.6594635844230652,-1.5095787048339844,-1.409366488456726,0.13016527891159058,0.863196849822998,0.8112092018127441,-2.9261014461517334,-3.385685920715332,-2.5418639183044434,-2.7899858951568604,-0.28252798318862915,-2.5912625789642334,-7.972073554992676,-8.550016403198242,-8.7601318359375,-8.841527938842773,-9.009553909301758,-9.04822826385498,-9.01993179321289,-8.951306343078613,-8.853669166564941,-8.721916198730469,-8.561206817626953,-8.389644622802734,-8.218198776245117,-8.056867599487305,-7.877804756164551,-7.679983139038086,-7.480112075805664,-7.282598495483398,-7.0869975090026855,-6.891575813293457,-6.7074384689331055,-6.53095817565918,-6.352135181427002,-6.173681259155273,-6.010519027709961,-5.85819673538208,-5.713971138000488,-5.587597370147705,-5.462377548217773,-5.352784156799316,-5.262112140655518
0.5399447083473206,-1.0093944072723389,-1.9735556840896606,-2.0348381996154785,-2.123196601867676,-2.2155659198760986,-0.7845791578292847,-4.722445964813232,-1.8156099319458008,-3.8656697273254395,-5.511068344116211,-5.216113567352295,-8.564770698547363,-8.863655090332031,-8.974336624145508,-9.056181907653809,-9.120380401611328,-9.131750106811523,-9.07670783996582,-8.992419242858887,-8.870765686035156,-8.738149642944336,-8.567435264587402,-8.39805793762207,-8.22612190246582,-8.047006607055664,-7.847307205200195,-7.639077663421631,-7.425453186035156,-7.2175984382629395,-7.009644508361816,-6.809389114379883,-6.625938892364502,-6.439079761505127,-6.236514568328857,-6.046394348144531,-5.868674278259277,-5.701326847076416,-5.577435493469238,-5.442824840545654,-5.319156646728516,-5.2208428382873535,-5.133062362670898
0.40290796756744385,-0.556477427482605,-1.4657167196273804,-1.8690731525421143,-2.1915295124053955,-0.5350335240364075,1.5449910163879395,-1.0446113348007202,-2.141105890274048,-0.14339226484298706,-2.666350841522217,-10.003055572509766,-9.335241317749023,-9.211788177490234,-9.179597854614258,-9.230847358703613,-9.242775917053223,-9.215012550354004,-9.156063079833984,-9.044679641723633,-8.902562141418457,-8.758583068847656,-8.584558486938477,-8.414684295654297,-8.239721298217773,-8.035459518432617,-7.826091766357422,-7.600067138671875,-7.365731716156006,-7.146585941314697,-6.92264461517334,-6.720730781555176,-6.519262790679932,-6.309665203094482,-6.096558570861816,-5.905489921569824,-5.7267608642578125,-5.549628257751465,-5.406003475189209,-5.291057109832764,-5.181586265563965,-5.078216552734375,-5.005382061004639
-2.200580596923828,-1.935692310333252,-1.8246588706970215,-1.0478878021240234,-3.125307559967041,-3.688455104827881,-3.199777841567993,-3.6181209087371826,-3.2985782623291016,-2.597968578338623,-6.749995231628418,-9.894410133361816,-8.663839340209961,-6.847052574157715,-9.173117637634277,-9.37543773651123,-9.373791694641113,-9.314772605895996,-9.22607421875,-9.102688789367676,-8.96816635131836,-8.798898696899414,-8.62831974029541,-8.447479248046875,-8.249906539916992,-8.029657363891602,-7.794184684753418,-7.55014181137085,-7.304205417633057,-7.0601959228515625,-6.831075668334961,-6.608698844909668,-6.393470764160156,-6.161853790283203,-5.948487758636475,-5.741020202636719,-5.551123142242432,-5.386221885681152,-5.247316837310791,-5.132047653198242,-5.041713714599609,-4.961023330688477,-4.876769065856934
-3.299039363861084,-3.241800308227539,-2.921517848968506,-3.759298801422119,-2.2573399543762207,-1.9611022472381592,-5.142844200134277,-5.084618091583252,-3.8170623779296875,-3.8568835258483887,-6.354440689086914,-9.76327133178711,-8.481521606445312,-5.312873840332031,-8.613687515258789,-9.662115097045898,-9.534222602844238,-9.423599243164062,-9.309328079223633,-9.175640106201172,-9.023164749145508,-8.851688385009766,-8.671531677246094,-8.475269317626953,-8.257160186767578,-8.020967483520508,-7.758398532867432,-7.484623908996582,-7.228484630584717,-6.965308666229248,-6.710997104644775,-6.4714035987854,-6.255184173583984,-6.013518333435059,-5.763916969299316,-5.536004066467285,-5.353730201721191,-5.187812805175781,-5.056640625,-4.988485336303711,-4.886877059936523,-4.81729793548584,-4.741605281829834
-3.461106300354004,-3.803579568862915,-2.8736515045166016,-2.026231050491333,-0.2078922539949417,-0.24337109923362732,-2.7446906566619873,-6.611146926879883,-8.107189178466797,-7.0537309646606445,-4.901706218719482,-9.59921646118164,-7.378485679626465,-5.219137668609619,-10.023768424987793,-9.890715599060059,-9.710796356201172,-9.555562019348145,-9.418462753295898,-9.264355659484863,-9.090045928955078,-8.911784172058105,-8.72103214263916,-8.508012771606445,-8.277658462524414,-8.018850326538086,-7.738803386688232,-7.452959060668945,-7.14332389831543,-6.856987953186035,-6.587552070617676,-6.3070878982543945,-6.054790496826172,-5.813618183135986,-5.534670352935791,-5.291069030761719,-5.130372047424316,-4.976737022399902,-4.868169784545898,-4.799794673919678,-4.7097272872924805,-4.668799877166748,-4.624739170074463
-2.5613646507263184,-3.64363169670105,-3.830213785171509,-2.8616743087768555,-0.6133050918579102,-2.2331624031066895,-7.303444862365723,-7.256206512451172,-8.650101661682129,-8.287297248840332,-5.454411506652832,-6.5336833000183105,-8.101987838745117,-9.297346115112305,-10.184797286987305,-10.047250747680664,-9.858169555664062,-9.680261611938477,-9.51799488067627,-9.355570793151855,-9.173921585083008,-8.973808288574219,-8.771188735961914,-8.548539161682129,-8.291690826416016,-8.016962051391602,-7.719980239868164,-7.402801513671875,-7.087218284606934,-6.765425205230713,-6.432089805603027,-6.1160688400268555,-5.836756706237793,-5.572622299194336,-5.234257698059082,-4.936232566833496,-4.819439888000488,-4.756228446960449,-4.65998649597168,-4.5952959060668945,-4.539436340332031,-4.4914116859436035,-4.483924865722656
-1.6131031513214111,-2.901407241821289,-3.20515775680542,-3.907219886779785,-3.655951976776123,-3.7857065200805664,-5.462306976318359,-7.058150291442871,-8.778420448303223,-8.947933197021484,-9.36245346069336,-7.9109954833984375,-8.074604988098145,-9.96284008026123,-10.22518539428711,-10.139973640441895,-9.972322463989258,-9.80394172668457,-9.622089385986328,-9.45254135131836,-9.258683204650879,-9.047107696533203,-8.821653366088867,-8.590066909790039,-8.312318801879883,-8.026636123657227,-7.706120491027832,-7.376439571380615,-7.046655654907227,-6.6856184005737305,-6.321881294250488,-5.935182571411133,-5.5473713874816895,-5.268430709838867,-4.752806186676025,-4.118937969207764,-4.376587390899658,-4.468330383300781,-4.400285243988037,-4.352176189422607,-4.3249311447143555,-4.327098369598389,-4.3427934646606445
-1.7545157670974731,-1.9285324811935425,-2.2056243419647217,-5.373939037322998,-3.5144283771514893,-4.076820373535156,-4.565924167633057,-6.945723056793213,-9.551115989685059,-9.382274627685547,-9.591214179992676,-9.612550735473633,-9.934768676757812,-10.24435806274414,-10.30655574798584,-10.219625473022461,-10.08227252960205,-9.910298347473145,-9.731407165527344,-9.549419403076172,-9.341524124145508,-9.130210876464844,-8.902921676635742,-8.623626708984375,-8.333749771118164,-8.024293899536133,-7.697499752044678,-7.341468334197998,-6.987666606903076,-6.61702823638916,-6.233238697052002,-5.83307409286499,-5.393686294555664,-4.917126655578613,-1.47395658493042,0.1676447093486786,-3.8603124618530273,-4.113116264343262,-4.077969074249268,-4.024166584014893,-4.0835347175598145,-4.151836395263672,-4.2386860847473145
-3.0565521717071533,-2.83381986618042,-3.0896730422973633,-3.598039388656616,-7.145002841949463,-6.753240585327148,-7.319544315338135,-7.931748390197754,-9.919503211975098,-9.027379989624023,-7.567269325256348,-9.9616117477417,-10.195555686950684,-10.348106384277344,-10.379961013793945,-10.295851707458496,-10.164247512817383,-10.008955001831055,-9.84687614440918,-9.657232284545898,-9.449540138244629,-9.223833084106445,-8.9646577835083,-8.682378768920898,-8.37868881225586,-8.05459976196289,-7.701857566833496,-7.318722724914551,-6.90886926651001,-6.494026184082031,-6.074509620666504,-5.571321964263916,-5.046967029571533,-1.5405014753341675,-1.4529775381088257,-1.4612646102905273,-1.082638144493103,-2.9833970069885254,-3.589796781539917,-3.51405930519104,-3.815108299255371,-3.9986062049865723,-4.1244611740112305
-4.3131890296936035,-4.209704875946045,-4.104276180267334,-6.171391487121582,-7.024049758911133,-7.264028549194336,-8.355945587158203,-9.654412269592285,-9.979377746582031,-9.76613712310791,-10.139120101928711,-10.227396011352539,-10.341548919677734,-10.435102462768555,-10.436971664428711,-10.3623685836792,-10.247873306274414,-10.11501693725586,-9.947874069213867,-9.756011962890625,-9.545841217041016,-9.309412002563477,-9.046693801879883,-8.760013580322266,-8.439597129821777,-8.078855514526367,-7.663589954376221,-7.2050323486328125,-6.642549991607666,-5.998396396636963,-4.885664939880371,-1.7021031379699707,-0.2598476707935333,-0.39151379466056824,0.18095922470092773,-1.2532126903533936,-1.4710999727249146,0.1757521629333496,-0.25300315022468567,-1.9189064502716064,-3.633647918701172,-3.8793625831604004,-4.0466485023498535
-3.8503267765045166,-3.7321462631225586,-4.6838459968566895,-7.852090835571289,-8.18360710144043,-8.00202751159668,-9.19495677947998,-9.850459098815918,-10.039371490478516,-10.053970336914062,-10.279638290405273,-10.381996154785156,-10.466072082519531,-10.511878967285156,-10.492554664611816,-10.432107925415039,-10.331968307495117,-10.206027030944824,-10.043598175048828,-9.852540969848633,-9.64425277709961,-9.408208847045898,-9.143377304077148,-8.832982063293457,-8.490211486816406,-8.068283081054688,-7.585081577301025,-6.9754815101623535,-5.934488773345947,-2.533287525177002,-2.0574512481689453,-1.2546913623809814,-1.2042381763458252,-1.1341358423233032,-0.48372864723205566,-0.41638073325157166,-0.49282142519950867,0.008899440988898277,0.33083248138427734,-0.23171953856945038,-3.0073442459106445,-3.8963677883148193,-4.082113265991211
-3.227658271789551,-4.021363258361816,-4.2769293785095215,-6.060007095336914,-8.72495174407959,-9.137066841125488,-9.648033142089844,-9.989367485046387,-10.129255294799805,-10.250652313232422,-10.403036117553711,-10.504101753234863,-10.573925018310547,-10.586291313171387,-10.560347557067871,-10.499975204467773,-10.413742065429688,-10.293882369995117,-10.135248184204102,-9.959994316101074,-9.757590293884277,-9.524755477905273,-9.247291564941406,-8.930668830871582,-8.542842864990234,-8.097631454467773,-7.525973320007324,-6.749427318572998,-3.417201519012451,-2.271667242050171,-1.2948265075683594,-0.776900053024292,-1.2045921087265015,-0.7870675325393677,0.3894196152687073,-0.22311846911907196,-0.4105452299118042,0.1436428278684616,-0.5514853596687317,-2.8233489990234375,-4.094600677490234,-4.133302688598633,-4.146243095397949
-4.395926475524902,-5.09608268737793,-6.7216796875,-9.209630966186523,-9.134425163269043,-9.487895965576172,-9.872016906738281,-10.087507247924805,-10.224177360534668,-10.382270812988281,-10.516806602478027,-10.609880447387695,-10.656118392944336,-10.66308879852295,-10.631980895996094,-10.570358276367188,-10.48853874206543,-10.379676818847656,-10.235105514526367,-10.075940132141113,-9.891508102416992,-9.651664733886719,-9.3764066696167,-9.037580490112305,-8.633769989013672,-8.150928497314453,-7.586372375488281,-6.214275360107422,-2.9696340560913086,-1.8705083131790161,-1.4146138429641724,-0.9280976057052612,-0.22416232526302338,0.06762505322694778,0.9709752798080444,0.3407689332962036,0.6373491883277893,-0.06877584755420685,-1.9794223308563232,-4.209591388702393,-4.334522724151611,-4.282334804534912,-4.234614372253418
