wind_DJF_avg_4x4.json
{"header": {"parameterCategory": 2, "parameterUnit": "m/s", "nx": 55, "ny": 70, "lo1": 118.693, "la1": 26.200841440399998, "lo2": 123.1583090968, "la2": 21.0494, "dx": 0.0826909092, "dy": 0.0746585716, "refTime": "2025-01-01 00:00:00", "forecastTime": 0, "parameterNumber": 3}, "data":
[rows 38 to 56 of 70, columns 0 to 42 of 55]
-9.466440200805664,-9.547734260559082,-9.661897659301758,-9.768758773803711,-9.86133861541748,-9.949350357055664,-10.036209106445312,-10.124429702758789,-10.17641830444336,-10.156513214111328,-9.573650360107422,-10.145633697509766,-10.277386665344238,-10.186912536621094,-10.031187057495117,-9.80435848236084,-9.430686950683594,-8.546276092529297,-4.307308197021484,-3.5965073108673096,-3.0423994064331055,-1.672641634941101,-0.9871042966842651,-0.3182522654533386,-0.6592773795127869,-0.07180031388998032,0.04664891958236694,0.4052285850048065,-0.3867299556732178,-0.35461336374282837,0.4509633481502533,-0.522003173828125,-0.8675608038902283,-1.2146239280700684,-3.326937198638916,-6.013398170471191,-6.348686218261719,-6.189401626586914,-5.953061103820801,-5.704740524291992,-5.468242645263672,-5.228890419006348,-5.02189302444458
-9.402666091918945,-9.48016357421875,-9.603035926818848,-9.707303047180176,-9.795880317687988,-9.876282691955566,-9.958505630493164,-10.027467727661133,-10.051918029785156,-9.855531692504883,-9.963515281677246,-10.105772018432617,-10.112730026245117,-10.015335083007812,-9.833536148071289,-9.568777084350586,-9.087916374206543,-8.263083457946777,-4.444045066833496,-2.7914490699768066,-2.936030864715576,-1.6983681917190552,-0.8170921206474304,-0.26379984617233276,-0.005939960479736328,0.1661674529314041,0.49818500876426697,0.21210381388664246,0.39516156911849976,-0.19556793570518494,0.005386874079704285,-0.2688569128513336,-0.4592350721359253,-0.3184114098548889,-5.891108512878418,-6.363803863525391,-6.505155086517334,-6.276102066040039,-5.9983625411987305,-5.729253768920898,-5.470788955688477,-5.23195743560791,-5.038908958435059
-9.338672637939453,-9.410311698913574,-9.530406951904297,-9.631904602050781,-9.717766761779785,-9.799097061157227,-9.861881256103516,-9.904020309448242,-9.877511024475098,-9.471588134765625,-9.857889175415039,-9.990983009338379,-9.949398040771484,-9.822568893432617,-9.624189376831055,-9.323673248291016,-8.749486923217773,-7.709071159362793,-3.3220462799072266,-2.9940268993377686,-2.6424050331115723,-1.9452835321426392,-1.4372336864471436,0.026406794786453247,-0.33148059248924255,-0.4700554609298706,0.5806939005851746,-0.7647308111190796,0.8495143055915833,0.3755384087562561,-0.17631316184997559,-1.717799186706543,-0.5600185990333557,-0.8768897652626038,-6.185931205749512,-6.610202789306641,-6.622375011444092,-6.358792304992676,-6.030205726623535,-5.7666425704956055,-5.4935102462768555,-5.244083404541016,-5.034234046936035
-9.273303985595703,-9.337200164794922,-9.463046073913574,-9.561145782470703,-9.636369705200195,-9.71038818359375,-9.763925552368164,-9.78947639465332,-9.717334747314453,-9.872522354125977,-9.773609161376953,-9.811141967773438,-9.749893188476562,-9.617416381835938,-9.400634765625,-9.062326431274414,-8.44487190246582,-6.213988780975342,-3.6892480850219727,-3.0585241317749023,-2.6282811164855957,-2.008338689804077,-0.23466172814369202,-0.4229525029659271,0.04634317755699158,0.7393965721130371,0.5125703811645508,-0.3212816119194031,0.03403373062610626,0.518035352230072,0.04367867112159729,-1.3260078430175781,-1.0976052284240723,-2.960390329360962,-6.540889739990234,-6.817116737365723,-6.6945953369140625,-6.3738908767700195,-6.081063270568848,-5.7877349853515625,-5.502073287963867,-5.22283935546875,-5.018999099731445
-9.206415176391602,-9.26144790649414,-9.39250373840332,-9.485640525817871,-9.551105499267578,-9.612476348876953,-9.648604393005371,-9.644283294677734,-9.275501251220703,-9.575815200805664,-9.664873123168945,-9.637611389160156,-9.554040908813477,-9.403849601745605,-9.175854682922363,-8.798296928405762,-8.162679672241211,-5.364079475402832,-3.5104143619537354,-2.1338820457458496,-2.3255763053894043,-1.4435620307922363,-0.4032489061355591,-0.425979346036911,-0.07219189405441284,0.07174859941005707,0.12097516655921936,0.21644769608974457,-0.2826927602291107,0.12180349230766296,-0.7344199419021606,-1.3206827640533447,-0.7126490473747253,-5.4340410232543945,-6.974264621734619,-6.991175651550293,-6.751941204071045,-6.429994583129883,-6.095721244812012,-5.795174598693848,-5.498705863952637,-5.234796047210693,-5.034005165100098
-9.137276649475098,-9.182212829589844,-9.3135404586792,-9.394375801086426,-9.4585542678833,-9.501365661621094,-9.519037246704102,-9.438720703125,-9.22991943359375,-9.458877563476562,-9.50843620300293,-9.450201988220215,-9.345189094543457,-9.186168670654297,-8.949050903320312,-8.539413452148438,-7.925380706787109,-5.343965530395508,-2.4561705589294434,-1.9666486978530884,-1.7456082105636597,-1.0866514444351196,-1.4295916557312012,-0.614937424659729,0.325516939163208,0.24607957899570465,-0.15140917897224426,0.6476907730102539,0.18125015497207642,-0.17966771125793457,-1.4883434772491455,-1.1811968088150024,-2.2235794067382812,-6.759700775146484,-7.189384460449219,-7.114110469818115,-6.789938926696777,-6.434764862060547,-6.136000633239746,-5.811190605163574,-5.484984874725342,-5.237964153289795,-5.042144775390625
-9.062112808227539,-9.095821380615234,-9.232115745544434,-9.305248260498047,-9.348876953125,-9.382365226745605,-9.362859725952148,-9.181983947753906,-9.245431900024414,-9.343950271606445,-9.332141876220703,-9.257120132446289,-9.13188362121582,-8.956125259399414,-8.710033416748047,-8.289918899536133,-7.6762895584106445,-6.720829486846924,-2.6699934005737305,-2.156456708908081,-1.8631442785263062,-1.8456792831420898,-0.9172427654266357,-0.7940953373908997,-0.38315102458000183,0.3733021914958954,-0.18149563670158386,0.684160590171814,-0.04504585266113281,-0.6271986961364746,-0.9832981824874878,-0.6458618640899658,-5.970280170440674,-7.156879425048828,-7.310885906219482,-7.1400861740112305,-6.803733825683594,-6.465144157409668,-6.120283126831055,-5.780272483825684,-5.455029487609863,-5.2478532791137695,-5.03851318359375
-8.977293014526367,-9.003616333007812,-9.14864444732666,-9.214384078979492,-9.238258361816406,-9.242877960205078,-9.171869277954102,-9.02286148071289,-9.158576965332031,-9.186229705810547,-9.134166717529297,-9.04461669921875,-8.905654907226562,-8.719765663146973,-8.461053848266602,-8.0418701171875,-7.481190204620361,-6.748404502868652,-4.6830668449401855,-1.9688762426376343,-1.4197742938995361,-0.7559057474136353,-1.0824296474456787,-0.23629307746887207,-0.09274815022945404,0.26060396432876587,-0.12587985396385193,0.041965603828430176,-0.02310793101787567,-0.4060696065425873,-1.1622320413589478,-3.5508885383605957,-6.815352439880371,-7.343645095825195,-7.3591461181640625,-7.115211486816406,-6.763212203979492,-6.436046600341797,-6.082050323486328,-5.760458946228027,-5.476843357086182,-5.245180130004883,-5.047091484069824
-8.88222885131836,-8.90188980102539,-9.051912307739258,-9.106620788574219,-9.115114212036133,-9.086821556091309,-8.961862564086914,-8.937907218933105,-9.014869689941406,-9.001941680908203,-8.93501091003418,-8.82496166229248,-8.669012069702148,-8.483720779418945,-8.21023178100586,-7.7844977378845215,-7.2889204025268555,-6.590337753295898,-5.06414794921875,-1.6625027656555176,-1.3579621315002441,-1.664177417755127,-1.2776625156402588,-0.56378573179245,-0.29412180185317993,-0.009016335010528564,-0.13832971453666687,-0.1429005265235901,-0.24263004958629608,-0.902376651763916,-2.1279525756835938,-5.809957504272461,-7.128639221191406,-7.395683765411377,-7.299682140350342,-7.018425941467285,-6.700387954711914,-6.379305839538574,-6.062545299530029,-5.74289608001709,-5.474328994750977,-5.2394795417785645,-5.044890403747559
-8.774481773376465,-8.78683853149414,-8.939870834350586,-8.983172416687012,-8.976229667663574,-8.90376091003418,-8.771377563476562,-8.83204460144043,-8.858052253723145,-8.814236640930176,-8.729934692382812,-8.59632396697998,-8.435646057128906,-8.235397338867188,-7.944848537445068,-7.521430015563965,-7.071195602416992,-6.377959251403809,-5.11467981338501,-1.6627249717712402,-1.369560956954956,-1.4591121673583984,-1.0234489440917969,-0.9258952140808105,0.14120624959468842,0.6996784210205078,2.284285306930542,-0.71263188123703,-0.09934160113334656,-0.889468252658844,-4.863703727722168,-6.733414173126221,-7.3011369705200195,-7.400302886962891,-7.166143417358398,-6.9050445556640625,-6.631426811218262,-6.333010673522949,-6.000998497009277,-5.717429161071777,-5.4450907707214355,-5.217144012451172,-5.022277355194092
-8.652332305908203,-8.65530776977539,-8.80979061126709,-8.842357635498047,-8.81089973449707,-8.707242965698242,-8.646320343017578,-8.702011108398438,-8.678442001342773,-8.610397338867188,-8.501495361328125,-8.36574935913086,-8.190145492553711,-7.97613000869751,-7.661798477172852,-7.251699447631836,-6.833762168884277,-6.182753086090088,-5.169551372528076,-2.839954376220703,-1.4633712768554688,-0.8895068168640137,-0.6881503462791443,-0.801670491695404,0.03592991828918457,0.3741288185119629,0.09879779815673828,-0.28574052453041077,-0.5301269292831421,-4.342554569244385,-6.029077529907227,-7.075418949127197,-7.38222599029541,-7.354622840881348,-5.3371500968933105,-6.836097717285156,-6.564248085021973,-6.257956504821777,-5.9630231857299805,-5.670877933502197,-5.419317245483398,-5.199235916137695,-5.003519058227539
-8.514216423034668,-8.50568675994873,-8.662416458129883,-8.686782836914062,-8.625484466552734,-8.518424034118652,-8.525764465332031,-8.536802291870117,-8.485048294067383,-8.395511627197266,-8.273006439208984,-8.129300117492676,-7.945347785949707,-7.716154098510742,-7.393229007720947,-6.998023986816406,-6.595681190490723,-6.015594482421875,-5.218924522399902,-4.0103440284729,-1.1600022315979004,-0.9594792127609253,-1.005354881286621,-0.5484185814857483,-0.6074990034103394,-0.6480298042297363,-0.1531362235546112,-0.2741091847419739,-1.7732799053192139,-5.504758358001709,-6.680177688598633,-7.2774457931518555,-7.396392822265625,-7.181602478027344,-6.931638717651367,-6.729950904846191,-6.46830940246582,-6.196966171264648,-5.91596794128418,-5.648774147033691,-5.407838821411133,-5.196767807006836,-5.000403881072998
-8.367796897888184,-8.351621627807617,-8.511075973510742,-8.520242691040039,-8.433637619018555,-8.36194896697998,-8.37807559967041,-8.353857040405273,-8.280461311340332,-8.175426483154297,-8.045648574829102,-7.877240180969238,-7.681832790374756,-7.434525489807129,-7.118719577789307,-6.735884189605713,-6.345340251922607,-5.792601585388184,-5.073972702026367,-4.167258262634277,-2.928515911102295,-0.8603935241699219,-0.9399608969688416,-0.9525508284568787,-0.7013955116271973,-1.187276840209961,-1.2808053493499756,-0.8856242299079895,-4.734463214874268,-6.2676520347595215,-7.102827072143555,-7.386388778686523,-7.312801837921143,-7.034095764160156,-6.843636512756348,-6.610506057739258,-6.379886627197266,-6.1160969734191895,-5.855947494506836,-5.593855381011963,-5.383365631103516,-5.17890739440918,-4.977639675140381
-8.217377662658691,-8.190545082092285,-8.364992141723633,-8.354157447814941,-8.256210327148438,-8.222195625305176,-8.21817684173584,-8.165573120117188,-8.069860458374023,-7.955442428588867,-7.795376300811768,-7.61580228805542,-7.41717529296875,-7.15504264831543,-6.8224687576293945,-6.454919815063477,-6.064517021179199,-5.540746688842773,-4.8994598388671875,-4.117938995361328,-3.1893606185913086,-2.4101834297180176,-1.6474655866622925,-0.8023928999900818,-0.24603807926177979,-0.8278905153274536,-1.2578179836273193,-1.503475308418274,-5.914012432098389,-6.886544227600098,-7.366565704345703,-7.410506248474121,-7.217061996459961,-6.961288928985596,-6.726283550262451,-6.492358207702637,-6.2697553634643555,-6.031449317932129,-5.785831451416016,-5.557153224945068,-5.346164226531982,-5.1306233406066895,-4.956459999084473
-8.05698013305664,-8.013547897338867,-8.193546295166016,-8.164783477783203,-8.087982177734375,-8.076757431030273,-8.047813415527344,-7.959758758544922,-7.836992263793945,-7.699636459350586,-7.554482460021973,-7.359238147735596,-7.14482307434082,-6.857551097869873,-6.519144058227539,-6.155686378479004,-5.7657389640808105,-5.2471184730529785,-4.64979362487793,-3.967388153076172,-3.1611781120300293,-2.7365798950195312,-2.499424457550049,-2.082644462585449,-0.7000454068183899,-2.520561933517456,-0.5155330896377563,-4.619810581207275,-6.747979164123535,-7.338165760040283,-7.491221904754639,-7.340692520141602,-7.094597339630127,-6.85502815246582,-6.613897323608398,-6.4102630615234375,-6.210312843322754,-5.963072299957275,-5.7264933586120605,-5.509306907653809,-5.304131507873535,-5.115222930908203,-4.948112487792969
-7.87729024887085,-7.822589874267578,-8.00058364868164,-7.967392444610596,-7.916507720947266,-7.886892318725586,-7.8282389640808105,-7.725493431091309,-7.601905345916748,-7.456659317016602,-7.280256271362305,-7.084386825561523,-6.845152854919434,-6.546957969665527,-6.209102630615234,-5.844292640686035,-5.448309898376465,-4.959046363830566,-4.3998026847839355,-3.798030138015747,-3.1804327964782715,-2.6264500617980957,-2.473689079284668,-2.192963123321533,-1.016318440437317,-1.0908493995666504,-0.9737284183502197,-5.921625137329102,-7.232217311859131,-7.572293281555176,-7.513644218444824,-7.274635314941406,-6.9938225746154785,-6.747983932495117,-6.517131805419922,-6.320646286010742,-6.104010581970215,-5.9036712646484375,-5.694700241088867,-5.470742225646973,-5.264195442199707,-5.093855857849121,-4.931434631347656
-7.675755500793457,-7.607089042663574,-7.801579475402832,-7.786205291748047,-7.7323760986328125,-7.688337326049805,-7.59470272064209,-7.4819746017456055,-7.350640296936035,-7.180305480957031,-6.992884159088135,-6.773174285888672,-6.5100626945495605,-6.215765953063965,-5.885968208312988,-5.533552169799805,-5.146829605102539,-4.682599067687988,-4.158758163452148,-3.6243231296539307,-3.092486619949341,-2.7292428016662598,-2.721954345703125,-3.144582748413086,-3.020111322402954,-0.43441805243492126,-2.6217880249023438,-6.457822799682617,-7.670314311981201,-7.674127578735352,-7.454042434692383,-7.190720558166504,-6.906435966491699,-6.670567512512207,-6.479125499725342,-6.24202299118042,-6.038394927978516,-5.828990936279297,-5.623894691467285,-5.41486930847168,-5.227718353271484,-5.0618085861206055,-4.91318416595459
-7.4673871994018555,-7.394747257232666,-7.600456237792969,-7.595232009887695,-7.548209190368652,-7.468149185180664,-7.377821445465088,-7.24973201751709,-7.083526611328125,-6.902782917022705,-6.698477745056152,-6.47656774520874,-6.190216541290283,-5.889652729034424,-5.561120986938477,-5.2204976081848145,-4.840167045593262,-4.403938293457031,-3.9372076988220215,-3.504246473312378,-3.149279832839966,-3.0675625801086426,-3.366415023803711,-3.7870595455169678,-2.713047981262207,-2.9586732387542725,-2.8417580127716064,-7.973384380340576,-7.961482048034668,-7.718515396118164,-7.3919782638549805,-7.07785177230835,-6.816131591796875,-6.633014678955078,-6.422130107879639,-5.975371837615967,-5.921901702880859,-5.76602840423584,-5.56137752532959,-5.377521514892578,-5.201303482055664,-5.038235187530518,-4.923221588134766
-7.262537002563477,-7.186012268066406,-7.408280849456787,-7.416201591491699,-7.351046562194824,-7.257508277893066,-7.129515647888184,-6.989223957061768,-6.817903518676758,-6.639980316162109,-6.4179182052612305,-6.172345161437988,-5.890931129455566,-5.5801591873168945,-5.255983829498291,-4.924267292022705,-4.575535297393799,-4.1768646240234375,-3.800879955291748,-3.495711326599121,-3.333585262298584,-3.3540282249450684,-3.383575439453125,-3.082125425338745,-3.223808765411377,-2.644808769226074,-3.913625478744507,-9.126888275146484,-8.170047760009766,-7.694941997528076,-7.315979957580566,-6.999410629272461,-6.769806861877441,-6.59002161026001,-6.446803569793701,-4.244142532348633,-5.884344100952148,-5.708136081695557,-5.513306617736816,-5.320666313171387,-5.162823677062988,-5.023835182189941,-4.904204368591309
