wind_JJA_avg_4x4.json
{"header": {"parameterCategory": 2, "parameterUnit": "m/s", "nx": 55, "ny": 70, "lo1": 118.693, "la1": 26.200841440399998, "lo2": 123.1583090968, "la2": 21.0494, "dx": 0.0826909092, "dy": 0.0746585716, "refTime": "2025-01-01 00:00:00", "forecastTime": 0, "parameterNumber": 2}, "data":
[rows 19 to 37 of 70, columns 0 to 42 of 55]
-0.12193042039871216,0.43056631088256836,0.750809907913208,0.9756852388381958,1.0746301412582397,1.1349902153015137,1.1827677488327026,1.2304356098175049,1.2604917287826538,1.3100641965866089,1.3691720962524414,1.4266108274459839,1.4799489974975586,1.5462347269058228,1.5999534130096436,1.6605100631713867,1.75278639793396,1.858405590057373,1.9500939846038818,2.0627248287200928,2.213423490524292,2.3831682205200195,2.5903983116149902,2.8358473777770996,3.146786689758301,3.4354944229125977,3.54156494140625,2.7936007976531982,1.6644794940948486,1.0070399045944214,0.6125041246414185,0.6490338444709778,0.32059919834136963,0.008926808834075928,0.04979050159454346,-0.340961217880249,-0.39819860458374023,-0.6799184083938599,-1.6191377639770508,-1.2336357831954956,-0.7471417784690857,-0.5319259166717529,-0.46511566638946533
0.3258984386920929,0.8085563778877258,0.9181813597679138,1.0778203010559082,1.1373883485794067,1.191904067993164,1.2223650217056274,1.2610422372817993,1.2972668409347534,1.3557333946228027,1.4052637815475464,1.4531726837158203,1.4864486455917358,1.5421783924102783,1.5973893404006958,1.668071985244751,1.762620449066162,1.8706014156341553,1.9672527313232422,2.09122896194458,2.2222142219543457,2.3979368209838867,2.5957460403442383,2.8584179878234863,3.17624568939209,3.2843661308288574,3.0152711868286133,1.7451872825622559,0.8451345562934875,0.46449360251426697,-0.016745567321777344,-0.21907922625541687,-0.1431073546409607,-0.14447063207626343,0.11697031557559967,0.004893004894256592,-0.33375364542007446,-0.6208052039146423,-1.538923978805542,-0.9542845487594604,-0.5081479549407959,-0.3667030930519104,-0.35645154118537903
0.7548918128013611,1.0342148542404175,1.0695010423660278,1.1218228340148926,1.1774966716766357,1.2285230159759521,1.2581220865249634,1.2996487617492676,1.3263858556747437,1.3686206340789795,1.4117991924285889,1.4459888935089111,1.482377529144287,1.5250353813171387,1.584843397140503,1.6641271114349365,1.773949384689331,1.8755964040756226,1.9837859869003296,2.10368013381958,2.2288014888763428,2.3911123275756836,2.5775256156921387,2.886554718017578,3.0956404209136963,2.721111297607422,1.734050989151001,1.503328800201416,0.7668478488922119,0.5865859985351562,0.49022144079208374,0.4730876386165619,-0.1292545348405838,-0.10738010704517365,-0.6289816498756409,-0.16933774948120117,-0.26515015959739685,-0.40494489669799805,-0.7990310192108154,-0.5042724609375,-0.06449294090270996,-0.11628511548042297,-0.22275346517562866
1.066641092300415,1.1128830909729004,1.0857311487197876,1.1549510955810547,1.2006239891052246,1.2610477209091187,1.2978496551513672,1.3305881023406982,1.360461711883545,1.3947761058807373,1.4298293590545654,1.4362924098968506,1.4698677062988281,1.5098145008087158,1.571519374847412,1.665835976600647,1.7823723554611206,1.8859872817993164,1.9993867874145508,2.100163459777832,2.201714515686035,2.340740203857422,2.568040370941162,2.8645734786987305,2.685460090637207,1.465590238571167,1.24317467212677,0.8600671887397766,0.6544532179832458,0.6102150678634644,0.05298423767089844,-0.19220317900180817,0.22348929941654205,-0.2955159842967987,-0.39264047145843506,-0.6266549825668335,-0.08154028654098511,-0.055781930685043335,0.033464014530181885,0.44278764724731445,0.3190837502479553,0.0671737790107727,-0.10916483402252197
1.000212550163269,1.0482499599456787,1.1068487167358398,1.1875983476638794,1.2406375408172607,1.2792149782180786,1.3153789043426514,1.345773696899414,1.3695523738861084,1.3806874752044678,1.4070477485656738,1.4315464496612549,1.4518730640411377,1.503024935722351,1.5752699375152588,1.6753640174865723,1.7952783107757568,1.8981246948242188,1.988924503326416,2.0660626888275146,2.1685361862182617,2.305638074874878,2.5558018684387207,2.754180669784546,2.1791012287139893,1.4609320163726807,0.36915361881256104,0.4296678602695465,0.372597873210907,-0.24428337812423706,-0.3471572697162628,-0.15438272058963776,-0.13898515701293945,-0.5505242943763733,-0.2922385036945343,-0.15244948863983154,0.20729747414588928,-0.43751102685928345,-0.014265775680541992,0.4856693744659424,0.35742685198783875,0.113960862159729,-0.06186908483505249
0.966367781162262,1.051642894744873,1.1489030122756958,1.2114657163619995,1.2650879621505737,1.303567886352539,1.3246341943740845,1.343339204788208,1.3574554920196533,1.3667218685150146,1.3857355117797852,1.4079570770263672,1.4263997077941895,1.491355538368225,1.5690546035766602,1.6840355396270752,1.808181881904602,1.9012458324432373,1.981950044631958,2.041483163833618,2.121326208114624,2.2660510540008545,2.5567502975463867,2.4176342487335205,1.043799877166748,1.1947014331817627,0.7867047190666199,0.2096911072731018,0.28621169924736023,0.2899918258190155,0.29332634806632996,0.1296093463897705,-0.15588223934173584,0.05608034133911133,-0.46869850158691406,-0.7918677926063538,-0.7779033184051514,-0.3360864520072937,0.1266331970691681,0.3466365337371826,0.2877620458602905,0.08279627561569214,-0.05397626757621765
1.0303155183792114,1.0815961360931396,1.1574985980987549,1.230332612991333,1.2826824188232422,1.3174747228622437,1.3331642150878906,1.3384356498718262,1.348757028579712,1.3459162712097168,1.3619742393493652,1.380396842956543,1.4125268459320068,1.4704678058624268,1.5715546607971191,1.6911604404449463,1.819429874420166,1.9139472246170044,1.9623219966888428,2.0072743892669678,2.073637008666992,2.2344202995300293,2.5189170837402344,1.8961774110794067,1.1085394620895386,0.41073405742645264,0.6677326560020447,0.5147501230239868,0.5530635118484497,-0.40084120631217957,-0.6158453822135925,-0.19915711879730225,-0.7750802636146545,-0.05366110801696777,-0.05394512414932251,-0.21567213535308838,-0.6150240302085876,-0.8338874578475952,0.6194057464599609,0.3690866529941559,0.20371797680854797,0.03011864423751831,-0.07165974378585815
1.0127700567245483,1.0621849298477173,1.1675188541412354,1.2461826801300049,1.2911715507507324,1.33450186252594,1.3368287086486816,1.333510398864746,1.3328189849853516,1.3281246423721313,1.343468189239502,1.3776133060455322,1.4097700119018555,1.484440803527832,1.5815834999084473,1.7152005434036255,1.8386915922164917,1.912950038909912,1.9376981258392334,1.9654099941253662,2.017394781112671,2.1810545921325684,2.2352325916290283,1.3289499282836914,1.3775793313980103,0.7435343861579895,0.3684459328651428,0.47754138708114624,-0.28922510147094727,-0.3668438196182251,0.6344192028045654,0.23820891976356506,0.014824554324150085,-0.4878702163696289,-0.3740426003932953,-0.2680627107620239,-0.5856496095657349,-0.21441301703453064,0.77132248878479,0.3435347378253937,0.10785561800003052,-0.03814142942428589,-0.1028759628534317
1.035351276397705,1.0920926332473755,1.1966335773468018,1.2651453018188477,1.2989270687103271,1.3171579837799072,1.323237419128418,1.3188896179199219,1.3074601888656616,1.3172439336776733,1.3349609375,1.3780837059020996,1.4367454051971436,1.5106549263000488,1.6000280380249023,1.7299067974090576,1.8449276685714722,1.8990769386291504,1.9218767881393433,1.9211053848266602,1.958573579788208,2.1657111644744873,1.638698697090149,1.5764758586883545,1.1710749864578247,0.29483211040496826,0.01914268732070923,0.04746532440185547,0.18875455856323242,0.4644823968410492,-0.30428749322891235,0.44130948185920715,-0.20498216152191162,-0.5559897422790527,-0.6363190412521362,-0.7396870255470276,-0.7112730145454407,0.37588560581207275,0.3473031520843506,0.18793782591819763,-0.0157320499420166,-0.1006585955619812,-0.13066115975379944
1.0587842464447021,1.1121149063110352,1.2136352062225342,1.2772430181503296,1.3007323741912842,1.311280369758606,1.3079936504364014,1.2830263376235962,1.283077359199524,1.293633222579956,1.3303608894348145,1.3898937702178955,1.4657912254333496,1.5463521480560303,1.6353931427001953,1.7659275531768799,1.8535547256469727,1.8768503665924072,1.890923023223877,1.8818793296813965,1.9247807264328003,1.622274398803711,1.4794507026672363,1.5348856449127197,1.1854783296585083,0.04286080598831177,0.7224721908569336,0.38316285610198975,0.22439801692962646,0.5750316977500916,0.26621925830841064,0.05623176693916321,-0.1425628960132599,-0.19139020144939423,-0.1121494472026825,-0.3662761151790619,-0.485196590423584,-0.06953698396682739,0.10967400670051575,-0.005440384149551392,-0.12389892339706421,-0.15722918510437012,-0.1462801843881607
1.084236741065979,1.1323400735855103,1.224820852279663,1.2777751684188843,1.291123867034912,1.2874810695648193,1.2787834405899048,1.262343406677246,1.2645472288131714,1.2718656063079834,1.321557641029358,1.400596261024475,1.492769479751587,1.554704189300537,1.644793152809143,1.7558883428573608,1.8380168676376343,1.8515193462371826,1.8407647609710693,1.8299205303192139,1.9058024883270264,1.6354731321334839,1.3535072803497314,1.32095205783844,1.034571647644043,-0.17701977491378784,0.6236709356307983,0.5131948590278625,0.4080215096473694,-0.11336883902549744,0.1102578341960907,-0.024653881788253784,-0.473161518573761,-0.07594305276870728,-0.10329294204711914,-0.6822224259376526,-0.8092023134231567,-0.122547447681427,-0.025392532348632812,-0.1316630244255066,-0.201036736369133,-0.2027014046907425,-0.16540268063545227
1.1070750951766968,1.1449816226959229,1.2388911247253418,1.2756606340408325,1.2701783180236816,1.2565062046051025,1.2396360635757446,1.2307345867156982,1.2346034049987793,1.2572658061981201,1.3245034217834473,1.4142091274261475,1.5094029903411865,1.5523416996002197,1.6307885646820068,1.7307727336883545,1.7965337038040161,1.8157846927642822,1.7865506410598755,1.795546531677246,1.913497805595398,1.8078922033309937,1.5953346490859985,1.244511604309082,0.9896814823150635,0.07643163204193115,0.7681965827941895,0.8930468559265137,0.44116708636283875,0.8258658647537231,0.37700068950653076,-0.2037305235862732,-0.042181044816970825,-0.6607524156570435,-0.3874845504760742,-0.5640020370483398,-0.5480576157569885,-0.09519892930984497,-0.1050424575805664,-0.21020850539207458,-0.25193482637405396,-0.21744400262832642,-0.16734403371810913
1.1200865507125854,1.1374790668487549,1.2253111600875854,1.2536604404449463,1.2418692111968994,1.2264951467514038,1.206665277481079,1.2015070915222168,1.1972136497497559,1.245471715927124,1.3234968185424805,1.423324465751648,1.5203516483306885,1.5414187908172607,1.595158338546753,1.6838669776916504,1.7546844482421875,1.7437198162078857,1.7342289686203003,1.8035084009170532,1.4550354480743408,1.6300147771835327,1.465469479560852,1.144544243812561,1.0195708274841309,0.0005344152450561523,0.2868749499320984,0.7159498929977417,0.15838271379470825,0.3172275125980377,0.3322758972644806,-0.18143194913864136,-0.5903937816619873,0.004678308963775635,-0.469738245010376,-0.7689688205718994,-0.06018972396850586,-0.08008623123168945,-0.17527049779891968,-0.2629149556159973,-0.274414598941803,-0.21996693313121796,-0.15350671112537384
1.122788906097412,1.1245481967926025,1.2033952474594116,1.2264553308486938,1.2111471891403198,1.188675880432129,1.1673219203948975,1.1499810218811035,1.167218565940857,1.2127176523208618,1.3093080520629883,1.4455854892730713,1.5275294780731201,1.501842737197876,1.544619083404541,1.630885362625122,1.7012085914611816,1.6708502769470215,1.6333246231079102,1.687851905822754,1.5351566076278687,1.4924969673156738,1.1654046773910522,0.8500804901123047,1.5987534523010254,0.39184895157814026,0.5397565364837646,0.16013434529304504,-0.14962580800056458,0.7113513946533203,-0.10872474312782288,0.10810664296150208,-0.4454565942287445,-0.5405855178833008,-0.7544065117835999,-0.534512460231781,-0.13540267944335938,-0.13389557600021362,-0.22006657719612122,-0.29033899307250977,-0.2643718719482422,-0.19090506434440613,-0.11873333156108856
1.104749083518982,1.1037280559539795,1.171236515045166,1.198309063911438,1.176190972328186,1.1426026821136475,1.1123032569885254,1.1159769296646118,1.1283657550811768,1.1765087842941284,1.3121874332427979,1.489952802658081,1.4779412746429443,1.4295637607574463,1.5020583868026733,1.6010390520095825,1.6320366859436035,1.562049150466919,1.518733024597168,1.3844895362854004,1.3733378648757935,1.3546375036239624,1.1631494760513306,1.1341840028762817,0.832667350769043,0.5240374803543091,0.8794117569923401,0.5487273335456848,0.534649133682251,0.5370543003082275,-0.16460606455802917,0.10511454939842224,-0.5213342905044556,-0.8196965456008911,-1.2693184614181519,-0.004277169704437256,-0.09019613265991211,-0.15851500630378723,-0.2499762773513794,-0.2888496220111847,-0.23935875296592712,-0.15273474156856537,-0.08278912305831909
1.0767085552215576,1.0687315464019775,1.138991355895996,1.1646404266357422,1.127655029296875,1.103930950164795,1.0580470561981201,1.0642420053482056,1.0826828479766846,1.1462960243225098,1.3023643493652344,1.4074361324310303,1.3768142461776733,1.3530741930007935,1.4784836769104004,1.562410593032837,1.5763095617294312,1.481150507926941,1.2311714887619019,1.303399920463562,1.2978111505508423,1.2203091382980347,0.9378484487533569,0.8663355708122253,0.13358604907989502,0.17611247301101685,0.0931822657585144,0.19525915384292603,-0.28136998414993286,0.5362818241119385,-0.029583357274532318,0.016153275966644287,-0.5581359267234802,-0.38014620542526245,-1.1009653806686401,0.2850075364112854,-0.08436602354049683,-0.1546366810798645,-0.2575410306453705,-0.25758692622184753,-0.19732043147087097,-0.10095110535621643,-0.026791393756866455
1.043200969696045,1.029219627380371,1.1026268005371094,1.1257039308547974,1.1056849956512451,1.0634709596633911,1.0234150886535645,1.0256984233856201,1.0505867004394531,1.0902626514434814,1.1138466596603394,1.4690754413604736,1.0390223264694214,1.3516809940338135,1.474433183670044,1.5301979780197144,1.5024700164794922,1.390795350074768,1.1895405054092407,1.270833134651184,1.3084146976470947,1.18691086769104,0.5578980445861816,0.5259560346603394,0.004308164119720459,-0.22339364886283875,-0.10205996036529541,0.5892727375030518,-0.2512804865837097,0.058702170848846436,-0.24457025527954102,0.13325271010398865,-0.4234870970249176,-0.8752086162567139,-0.017212271690368652,0.20089858770370483,-0.0009647607803344727,-0.13661736249923706,-0.22781336307525635,-0.20840749144554138,-0.15011417865753174,-0.050639957189559937,0.029440850019454956
1.0053538084030151,0.9848245978355408,1.0648587942123413,1.0893683433532715,1.0757246017456055,1.042148470878601,1.0053770542144775,1.0148046016693115,1.0361354351043701,1.1096813678741455,1.2378208637237549,0.9650270342826843,1.2972700595855713,1.3950905799865723,1.4571000337600708,1.4701817035675049,1.4348567724227905,1.352698564529419,1.3895628452301025,1.2501130104064941,1.233420491218567,0.9827935099601746,0.07480931282043457,-0.03730577230453491,0.2879970073699951,0.2023017406463623,-0.38635674118995667,-0.1516391485929489,0.018558531999588013,0.0039362311363220215,-0.2397633194923401,0.1437065452337265,-0.155765563249588,-1.1336654424667358,-0.5061802268028259,0.13049888610839844,0.04843854904174805,-0.11050119996070862,-0.18628042936325073,-0.15538139641284943,-0.07063956558704376,0.030989646911621094,0.11004851758480072
0.9633437395095825,0.9376745223999023,1.0202951431274414,1.050215244293213,1.0351572036743164,1.0100517272949219,1.0051822662353516,1.0203888416290283,1.0600898265838623,1.1519663333892822,1.3082232475280762,1.3061459064483643,1.3406022787094116,1.411163568496704,1.429125189781189,1.4055640697479248,1.3516117334365845,1.275011658668518,1.5039451122283936,1.094099760055542,1.1123465299606323,0.8206242322921753,0.0316927433013916,-0.33998721837997437,-0.15348362922668457,0.542596697807312,-0.36047959327697754,0.02714252471923828,-0.4174826741218567,-0.4833611845970154,0.24329189956188202,-0.7185153961181641,-0.490874707698822,-0.666705846786499,-0.05437201261520386,0.3519182801246643,0.0850415825843811,-0.08872285485267639,-0.1400240659713745,-0.08408859372138977,0.02222675085067749,0.1123245358467102,0.20076394081115723
