wind_DJF_day_3x3.json
{"header": {"parameterCategory": 2, "parameterUnit": "m/s", "nx": 74, "ny": 94, "lo1": 118.693, "la1": 26.2568353691, "lo2": 123.2203272787, "la2": 21.0494, "dx": 0.0620181819, "dy": 0.0559939287, "refTime": "2025-01-01 00:00:00", "forecastTime": 0, "parameterNumber": 3}, "data":
[rows 57 to 75 of 94, columns 0 to 42 of 74]
-9.239798545837402,-9.277690887451172,-9.329169273376465,-9.439505577087402,-9.490538597106934,-9.544609069824219,-9.592355728149414,-9.64237117767334,-9.675552368164062,-9.679710388183594,-9.648642539978027,-9.076047897338867,-9.519929885864258,-9.628860473632812,-9.705656051635742,-9.699620246887207,-9.659538269042969,-9.595699310302734,-9.496696472167969,-9.369747161865234,-9.175950050354004,-8.812740325927734,-8.228355407714844,-4.965542793273926,-3.6787431240081787,-3.1504220962524414,-1.9992505311965942,-2.3958520889282227,-1.4357160329818726,-0.8997973799705505,-0.03606913238763809,0.21255268156528473,1.1416443586349487,-0.19389276206493378,0.1706874817609787,-1.5344659090042114,-0.20288607478141785,-1.267258882522583,-1.0761839151382446,-0.182489275932312,-0.05480981990695,-1.4182140827178955,-0.17756734788417816
-9.18299674987793,-9.21475601196289,-9.263814926147461,-9.370938301086426,-9.419838905334473,-9.473645210266113,-9.516395568847656,-9.555166244506836,-9.574706077575684,-9.568033218383789,-9.375560760498047,-9.164873123168945,-9.440004348754883,-9.548484802246094,-9.586189270019531,-9.564029693603516,-9.510197639465332,-9.438860893249512,-9.339156150817871,-9.194244384765625,-8.966073036193848,-8.573820114135742,-8.062448501586914,-3.784113645553589,-2.7236061096191406,-2.4380924701690674,-2.0351791381835938,-1.6610217094421387,-1.3203262090682983,-1.0521576404571533,-0.5749500393867493,-0.006141858175396919,1.2584086656570435,0.2107115089893341,0.19119948148727417,0.13849230110645294,1.8502748012542725,0.3023746609687805,1.2424333095550537,-0.13057732582092285,-0.8522359728813171,-0.6412173509597778,-0.49294352531433105
-9.121589660644531,-9.146394729614258,-9.191932678222656,-9.309664726257324,-9.358160018920898,-9.397574424743652,-9.434955596923828,-9.467044830322266,-9.461071014404297,-9.412925720214844,-9.105740547180176,-9.24201488494873,-9.38919734954834,-9.457380294799805,-9.461292266845703,-9.418330192565918,-9.361623764038086,-9.272672653198242,-9.164347648620605,-9.005474090576172,-8.752521514892578,-8.355395317077637,-7.82682991027832,-5.665486812591553,-2.249941110610962,-1.9930402040481567,-2.024482488632202,-1.5439307689666748,-1.3463943004608154,-1.0070103406906128,0.019252492114901543,-0.10468965768814087,0.2221786379814148,1.890368938446045,0.9001907110214233,0.3379451334476471,1.5023436546325684,0.9574517011642456,-0.6974698901176453,0.40576013922691345,-1.358012080192566,-0.09872297942638397,-0.6634534597396851
-9.055582046508789,-9.07457160949707,-9.121655464172363,-9.249646186828613,-9.27526569366455,-9.319008827209473,-9.3458833694458,-9.362159729003906,-9.338432312011719,-9.218027114868164,-9.025306701660156,-9.219565391540527,-9.31859302520752,-9.343853950500488,-9.320930480957031,-9.273544311523438,-9.197967529296875,-9.098272323608398,-8.97713565826416,-8.808401107788086,-8.536991119384766,-8.121477127075195,-7.553147792816162,-6.0468220710754395,-2.7217788696289062,-1.7615989446640015,-1.8777841329574585,-1.304186224937439,-0.88788902759552,-0.7490804195404053,-0.08130652457475662,0.199396550655365,0.7020605802536011,0.40162038803100586,-0.6238561272621155,-0.8432844877243042,1.5918492078781128,1.142155408859253,0.6889125108718872,0.11319662630558014,-0.933498203754425,-0.6755399703979492,-4.035922050476074
-8.982837677001953,-8.999273300170898,-9.048215866088867,-9.1834135055542,-9.209026336669922,-9.234709739685059,-9.251364707946777,-9.250351905822754,-9.202669143676758,-9.01042652130127,-9.022588729858398,-9.14724063873291,-9.202869415283203,-9.204133987426758,-9.176589965820312,-9.112689018249512,-9.028854370117188,-8.920202255249023,-8.786845207214355,-8.603944778442383,-8.31509780883789,-7.891197681427002,-7.2708563804626465,-6.110470771789551,-4.592652797698975,-2.1538491249084473,-1.9381346702575684,-1.3570911884307861,-1.0470315217971802,-0.67418372631073,-0.25618699193000793,0.661287248134613,-0.31417813897132874,0.5527704358100891,-0.755038857460022,0.5837905406951904,0.4946536421775818,-0.31014832854270935,-0.23962341248989105,-0.2687202990055084,0.07733739912509918,-2.0581114292144775,-6.093344688415527
-8.91229248046875,-8.92542839050293,-8.971063613891602,-9.112942695617676,-9.130500793457031,-9.146018981933594,-9.153396606445312,-9.130288124084473,-9.030375480651855,-8.874310493469238,-8.980806350708008,-9.053414344787598,-9.075471878051758,-9.062363624572754,-9.012621879577637,-8.946290016174316,-8.851276397705078,-8.742362976074219,-8.596199035644531,-8.393675804138184,-8.071717262268066,-7.638996124267578,-6.9918928146362305,-6.004454612731934,-4.950342178344727,-1.8887999057769775,-1.4259438514709473,-1.0017058849334717,-0.917141318321228,-0.8591132164001465,-0.2642158269882202,-0.04631522297859192,-0.008917108178138733,0.2394333779811859,1.2092676162719727,0.6054679751396179,-0.7625412940979004,0.4360942244529724,0.3572772741317749,-0.43244099617004395,-0.8868697285652161,-5.259142875671387,-6.351993560791016
-8.837828636169434,-8.844961166381836,-8.888067245483398,-9.024476051330566,-9.031919479370117,-9.036524772644043,-9.024604797363281,-8.973648071289062,-8.84078598022461,-8.796003341674805,-8.893112182617188,-8.938943862915039,-8.93911361694336,-8.912910461425781,-8.853195190429688,-8.764815330505371,-8.658802032470703,-8.537911415100098,-8.384336471557617,-8.162030220031738,-7.824021339416504,-7.376889228820801,-6.7288007736206055,-5.8699727058410645,-4.894436359405518,-2.5631375312805176,-1.1850950717926025,-1.0545697212219238,-0.7584381103515625,-0.3824734687805176,-0.5486857295036316,-0.1947994977235794,-0.3408474326133728,-0.2794940769672394,0.590481698513031,0.6266573667526245,0.471624493598938,0.7486332058906555,-0.42298296093940735,-0.7163001298904419,-1.645808219909668,-5.751274108886719,-6.583837985992432
-8.752330780029297,-8.754120826721191,-8.794501304626465,-8.935664176940918,-8.933058738708496,-8.932975769042969,-8.89546012878418,-8.820085525512695,-8.692129135131836,-8.739203453063965,-8.795614242553711,-8.820087432861328,-8.797050476074219,-8.757314682006836,-8.683784484863281,-8.58510971069336,-8.472139358520508,-8.337818145751953,-8.161809921264648,-7.91995096206665,-7.577255725860596,-7.1179423332214355,-6.485628128051758,-5.7286200523376465,-4.874706745147705,-3.993647575378418,-0.955898642539978,-0.9258835315704346,-0.6888453364372253,-0.5097030401229858,-0.5657724142074585,-0.2891790270805359,-0.5168739557266235,0.9478119611740112,-0.29029855132102966,1.610811471939087,0.545219898223877,0.5722380876541138,0.026036657392978668,-2.396859884262085,-5.346375465393066,-6.312907695770264,-6.764885425567627
-8.660362243652344,-8.658546447753906,-8.696167945861816,-8.838085174560547,-8.819602966308594,-8.805458068847656,-8.748278617858887,-8.649374008178711,-8.586645126342773,-8.653674125671387,-8.682097434997559,-8.676130294799805,-8.641897201538086,-8.58029842376709,-8.496650695800781,-8.400333404541016,-8.268991470336914,-8.117298126220703,-7.925346851348877,-7.664615154266357,-7.315989971160889,-6.856454372406006,-6.256730556488037,-5.585894584655762,-4.830484390258789,-4.209176540374756,-1.2824606895446777,-0.8955756425857544,-0.3558085560798645,-0.2320849895477295,-0.08049266040325165,0.1000848263502121,0.7118114829063416,-1.1714026927947998,0.8888530731201172,0.6906646490097046,-0.6004838943481445,-0.04614207148551941,-2.530667781829834,-4.554617881774902,-5.760212421417236,-6.503107070922852,-6.859610080718994
-8.563237190246582,-8.555639266967773,-8.584004402160645,-8.727001190185547,-8.703714370727539,-8.66549301147461,-8.596036911010742,-8.501619338989258,-8.50015640258789,-8.54167366027832,-8.548229217529297,-8.522478103637695,-8.479645729064941,-8.402475357055664,-8.314352035522461,-8.199806213378906,-8.064824104309082,-7.905220985412598,-7.6936564445495605,-7.418245792388916,-7.06291389465332,-6.605802059173584,-6.048205375671387,-5.463610649108887,-4.83068323135376,-4.219115257263184,-1.097247838973999,-0.5075642466545105,-0.5716795325279236,-0.21530595421791077,-0.2660903036594391,-0.2864640951156616,0.13699914515018463,-0.24804137647151947,-0.2474421262741089,0.38502827286720276,-0.13026095926761627,-0.43417486548423767,-4.220669269561768,-5.261315822601318,-6.159785270690918,-6.6789069175720215,-6.922233581542969
-8.46049690246582,-8.44874382019043,-8.475729942321777,-8.617664337158203,-8.582429885864258,-8.528603553771973,-8.450632095336914,-8.389595031738281,-8.417998313903809,-8.426722526550293,-8.408934593200684,-8.36317253112793,-8.304067611694336,-8.222943305969238,-8.112433433532715,-7.981217384338379,-7.834675312042236,-7.665802001953125,-7.457431793212891,-7.162551403045654,-6.804653167724609,-6.349701404571533,-5.838099956512451,-5.312020301818848,-4.754605293273926,-4.157900333404541,-3.369591474533081,-0.25797030329704285,-0.009506449103355408,0.1745172142982483,0.0134170763194561,-0.1267363727092743,-0.13095703721046448,-0.2948675751686096,0.06355789303779602,1.0318126678466797,0.16232536733150482,-2.2228546142578125,-4.931926250457764,-5.821955680847168,-6.451087951660156,-6.791808128356934,-6.952341079711914
-8.345985412597656,-8.330182075500488,-8.357327461242676,-8.499122619628906,-8.449713706970215,-8.384177207946777,-8.310775756835938,-8.287927627563477,-8.308856964111328,-8.306468963623047,-8.260562896728516,-8.205430030822754,-8.131701469421387,-8.035333633422852,-7.9140238761901855,-7.772345066070557,-7.616281509399414,-7.433791160583496,-7.202777862548828,-6.908941745758057,-6.546769142150879,-6.116552829742432,-5.6313629150390625,-5.138945579528809,-4.627651691436768,-4.063327312469482,-3.2657275199890137,-2.067286491394043,-0.21775615215301514,0.4250783324241638,0.3154584765434265,0.12498384714126587,0.42659294605255127,0.3744089603424072,0.7981765866279602,-0.3190501630306244,-0.2677770256996155,-4.996034145355225,-5.598483085632324,-6.237145900726318,-6.667807579040527,-6.89350700378418,-6.948141098022461
-8.225273132324219,-8.200543403625488,-8.225353240966797,-8.384366035461426,-8.323862075805664,-8.25719165802002,-8.195379257202148,-8.179218292236328,-8.189811706542969,-8.169428825378418,-8.112293243408203,-8.043586730957031,-7.954842567443848,-7.827990531921387,-7.69596529006958,-7.551375389099121,-7.399219036102295,-7.207026481628418,-6.961703777313232,-6.654083728790283,-6.299744606018066,-5.877399444580078,-5.424971580505371,-4.958920478820801,-4.475963592529297,-3.9384255409240723,-3.2401952743530273,-2.342043161392212,-1.3237380981445312,-0.45943450927734375,0.519521176815033,0.6526892185211182,-0.23679327964782715,-0.8362919092178345,-0.8900265097618103,-1.0411006212234497,-1.4513249397277832,-5.423386573791504,-6.079155445098877,-6.547733783721924,-6.841259956359863,-6.950116157531738,-6.936215400695801
-8.099942207336426,-8.066178321838379,-8.084003448486328,-8.2544527053833,-8.184052467346191,-8.12065315246582,-8.07165813446045,-8.077550888061523,-8.059382438659668,-8.010156631469727,-7.944645404815674,-7.850218296051025,-7.737833023071289,-7.622554779052734,-7.490400314331055,-7.341548919677734,-7.1727294921875,-6.967742919921875,-6.7042131423950195,-6.3995795249938965,-6.045439720153809,-5.64520263671875,-5.201507568359375,-4.746991157531738,-4.283348560333252,-3.778599262237549,-3.1484150886535645,-2.3952808380126953,-1.7261314392089844,-1.0637447834014893,-0.44942235946655273,0.08766171336174011,0.058190666139125824,-0.9928315281867981,-0.5321648120880127,-0.39158061146736145,-4.018589496612549,-6.081350803375244,-6.520505905151367,-6.809765815734863,-6.951980113983154,-6.9759721755981445,-6.931304931640625
-7.967658042907715,-7.923841953277588,-7.938358306884766,-8.122627258300781,-8.046441078186035,-7.9890923500061035,-7.960916519165039,-7.947344779968262,-7.911223411560059,-7.832176685333252,-7.733017921447754,-7.64738655090332,-7.543135643005371,-7.425642490386963,-7.285525321960449,-7.117311477661133,-6.941184997558594,-6.710232257843018,-6.451257705688477,-6.145665645599365,-5.802766799926758,-5.406052589416504,-4.981503486633301,-4.553472995758057,-4.109395980834961,-3.6231086254119873,-3.0763590335845947,-2.213931083679199,-1.700132131576538,-1.4117034673690796,-1.0372521877288818,-0.6973170042037964,-0.2984015643596649,-1.3873472213745117,-1.005980134010315,-1.3913811445236206,-6.075767517089844,-6.47570276260376,-6.8245110511779785,-6.972412586212158,-7.0248260498046875,-6.980390548706055,-6.8790154457092285
-7.820867538452148,-7.772089958190918,-7.786624908447266,-7.9884843826293945,-7.900941371917725,-7.842693328857422,-7.820477485656738,-7.7872819900512695,-7.721060276031494,-7.643756866455078,-7.5536112785339355,-7.446323394775391,-7.3313889503479,-7.200192928314209,-7.044107437133789,-6.891996383666992,-6.683894634246826,-6.4632134437561035,-6.1951117515563965,-5.891119480133057,-5.537100791931152,-5.162550449371338,-4.763721466064453,-4.35390043258667,-3.9365344047546387,-3.4827940464019775,-2.9945485591888428,-2.4853198528289795,-1.8600845336914062,-1.536017894744873,-1.3419113159179688,-1.3012583255767822,-1.1316566467285156,-1.1548094749450684,-1.839338779449463,-2.128803014755249,-6.302711486816406,-6.756396770477295,-7.03427791595459,-7.097412109375,-7.063388824462891,-6.989919662475586,-6.855576038360596
-7.649356365203857,-7.59294319152832,-7.615536689758301,-7.851475238800049,-7.754807949066162,-7.695392608642578,-7.660068511962891,-7.607150077819824,-7.532451629638672,-7.446766376495361,-7.358935356140137,-7.235022068023682,-7.098254203796387,-6.959108829498291,-6.790334701538086,-6.616611003875732,-6.402517795562744,-6.182231426239014,-5.914782524108887,-5.627922058105469,-5.301194667816162,-4.950360298156738,-4.559497356414795,-4.173137187957764,-3.767958641052246,-3.3476171493530273,-2.91544508934021,-2.478330135345459,-2.0786633491516113,-1.8436850309371948,-1.8741326332092285,-2.1468398571014404,-2.5690834522247314,-1.3849329948425293,-2.0628976821899414,-2.4943079948425293,-6.602168083190918,-7.123019218444824,-7.21856689453125,-7.168023109436035,-7.071326732635498,-6.9712233543396,-6.82227897644043
-7.491055011749268,-7.431580543518066,-7.455235481262207,-7.691984176635742,-7.593564033508301,-7.556252956390381,-7.513586044311523,-7.431105136871338,-7.3635101318359375,-7.272153377532959,-7.148515224456787,-7.005721092224121,-6.869338035583496,-6.72882080078125,-6.5574421882629395,-6.370998382568359,-6.150026321411133,-5.916001319885254,-5.664125442504883,-5.37044095993042,-5.048905372619629,-4.69594144821167,-4.330504894256592,-3.970292806625366,-3.5887999534606934,-3.2174315452575684,-2.8532471656799316,-2.527027130126953,-2.296356439590454,-2.2486960887908936,-2.513702154159546,-3.0387163162231445,-2.5928235054016113,-1.7400991916656494,-2.304218292236328,-3.0925400257110596,-7.728679180145264,-7.428116798400879,-7.358972549438477,-7.227116107940674,-7.093237400054932,-6.902752876281738,-6.741164207458496
-7.334811210632324,-7.273768901824951,-7.296242713928223,-7.538113594055176,-7.464158535003662,-7.418852806091309,-7.351379871368408,-7.267622947692871,-7.171133995056152,-7.0605363845825195,-6.935312271118164,-6.7957892417907715,-6.64255428314209,-6.489068984985352,-6.309707164764404,-6.127582550048828,-5.917412281036377,-5.6796369552612305,-5.412484645843506,-5.1178507804870605,-4.796005725860596,-4.477285385131836,-4.1361846923828125,-3.7888710498809814,-3.460691452026367,-3.1490883827209473,-2.8646039962768555,-2.6680519580841064,-2.575957775115967,-2.6234281063079834,-2.6625280380249023,-2.4678115844726562,-2.4682934284210205,-2.792914867401123,-2.641319751739502,-3.9164302349090576,-8.16101360321045,-7.6478705406188965,-7.467228889465332,-7.272547721862793,-7.066288948059082,-6.889039039611816,-6.725050926208496
