wind_DJF_night_4x4.json
{"header": {"parameterCategory": 2, "parameterUnit": "m/s", "nx": 55, "ny": 70, "lo1": 118.693, "la1": 26.200841440399998, "lo2": 123.1583090968, "la2": 21.0494, "dx": 0.0826909092, "dy": 0.0746585716, "refTime": "2025-01-01 00:00:00", "forecastTime": 0, "parameterNumber": 2}, "data":
[rows 19 to 37 of 70, columns 0 to 42 of 55]
-2.7764456272125244,-4.4465179443359375,-4.6393232345581055,-5.031452655792236,-5.1352057456970215,-5.253790855407715,-5.2769622802734375,-5.231273174285889,-5.226877212524414,-5.238925933837891,-5.22257661819458,-5.224871635437012,-5.235893249511719,-5.253133296966553,-5.292263984680176,-5.360057830810547,-5.436589241027832,-5.52291202545166,-5.641080379486084,-5.764721393585205,-5.92419958114624,-6.102692127227783,-6.26881217956543,-6.428555488586426,-6.527119159698486,-6.521332263946533,-6.084503650665283,-2.312161684036255,-1.1264879703521729,-2.216435670852661,-2.1925442218780518,-1.0529670715332031,-0.5872398018836975,-2.612880229949951,1.1337920427322388,-0.8729504942893982,0.15959951281547546,0.8573023080825806,0.07800021022558212,-0.6318973898887634,-1.418254017829895,-2.173521041870117,-2.708730459213257
-2.9257516860961914,-4.906582355499268,-5.104743480682373,-5.280903339385986,-5.347126007080078,-5.3618364334106445,-5.320520401000977,-5.29434871673584,-5.303131103515625,-5.304596900939941,-5.295604228973389,-5.290838241577148,-5.296688079833984,-5.318300247192383,-5.3521928787231445,-5.4049835205078125,-5.469516277313232,-5.552253246307373,-5.651051044464111,-5.779118537902832,-5.935030937194824,-6.099514007568359,-6.250212669372559,-6.3553876876831055,-6.366791725158691,-6.091835975646973,-4.941651821136475,-1.3885389566421509,-1.1414053440093994,-0.23379631340503693,-0.3965649902820587,-1.8499388694763184,0.40125057101249695,-2.8159873485565186,0.36751726269721985,0.8805708289146423,1.1372976303100586,1.3020851612091064,1.47976815700531,0.648852527141571,-0.8429287075996399,-1.8856444358825684,-2.5561976432800293
-4.3653693199157715,-5.240279197692871,-5.232054233551025,-5.406863212585449,-5.448585033416748,-5.421542644500732,-5.369670867919922,-5.3542256355285645,-5.351865291595459,-5.348232746124268,-5.341639518737793,-5.337832450866699,-5.354145526885986,-5.359681129455566,-5.389781951904297,-5.424440383911133,-5.475655555725098,-5.54482364654541,-5.638268947601318,-5.752973556518555,-5.892542839050293,-6.034842014312744,-6.145534515380859,-6.195697784423828,-6.0499372482299805,-5.004061698913574,-1.243155837059021,-1.1232987642288208,-1.736889362335205,-0.49929505586624146,-1.6291307210922241,-2.009277582168579,-0.3928534984588623,-1.0618760585784912,-0.0894724428653717,1.1304233074188232,1.192367434501648,1.2976373434066772,2.0260860919952393,2.0553932189941406,-0.07805505394935608,-1.5476486682891846,-2.3952016830444336
-5.259268760681152,-5.4120283126831055,-5.338587760925293,-5.4680256843566895,-5.496234893798828,-5.451822757720947,-5.4188456535339355,-5.4056220054626465,-5.390235424041748,-5.380160808563232,-5.37394905090332,-5.371026039123535,-5.376736164093018,-5.376952648162842,-5.397429943084717,-5.416363716125488,-5.453784942626953,-5.516490936279297,-5.593232154846191,-5.6930460929870605,-5.805874347686768,-5.892148017883301,-5.932868480682373,-5.868453025817871,-5.457794189453125,-1.914480447769165,-1.000651240348816,-0.7846636772155762,-1.2568011283874512,-0.42342883348464966,-2.2386953830718994,-0.6248295903205872,-1.1600393056869507,0.02368023991584778,0.2101166844367981,-0.4113708734512329,0.6951647996902466,0.7848837971687317,1.771679162979126,2.3428945541381836,0.34694868326187134,-1.2665224075317383,-2.2299697399139404
-5.711655616760254,-5.502214431762695,-5.432949066162109,-5.5038323402404785,-5.508983135223389,-5.477617263793945,-5.455843448638916,-5.4366936683654785,-5.4197211265563965,-5.400623798370361,-5.393399238586426,-5.3865647315979,-5.3769330978393555,-5.375438690185547,-5.379334449768066,-5.379796028137207,-5.404716491699219,-5.453289985656738,-5.52536678314209,-5.588403224945068,-5.645756721496582,-5.668847560882568,-5.598750114440918,-5.3057780265808105,-3.3089029788970947,-1.8626266717910767,-2.0527801513671875,-0.8837355971336365,-1.247391939163208,-1.8123855590820312,-1.8351093530654907,-1.8883949518203735,-1.102346420288086,-0.2821480631828308,-0.8038679957389832,-0.869870126247406,0.244889497756958,1.3396636247634888,1.2249081134796143,1.0724314451217651,0.11786044389009476,-1.1925315856933594,-2.1687662601470947
-5.864439010620117,-5.559822082519531,-5.506579399108887,-5.534008979797363,-5.513792037963867,-5.4906768798828125,-5.4698872566223145,-5.457067489624023,-5.4420647621154785,-5.414399147033691,-5.395079612731934,-5.380573272705078,-5.3675079345703125,-5.350813865661621,-5.3368635177612305,-5.326717853546143,-5.330165863037109,-5.362229347229004,-5.408684253692627,-5.42956018447876,-5.423569679260254,-5.343092918395996,-5.114313125610352,-4.357961177825928,-1.5658143758773804,-2.1733908653259277,-0.6975225210189819,-0.8796677589416504,-0.9867715835571289,-1.490319013595581,-1.319589376449585,-1.382712960243225,-0.06117875128984451,-0.278343141078949,-0.019021740183234215,0.21565242111682892,-0.2581081688404083,1.120009422302246,1.4747600555419922,0.5553410649299622,-0.2527741491794586,-1.3175727128982544,-2.162123203277588
-5.863389015197754,-5.605350017547607,-5.5589985847473145,-5.549775123596191,-5.520229816436768,-5.499336242675781,-5.477114200592041,-5.459672927856445,-5.441046237945557,-5.410287380218506,-5.391200542449951,-5.35860538482666,-5.333500862121582,-5.306741714477539,-5.2739362716674805,-5.246794700622559,-5.244754314422607,-5.2469940185546875,-5.243125915527344,-5.212334632873535,-5.127204895019531,-4.928384780883789,-4.583467483520508,-1.7696475982666016,-0.5203142762184143,-1.9335527420043945,-0.45307350158691406,-0.5705958604812622,-1.1086939573287964,-2.2222609519958496,-2.2692859172821045,-0.856865406036377,-1.9564571380615234,-2.2208287715911865,-0.7489150762557983,0.41680943965911865,0.8357924222946167,0.2224290370941162,-0.02228216826915741,-0.11674681305885315,-0.6889590620994568,-1.5031211376190186,-2.242159605026245
-5.840258598327637,-5.637239456176758,-5.591543197631836,-5.559488773345947,-5.53057861328125,-5.494805335998535,-5.476626396179199,-5.456378936767578,-5.4306559562683105,-5.397249221801758,-5.369696617126465,-5.325581073760986,-5.286254405975342,-5.240249156951904,-5.188379287719727,-5.157033443450928,-5.132591247558594,-5.102927207946777,-5.040448188781738,-4.956916809082031,-4.774328708648682,-4.464630126953125,-3.335642099380493,-1.6561803817749023,-0.19231007993221283,-1.5892802476882935,-1.1688733100891113,-0.6962851285934448,-2.013751983642578,-0.84129798412323,-1.008440613746643,-0.8952301740646362,-1.4535762071609497,-0.947295069694519,-0.30140331387519836,-0.7130849957466125,0.33167633414268494,-0.5793784260749817,-0.45361554622650146,-0.5792382955551147,-1.0545870065689087,-1.7378677129745483,-2.412418842315674
-5.806155681610107,-5.657487392425537,-5.599450588226318,-5.565864562988281,-5.526490688323975,-5.489503860473633,-5.464203834533691,-5.439055919647217,-5.405644416809082,-5.375794887542725,-5.338709831237793,-5.28054666519165,-5.213228702545166,-5.154227256774902,-5.087732315063477,-5.048734664916992,-4.991565704345703,-4.914392948150635,-4.811831474304199,-4.64571475982666,-4.387101173400879,-4.044886589050293,-1.1625293493270874,-0.937743604183197,-0.032517462968826294,-1.8946974277496338,-0.4210648238658905,-1.1786192655563354,-0.6759356260299683,-1.1959542036056519,-0.4874799847602844,-1.2713531255722046,-1.8546667098999023,-0.013545001856982708,0.11061114072799683,-0.8659931421279907,-0.29019397497177124,-1.766758918762207,-1.300936222076416,-1.1042752265930176,-1.4175615310668945,-1.9874752759933472,-2.5471372604370117
-5.77086877822876,-5.667104244232178,-5.610714435577393,-5.561899662017822,-5.5097198486328125,-5.474268436431885,-5.445361614227295,-5.416896820068359,-5.376360893249512,-5.333518028259277,-5.287893295288086,-5.211796760559082,-5.129618167877197,-5.045848846435547,-4.9823102951049805,-4.915943145751953,-4.827478408813477,-4.705225944519043,-4.541976451873779,-4.301262855529785,-3.969745635986328,-2.1749579906463623,-0.4807282090187073,-0.6666624546051025,0.22537919878959656,-0.37071704864501953,-1.316173791885376,-1.0908374786376953,-1.3105494976043701,-0.6176303029060364,-0.5465500950813293,-1.6011452674865723,-1.7180325984954834,-0.95195072889328,0.07039536535739899,-0.07597541809082031,0.01033912692219019,-2.0841028690338135,-1.708897352218628,-1.5143005847930908,-1.7673935890197754,-2.2384209632873535,-2.7197041511535645
-5.7398505210876465,-5.66324520111084,-5.603184223175049,-5.545602798461914,-5.4930315017700195,-5.453696250915527,-5.407810211181641,-5.370114326477051,-5.33103084564209,-5.280064582824707,-5.211495876312256,-5.127685546875,-5.0217742919921875,-4.934319019317627,-4.852060317993164,-4.758800983428955,-4.634239196777344,-4.472042560577393,-4.2438507080078125,-3.9392271041870117,-3.5917298793792725,-1.002526044845581,-0.2433876395225525,-0.17132505774497986,0.3218238651752472,-0.9995483160018921,-0.5400715470314026,-0.6168187856674194,-0.8086795806884766,-0.3830004036426544,-1.0717673301696777,-1.6508514881134033,-1.0867704153060913,-0.7351617813110352,0.10786911845207214,0.06657281517982483,-0.872665286064148,-1.986572027206421,-1.8565183877944946,-1.8067243099212646,-2.0793685913085938,-2.4740641117095947,-2.8897669315338135
-5.712733268737793,-5.647052764892578,-5.58942985534668,-5.518285751342773,-5.463937282562256,-5.421409606933594,-5.367882251739502,-5.321621894836426,-5.2668375968933105,-5.204840660095215,-5.11788272857666,-5.0200958251953125,-4.915414810180664,-4.804667949676514,-4.707839012145996,-4.586910247802734,-4.423862457275391,-4.2112884521484375,-3.9180541038513184,-3.565153121948242,-2.709972858428955,-0.6742914915084839,-0.041024915874004364,-0.7206128835678101,0.2956595718860626,-0.5958375930786133,-0.45355692505836487,0.30165255069732666,-0.39406001567840576,-0.26442259550094604,-1.4950467348098755,-2.0284910202026367,-0.5184075832366943,0.12389594316482544,0.4726468324661255,0.9603143930435181,-0.7467997074127197,-1.7847278118133545,-1.90972900390625,-2.0707216262817383,-2.345428228378296,-2.698791980743408,-3.0434014797210693
-5.683534622192383,-5.61829948425293,-5.5605669021606445,-5.486600399017334,-5.429893970489502,-5.380782127380371,-5.322340488433838,-5.261991500854492,-5.199251174926758,-5.112672805786133,-5.0067853927612305,-4.8969645500183105,-4.77631139755249,-4.657313346862793,-4.53666877746582,-4.389645576477051,-4.190438747406006,-3.9280710220336914,-3.601269245147705,-3.2572994232177734,-1.1397926807403564,-0.46794840693473816,-0.04846908152103424,-0.07701914012432098,0.40899521112442017,-0.12542670965194702,-1.54693603515625,0.6334726810455322,-1.2523462772369385,-1.1331008672714233,-0.9060577750205994,-2.240504503250122,-0.44983842968940735,-0.15593698620796204,0.37956562638282776,0.5777258276939392,-0.2487546056509018,-1.6043641567230225,-1.9535740613937378,-2.251776933670044,-2.5382771492004395,-2.8683295249938965,-3.198350429534912
-5.649796009063721,-5.578311920166016,-5.519937038421631,-5.450771331787109,-5.394870758056641,-5.3274245262146,-5.263301849365234,-5.195054531097412,-5.112183094024658,-5.009077072143555,-4.888794422149658,-4.764741897583008,-4.631496429443359,-4.503688335418701,-4.355396270751953,-4.177812576293945,-3.9462199211120605,-3.65767502784729,-3.397526264190674,-2.7060413360595703,-0.9318234920501709,-0.3696277141571045,0.048930805176496506,-0.6879379749298096,0.5220943689346313,-0.18856306374073029,-0.6492341756820679,-0.4924459755420685,0.150895893573761,-1.1041522026062012,-1.3152344226837158,-0.3965888023376465,-0.08775095641613007,0.7260212302207947,0.9510051012039185,1.199995994567871,-0.9146486520767212,-1.6681300401687622,-2.051323652267456,-2.3916757106781006,-2.6896514892578125,-2.978372097015381,-3.310474395751953
-5.611553192138672,-5.533229351043701,-5.480141639709473,-5.406830787658691,-5.337854385375977,-5.268962383270264,-5.200643539428711,-5.109633922576904,-5.014854431152344,-4.8964948654174805,-4.760038375854492,-4.616582870483398,-4.472872257232666,-4.322840690612793,-4.161057949066162,-3.9550349712371826,-3.7042236328125,-3.401909112930298,-2.568357467651367,-1.2781329154968262,-0.7616355419158936,-0.3061298727989197,-0.21401876211166382,-0.07862232625484467,-0.5586191415786743,-0.9597839117050171,0.5054899454116821,-0.5161121487617493,-0.06549764424562454,-0.777550458908081,-1.7993590831756592,-0.5278521776199341,0.3947427570819855,-0.033287812024354935,-0.012129283510148525,2.2643239498138428,-0.7977405786514282,-1.6494154930114746,-2.136547565460205,-2.4971394538879395,-2.812385320663452,-3.1239852905273438,-3.44272780418396
-5.566707611083984,-5.484068870544434,-5.434825897216797,-5.356629371643066,-5.2771992683410645,-5.2027201652526855,-5.115760803222656,-5.020023345947266,-4.914518356323242,-4.782536506652832,-4.64102029800415,-4.45587682723999,-4.288071632385254,-4.12998104095459,-3.948657274246216,-3.7232089042663574,-3.4427695274353027,-3.1522257328033447,-2.0904524326324463,-1.078453779220581,-0.6144968271255493,-0.24143128097057343,-0.05652572959661484,-0.16943562030792236,-0.7310222387313843,-1.104005217552185,0.4035874605178833,-1.4757298231124878,0.5364028215408325,-1.2159268856048584,-0.8304013013839722,-0.6776513457298279,0.22335194051265717,1.4124367237091064,-0.15864484012126923,1.9013032913208008,-0.8778591156005859,-1.6716620922088623,-2.1883039474487305,-2.6120753288269043,-2.9260761737823486,-3.240713119506836,-3.540786027908325
-5.5155029296875,-5.433595657348633,-5.386223316192627,-5.283664703369141,-5.20548152923584,-5.127285003662109,-5.017348289489746,-4.924261569976807,-4.810385704040527,-4.686843395233154,-4.322606563568115,-4.475890636444092,-4.030580520629883,-3.9202589988708496,-3.7252891063690186,-3.4793853759765625,-3.1916418075561523,-2.9946882724761963,-1.3794125318527222,-0.843316376209259,-0.49171748757362366,-0.34882569313049316,-0.5314027070999146,-0.9558649659156799,-0.9861093759536743,-1.6216192245483398,0.7094112634658813,-0.6423428654670715,0.4317474365234375,-1.8119913339614868,-1.1908397674560547,-0.29258978366851807,0.20295502245426178,-0.2430839091539383,2.207906484603882,0.9919072985649109,-0.8075226545333862,-1.6874768733978271,-2.262389659881592,-2.686769962310791,-3.0399115085601807,-3.3458845615386963,-3.63905668258667
-5.460927486419678,-5.37821102142334,-5.326531410217285,-5.213132858276367,-5.126657485961914,-5.02782678604126,-4.925834655761719,-4.799591064453125,-4.668705463409424,-4.493328094482422,-4.294028282165527,-2.357191562652588,-3.709343910217285,-3.6930551528930664,-3.4916675090789795,-3.238043785095215,-2.9473118782043457,-2.793797492980957,-1.3838504552841187,-0.7268469929695129,-0.40943560004234314,-0.18039730191230774,-0.08306707441806793,-1.3954801559448242,-1.0607575178146362,-0.6143754720687866,0.5134482383728027,-0.06206663325428963,-1.091668963432312,-1.6903148889541626,-0.42253100872039795,-0.20945271849632263,0.3181138038635254,0.07232749462127686,1.214780569076538,1.1802833080291748,-0.748627781867981,-1.6845552921295166,-2.3268826007843018,-2.7656991481781006,-3.124556541442871,-3.4387130737304688,-3.711825370788574
-5.4059858322143555,-5.317039489746094,-5.248800277709961,-5.13649845123291,-5.037718296051025,-4.9262285232543945,-4.809782028198242,-4.661391735076904,-4.51262903213501,-4.317446708679199,-3.8711800575256348,-3.733286142349243,-3.73020601272583,-3.486185312271118,-3.271160125732422,-3.00697922706604,-2.7412490844726562,-2.628190040588379,-1.617696762084961,-0.5710344314575195,-0.3693704307079315,-0.04484420269727707,-0.7249022126197815,-1.0274056196212769,-1.2523263692855835,-0.13935542106628418,-1.8985037803649902,-2.3011131286621094,-1.8937435150146484,-0.6104811429977417,-1.3088687658309937,-0.09454536437988281,0.40049874782562256,-0.6693061590194702,2.4648122787475586,0.9727154970169067,-0.8314385414123535,-1.786933183670044,-2.3915374279022217,-2.837188720703125,-3.200226306915283,-3.5132744312286377,-3.7933757305145264
