wind_DJF_day_4x4.json
{"header": {"parameterCategory": 2, "parameterUnit": "m/s", "nx": 55, "ny": 70, "lo1": 118.693, "la1": 26.200841440399998, "lo2": 123.1583090968, "la2": 21.0494, "dx": 0.0826909092, "dy": 0.0746585716, "refTime": "2025-01-01 00:00:00", "forecastTime": 0, "parameterNumber": 3}, "data":
[rows 0 to 18 of 70, columns 0 to 42 of 55]
0.43143510818481445,0.3005754351615906,0.29183870553970337,0.6550160050392151,1.0401599407196045,0.9893571138381958,0.5368891954421997,-0.360906183719635,-0.7492867112159729,-0.9050044417381287,-0.9349509477615356,-2.135369300842285,-4.013312816619873,-4.915495872497559,-6.9336676597595215,-7.1644439697265625,-7.321380138397217,-7.708045482635498,-7.895541191101074,-8.081673622131348,-8.224772453308105,-8.29935359954834,-8.301633834838867,-8.250779151916504,-8.138870239257812,-7.97431755065918,-7.791867256164551,-7.611398696899414,-7.4387969970703125,-7.245908737182617,-7.070840835571289,-6.912707328796387,-6.7618255615234375,-6.615032196044922,-6.469597339630127,-6.333372116088867,-6.20355224609375,-6.075432777404785,-5.958714485168457,-5.859898567199707,-5.774312973022461,-5.691940784454346,-5.61079216003418
0.03663642704486847,-0.2978018522262573,-0.4407248795032501,-0.13169161975383759,0.17405305802822113,0.6497430801391602,0.5454778075218201,-0.2154913693666458,-1.1041035652160645,-1.192063808441162,-1.2848944664001465,-2.312852382659912,-5.064467906951904,-5.927273750305176,-7.114494800567627,-6.182969570159912,-7.607403755187988,-7.889455318450928,-8.028854370117188,-8.182857513427734,-8.284482955932617,-8.32161808013916,-8.29757308959961,-8.217573165893555,-8.080988883972168,-7.901064872741699,-7.726494312286377,-7.557461738586426,-7.380514144897461,-7.199283123016357,-7.034910678863525,-6.8793768882751465,-6.728479862213135,-6.574700355529785,-6.426950454711914,-6.286905288696289,-6.147955894470215,-6.0157151222229,-5.894998550415039,-5.789782524108887,-5.694578647613525,-5.610222816467285,-5.539878845214844
-0.7945201396942139,-0.9416065812110901,-0.8157733678817749,-0.6550902128219604,-0.16982689499855042,0.23975467681884766,0.34330621361732483,-0.10461240261793137,-0.9972811341285706,-1.3518112897872925,-3.1071085929870605,-3.145728588104248,-5.495845317840576,-6.39707088470459,-7.17777156829834,-7.421219825744629,-7.83219051361084,-8.023962020874023,-8.162363052368164,-8.274106979370117,-8.326562881469727,-8.324047088623047,-8.264116287231445,-8.152833938598633,-7.996264934539795,-7.815228462219238,-7.653027534484863,-7.477338790893555,-7.302595138549805,-7.13913631439209,-6.985352516174316,-6.835587024688721,-6.677570819854736,-6.522842884063721,-6.364475250244141,-6.2213454246521,-6.075563907623291,-5.947053909301758,-5.829306125640869,-5.711389541625977,-5.613175392150879,-5.522225379943848,-5.4647216796875
-1.0670207738876343,-0.6877632141113281,-0.4226806163787842,-0.4716634154319763,-1.5724294185638428,-0.8934072256088257,-0.47654467821121216,-0.21817266941070557,-0.3729281425476074,-0.8363722562789917,-4.232287406921387,-3.5391433238983154,-5.087100505828857,-6.921617031097412,-7.386256217956543,-7.655668258666992,-8.018160820007324,-8.195272445678711,-8.326685905456543,-8.399123191833496,-8.398626327514648,-8.357565879821777,-8.254035949707031,-8.121313095092773,-7.950714111328125,-7.791635513305664,-7.621370315551758,-7.443976402282715,-7.264752388000488,-7.103460311889648,-6.956448554992676,-6.779388427734375,-6.625978469848633,-6.462197303771973,-6.294832229614258,-6.13787841796875,-5.999637126922607,-5.858028888702393,-5.727080345153809,-5.621570587158203,-5.515727519989014,-5.444361686706543,-5.38826847076416
-0.466858446598053,-0.32808464765548706,-0.09989149123430252,0.1534365564584732,0.2621380090713501,-1.1003793478012085,-1.3793249130249023,-0.764347493648529,-1.3263723850250244,-2.4252371788024902,-1.6322057247161865,-3.7073938846588135,-6.852934837341309,-7.3365373611450195,-7.692761421203613,-7.891617774963379,-8.179174423217773,-8.370186805725098,-8.46984577178955,-8.48956298828125,-8.46670150756836,-8.377527236938477,-8.25514030456543,-8.103153228759766,-7.942198753356934,-7.78139066696167,-7.594168663024902,-7.41135311126709,-7.236008167266846,-7.081610679626465,-6.897945404052734,-6.726210117340088,-6.5548505783081055,-6.3910932540893555,-6.214734077453613,-6.062797546386719,-5.895663261413574,-5.765780925750732,-5.632818222045898,-5.521597385406494,-5.420010566711426,-5.356374263763428,-5.306046009063721
-0.5353814363479614,-0.5539628863334656,-0.7900416851043701,-1.1607946157455444,-0.6678131818771362,-1.2419251203536987,-2.238258123397827,-2.1840415000915527,-3.0178143978118896,-2.608426570892334,-2.12011981010437,-3.7306323051452637,-7.317073822021484,-7.699379920959473,-7.98236608505249,-8.130820274353027,-8.400232315063477,-8.536776542663574,-8.586362838745117,-8.576925277709961,-8.520112991333008,-8.402475357055664,-8.263986587524414,-8.119312286376953,-7.949005126953125,-7.770733833312988,-7.5838494300842285,-7.394378662109375,-7.226003170013428,-7.039317607879639,-6.844273567199707,-6.659575462341309,-6.484867095947266,-6.315277099609375,-6.135926723480225,-5.965075492858887,-5.803684234619141,-5.655087947845459,-5.529120922088623,-5.410044193267822,-5.338480472564697,-5.275359630584717,-5.224379062652588
-0.3844532072544098,-0.9236746430397034,-1.9701322317123413,-1.54485023021698,-1.836472511291504,-2.1494174003601074,-1.5027105808258057,-4.098821640014648,-2.3079962730407715,-4.301826477050781,-4.577470779418945,-5.338626384735107,-7.770029544830322,-8.053922653198242,-8.231484413146973,-8.403308868408203,-8.579038619995117,-8.676370620727539,-8.695429801940918,-8.655463218688965,-8.561931610107422,-8.4288330078125,-8.28835678100586,-8.129190444946289,-7.9554762840271,-7.770651817321777,-7.578718185424805,-7.39329719543457,-7.197953701019287,-6.991186618804932,-6.795636177062988,-6.597891807556152,-6.411872863769531,-6.219213008880615,-6.029762268066406,-5.851381778717041,-5.701923847198486,-5.5492777824401855,-5.4351043701171875,-5.311520099639893,-5.238219261169434,-5.176699161529541,-5.150824546813965
-0.6166199445724487,-1.1093294620513916,-1.1508934497833252,-0.676490068435669,-2.4324450492858887,-1.1587424278259277,-0.19555632770061493,-2.153618097305298,-3.350670337677002,-1.8601704835891724,-4.490314483642578,-9.03066349029541,-8.377918243408203,-8.360992431640625,-8.47333812713623,-8.639290809631348,-8.762674331665039,-8.819657325744629,-8.809178352355957,-8.746522903442383,-8.622539520263672,-8.482244491577148,-8.325333595275879,-8.158615112304688,-7.9783549308776855,-7.791135787963867,-7.5891194343566895,-7.381356716156006,-7.1735005378723145,-6.951240062713623,-6.746246814727783,-6.544149875640869,-6.336339950561523,-6.136410713195801,-5.9334588050842285,-5.748847961425781,-5.574605464935303,-5.429498672485352,-5.3010687828063965,-5.202691078186035,-5.129568099975586,-5.085505962371826,-5.046256065368652
-1.588631510734558,-1.5059739351272583,-1.1338274478912354,-1.434587001800537,-1.878481149673462,-2.153062343597412,-1.8516314029693604,-3.2496871948242188,-3.0915439128875732,-2.47613525390625,-6.563381195068359,-9.031839370727539,-8.043737411499023,-6.760443210601807,-8.505088806152344,-8.846786499023438,-8.94432544708252,-8.961127281188965,-8.928330421447754,-8.827888488769531,-8.679252624511719,-8.531941413879395,-8.380163192749023,-8.210461616516113,-8.019102096557617,-7.816529273986816,-7.597166061401367,-7.374675273895264,-7.136570453643799,-6.9229631423950195,-6.693472385406494,-6.477648735046387,-6.2567033767700195,-6.024828910827637,-5.823094367980957,-5.617805004119873,-5.434857368469238,-5.293747901916504,-5.192533493041992,-5.070620536804199,-5.013400554656982,-4.987193584442139,-4.945483684539795
-1.5130501985549927,-1.8856253623962402,-1.3860958814620972,-1.9561622142791748,-1.7473174333572388,-2.139744281768799,-3.680765390396118,-4.071583271026611,-3.427285671234131,-4.52100944519043,-6.565803527832031,-8.974225997924805,-7.980315208435059,-6.267782688140869,-8.389007568359375,-9.187948226928711,-9.155708312988281,-9.128683090209961,-9.052389144897461,-8.924562454223633,-8.759925842285156,-8.612777709960938,-8.447125434875488,-8.265779495239258,-8.0594482421875,-7.8442888259887695,-7.611237525939941,-7.3752055168151855,-7.140713691711426,-6.893352508544922,-6.641077995300293,-6.394961833953857,-6.1588921546936035,-5.916020393371582,-5.702199935913086,-5.467304229736328,-5.277204990386963,-5.1513800621032715,-5.032443046569824,-4.944376468658447,-4.886308193206787,-4.857498645782471,-4.849093914031982
-0.6827875971794128,-1.5071806907653809,-1.219187617301941,-1.4255362749099731,-0.5996865630149841,-0.8736667037010193,-2.566476345062256,-4.6315107345581055,-5.691590785980225,-6.623473167419434,-5.96319055557251,-9.014827728271484,-7.028990268707275,-6.011777877807617,-9.592764854431152,-9.510047912597656,-9.393146514892578,-9.29897689819336,-9.16160774230957,-9.013405799865723,-8.86205768585205,-8.713557243347168,-8.529788970947266,-8.32342529296875,-8.115471839904785,-7.882110118865967,-7.635678291320801,-7.393235206604004,-7.149377822875977,-6.875988960266113,-6.603972434997559,-6.332982063293457,-6.054380416870117,-5.779086589813232,-5.5147786140441895,-5.287420272827148,-5.103659629821777,-4.969736576080322,-4.868381500244141,-4.782322883605957,-4.738990306854248,-4.713601112365723,-4.715143203735352
-0.6659195423126221,-1.3163106441497803,-1.597383737564087,-1.0088893175125122,-1.1554980278015137,-2.407278060913086,-4.615274429321289,-5.199747085571289,-6.992697238922119,-7.2953104972839355,-6.300658226013184,-7.102394104003906,-7.510209560394287,-9.02756404876709,-9.914226531982422,-9.756607055664062,-9.607912063598633,-9.449511528015137,-9.292765617370605,-9.123662948608398,-8.987211227416992,-8.819735527038574,-8.626391410827637,-8.421878814697266,-8.197174072265625,-7.949925422668457,-7.697779655456543,-7.447077751159668,-7.162858009338379,-6.875727653503418,-6.586688995361328,-6.266016960144043,-5.96314001083374,-5.637081146240234,-5.289471626281738,-5.017438888549805,-4.86338472366333,-4.763387680053711,-4.662639617919922,-4.561176776885986,-4.544276237487793,-4.5344085693359375,-4.5519208908081055
-1.1448785066604614,-1.557807445526123,-1.6606652736663818,-2.2073721885681152,-2.799635171890259,-3.933750867843628,-4.462902069091797,-5.663434028625488,-7.275925159454346,-7.7233476638793945,-9.096336364746094,-7.392195701599121,-7.579307556152344,-9.69385051727295,-10.003622055053711,-9.91093921661377,-9.77927017211914,-9.61160659790039,-9.431375503540039,-9.268545150756836,-9.112564086914062,-8.942777633666992,-8.735761642456055,-8.526402473449707,-8.297296524047852,-8.04422378540039,-7.786792755126953,-7.51551628112793,-7.217586040496826,-6.912254333496094,-6.601362705230713,-6.27590274810791,-5.9260334968566895,-5.509453773498535,-4.922895431518555,-4.358964920043945,-4.5466413497924805,-4.527354717254639,-4.40000581741333,-4.296369552612305,-4.309645652770996,-4.373121738433838,-4.43137788772583
-1.4082940816879272,-1.775770902633667,-1.249967098236084,-3.339535713195801,-2.8303463459014893,-4.321780204772949,-5.247994422912598,-6.263509273529053,-8.171551704406738,-8.420255661010742,-8.860555648803711,-8.781400680541992,-9.290970802307129,-9.991605758666992,-10.119208335876465,-10.056985855102539,-9.919880867004395,-9.763854026794434,-9.57746410369873,-9.418854713439941,-9.259674072265625,-9.07590103149414,-8.880141258239746,-8.650571823120117,-8.425703048706055,-8.16994857788086,-7.893008232116699,-7.617833614349365,-7.324049472808838,-7.035155296325684,-6.74845552444458,-6.4708147048950195,-6.168091773986816,-5.669044017791748,-2.5530686378479004,-0.9058753848075867,-4.241268157958984,-4.338944435119629,-4.102688789367676,-3.9738287925720215,-4.050901412963867,-4.20344352722168,-4.338972091674805
-1.4813706874847412,-1.9391300678253174,-2.4940602779388428,-2.9287757873535156,-5.1287994384765625,-5.9177961349487305,-5.647994518280029,-7.404860019683838,-8.726407051086426,-8.299745559692383,-7.2705535888671875,-9.196100234985352,-9.731971740722656,-10.147087097167969,-10.2184476852417,-10.176375389099121,-10.054028511047363,-9.890558242797852,-9.727951049804688,-9.575058937072754,-9.406736373901367,-9.221527099609375,-9.024330139160156,-8.816309928894043,-8.57819652557373,-8.308152198791504,-8.038838386535645,-7.748644828796387,-7.463258266448975,-7.170379161834717,-6.891695022583008,-6.586108684539795,-6.280571460723877,-2.5805084705352783,-1.5649237632751465,-2.000872850418091,-1.7413365840911865,-3.4699301719665527,-3.8884987831115723,-3.468845844268799,-3.7574052810668945,-4.0548996925354,-4.222097873687744
-2.2564196586608887,-3.0216054916381836,-3.097947359085083,-4.547643184661865,-5.22784423828125,-5.660647392272949,-7.049735069274902,-8.579641342163086,-8.985223770141602,-8.801793098449707,-9.273820877075195,-9.604969024658203,-10.019224166870117,-10.264662742614746,-10.32098388671875,-10.270427703857422,-10.167635917663574,-10.031731605529785,-9.8851318359375,-9.742634773254395,-9.559487342834473,-9.396090507507324,-9.207408905029297,-8.989392280578613,-8.746416091918945,-8.48333740234375,-8.2101411819458,-7.894903659820557,-7.514392375946045,-7.05025053024292,-6.3330206871032715,-2.814304828643799,-1.5739589929580688,-0.8278887271881104,-0.43267086148262024,-0.9971204996109009,-1.2987985610961914,-0.9739578366279602,-0.8711107969284058,-1.988349199295044,-3.5608224868774414,-3.9494495391845703,-4.167843341827393
-2.8198180198669434,-2.9715375900268555,-4.247790813446045,-5.607915878295898,-6.20235538482666,-6.491333484649658,-8.281292915344238,-8.893723487854004,-8.976263999938965,-9.150887489318848,-9.587889671325684,-9.930743217468262,-10.236177444458008,-10.37370491027832,-10.412900924682617,-10.3677396774292,-10.275327682495117,-10.17170524597168,-10.05106258392334,-9.893845558166504,-9.739274978637695,-9.581975936889648,-9.404922485351562,-9.193489074707031,-8.95618724822998,-8.698930740356445,-8.400789260864258,-8.044654846191406,-7.477882385253906,-4.232216835021973,-3.4998056888580322,-2.0887258052825928,-1.4839102029800415,-1.1706693172454834,-0.9649688601493835,-1.0052204132080078,-0.8924053907394409,-0.7731372714042664,-0.6253327131271362,-0.8392258286476135,-3.235901355743408,-4.080692291259766,-4.203174114227295
-3.175851821899414,-4.1584882736206055,-4.374316215515137,-4.976508140563965,-6.911872863769531,-7.947775840759277,-8.746007919311523,-9.011627197265625,-9.201650619506836,-9.51831340789795,-9.883522033691406,-10.18128490447998,-10.392590522766113,-10.483257293701172,-10.498422622680664,-10.461341857910156,-10.393080711364746,-10.308134078979492,-10.200657844543457,-10.065652847290039,-9.934374809265137,-9.797560691833496,-9.622384071350098,-9.419968605041504,-9.203214645385742,-8.968009948730469,-8.71955394744873,-8.397891998291016,-5.359267234802246,-3.929333209991455,-2.2758870124816895,-1.5735161304473877,-1.6047738790512085,-1.3804800510406494,-0.9260457158088684,-0.7346858382225037,-0.5475553274154663,-0.7528640627861023,-0.7704669237136841,-2.479564905166626,-4.321771621704102,-4.346442222595215,-4.2865824699401855
-3.7675414085388184,-4.460021018981934,-5.14450740814209,-7.44612979888916,-7.757056713104248,-8.563339233398438,-8.970056533813477,-9.189157485961914,-9.474661827087402,-9.812970161437988,-10.121525764465332,-10.368330955505371,-10.522226333618164,-10.591873168945312,-10.592333793640137,-10.555776596069336,-10.504082679748535,-10.445866584777832,-10.358831405639648,-10.2460355758667,-10.145042419433594,-10.018571853637695,-9.867880821228027,-9.681636810302734,-9.516690254211426,-9.356557846069336,-9.172906875610352,-8.313931465148926,-4.381483554840088,-2.85198974609375,-2.176629066467285,-1.5618717670440674,-1.7753100395202637,-0.7706887125968933,-0.6467086672782898,-0.3934898376464844,-0.3151143789291382,-0.29516223073005676,-1.202202558517456,-3.9631123542785645,-4.459373474121094,-4.45340633392334,-4.3430609703063965
