wind_JJA_avg_3x3.json
{"header": {"parameterCategory": 2, "parameterUnit": "m/s", "nx": 74, "ny": 94, "lo1": 118.693, "la1": 26.2568353691, "lo2": 123.2203272787, "la2": 21.0494, "dx": 0.0620181819, "dy": 0.0559939287, "refTime": "2025-01-01 00:00:00", "forecastTime": 0, "parameterNumber": 2}, "data":
[rows 0 to 18 of 94, columns 0 to 42 of 74]
-0.05791807174682617,-0.17266716063022614,-0.2431643009185791,-0.2782815098762512,-0.17767739295959473,-0.030172469094395638,0.15258744359016418,0.2171168029308319,0.17747917771339417,0.5026822686195374,0.6839738488197327,0.19074350595474243,0.08867758512496948,0.35084986686706543,-0.26489517092704773,-0.9729865193367004,-0.8839287757873535,-0.7094557285308838,-0.4945909380912781,-0.16751211881637573,0.13124236464500427,0.3050088882446289,0.3987361490726471,0.4379803240299225,0.5136408805847168,0.607079267501831,0.6938185095787048,0.7849780917167664,0.8748450875282288,0.9497857093811035,1.0111935138702393,1.0611426830291748,1.097198247909546,1.1187794208526611,1.1386351585388184,1.1549599170684814,1.16303551197052,1.1659692525863647,1.1623117923736572,1.1556017398834229,1.1461830139160156,1.1337974071502686,1.1178250312805176
-0.06173509359359741,0.05717986822128296,-0.05318312719464302,-0.2224113494157791,-0.190497487783432,-0.0784570574760437,0.04354766756296158,0.041624050587415695,0.09042194485664368,0.35113418102264404,0.46891918778419495,0.25936412811279297,0.15393295884132385,0.2531220316886902,-0.35918107628822327,-0.9861027002334595,-1.3504067659378052,-1.0309562683105469,-0.5082064867019653,-0.07527673244476318,0.2040880024433136,0.3609931468963623,0.4537562131881714,0.5048648715019226,0.574384868144989,0.6631978154182434,0.7583210468292236,0.8543601036071777,0.9388721585273743,1.009814739227295,1.0693119764328003,1.1139435768127441,1.1489810943603516,1.1721992492675781,1.1910312175750732,1.2082149982452393,1.2145254611968994,1.2185101509094238,1.2158094644546509,1.210712194442749,1.2015092372894287,1.1844242811203003,1.1653037071228027
0.30833208560943604,0.22440563142299652,0.18306881189346313,-0.11609053611755371,-0.10658492147922516,-0.08885525912046432,-0.04022297263145447,-0.0637628510594368,0.11013169586658478,0.14152249693870544,0.1081901267170906,-0.005717456340789795,0.07572109997272491,0.2584878206253052,-0.12890708446502686,-0.7778148055076599,-1.3030575513839722,-0.9740762114524841,-0.461167573928833,-0.03315737843513489,0.19128790497779846,0.3721620440483093,0.4388810992240906,0.5052181482315063,0.5978031158447266,0.7064969539642334,0.8180142641067505,0.9207750558853149,1.0054460763931274,1.0721633434295654,1.1309798955917358,1.1772750616073608,1.2172811031341553,1.243564486503601,1.2649636268615723,1.2852444648742676,1.2958992719650269,1.2989988327026367,1.2984776496887207,1.294142723083496,1.2836887836456299,1.2595109939575195,1.2325636148452759
0.4241485595703125,0.35230016708374023,0.24874910712242126,-0.007591754198074341,-0.09185858070850372,-0.03423139452934265,-0.028806105256080627,-0.024019241333007812,-0.3181436061859131,0.000682532787322998,-0.2622891068458557,-0.5017996430397034,-0.011346369981765747,0.11766263842582703,0.07826903462409973,-0.6976550221443176,-1.3685247898101807,-0.8271403908729553,-0.33497506380081177,0.014067530632019043,0.21724176406860352,0.286192387342453,0.3298746943473816,0.4565815329551697,0.5918351411819458,0.7338240742683411,0.8617954254150391,0.9614754915237427,1.0418736934661865,1.1087322235107422,1.1740254163742065,1.226860761642456,1.271895408630371,1.294108271598816,1.3254069089889526,1.3469833135604858,1.3621885776519775,1.3602733612060547,1.3653810024261475,1.3735958337783813,1.3563928604125977,1.3331294059753418,1.3008720874786377
0.46396535634994507,0.44920939207077026,0.26230621337890625,-0.1676217019557953,-0.23682647943496704,0.23535841703414917,0.24958394467830658,-0.02217152714729309,-0.022376835346221924,-0.21574367582798004,-0.22877082228660583,-0.6950456500053406,0.04642359912395477,-0.17335548996925354,-0.6312869787216187,-0.9996739625930786,-1.250109076499939,-0.5346322059631348,-0.08881324529647827,0.18511730432510376,0.33009758591651917,0.3365606367588043,0.39927273988723755,0.5489817261695862,0.6802497506141663,0.8229740262031555,0.9399887323379517,1.0361006259918213,1.1101711988449097,1.1769663095474243,1.2385787963867188,1.283898115158081,1.3231581449508667,1.3599251508712769,1.3886765241622925,1.4097189903259277,1.4317090511322021,1.4361708164215088,1.4353121519088745,1.4353567361831665,1.430640697479248,1.4124548435211182,1.370009183883667
0.6386345028877258,0.40351271629333496,0.3370267152786255,-0.08699257671833038,-0.3795514404773712,-0.03098401427268982,0.2893901765346527,0.45007261633872986,-0.1491146683692932,-0.317807137966156,-0.6118003129959106,-0.41086891293525696,-0.32986393570899963,-0.6602744460105896,0.5255441665649414,-0.2308776080608368,-0.6935476064682007,-0.1746402084827423,0.15277284383773804,0.3207966089248657,0.40950876474380493,0.27231261134147644,0.4960017800331116,0.6298689842224121,0.7818493247032166,0.9164401292800903,1.0279216766357422,1.1059134006500244,1.1753038167953491,1.2416706085205078,1.3071508407592773,1.3543771505355835,1.3964872360229492,1.4312520027160645,1.466396450996399,1.4930410385131836,1.5102332830429077,1.5132710933685303,1.5209476947784424,1.5166652202606201,1.505889892578125,1.481644868850708,1.443812608718872
0.3607363700866699,0.3590202033519745,0.39873841404914856,0.47475898265838623,-0.012073516845703125,-0.0452212318778038,0.1505970060825348,0.5929827690124512,0.4656297266483307,-0.20498383045196533,0.01049262285232544,-0.2228226512670517,-0.42359140515327454,-0.034057483077049255,-0.04311317205429077,-0.32363754510879517,-0.3686463534832001,0.1399722695350647,0.3630044162273407,0.4781496226787567,0.42691731452941895,0.5032352209091187,0.5765135288238525,0.7373488545417786,0.8947631120681763,1.0142792463302612,1.1100897789001465,1.1835479736328125,1.2542411088943481,1.3189342021942139,1.3744351863861084,1.4289026260375977,1.4637963771820068,1.50966215133667,1.5471816062927246,1.5740056037902832,1.5981470346450806,1.6038129329681396,1.6111745834350586,1.6056013107299805,1.5977736711502075,1.567745327949524,1.5320980548858643
0.2591037154197693,0.2209356129169464,0.4730009138584137,0.7106908559799194,0.1170700192451477,0.33653050661087036,-0.10690615326166153,0.2473626732826233,0.21805378794670105,0.01815679296851158,0.1948162317276001,-0.3912583589553833,-0.24283097684383392,0.41216570138931274,-0.2127358615398407,-1.0376719236373901,-0.06692174077033997,0.37711191177368164,0.5596619844436646,0.5615993142127991,0.4465288519859314,0.5001749992370605,0.6664606928825378,0.8573206663131714,1.004183292388916,1.1064283847808838,1.1918684244155884,1.2697036266326904,1.3245600461959839,1.3912731409072876,1.4453942775726318,1.5009818077087402,1.5425716638565063,1.586449146270752,1.6305580139160156,1.6616767644882202,1.686187744140625,1.695084571838379,1.7075822353363037,1.7005388736724854,1.6964128017425537,1.6661771535873413,1.6230909824371338
-0.004041079431772232,0.1477031707763672,0.4274192452430725,0.6284882426261902,0.1411401778459549,0.047518737614154816,0.017647385597229004,-0.20508413016796112,-0.34029620885849,0.4520066976547241,-0.46116533875465393,-0.033940389752388,0.4137367308139801,0.4838474988937378,-0.22464154660701752,-0.8340104818344116,0.39961710572242737,0.5730106830596924,0.7585533857345581,0.5374828577041626,0.4716033935546875,0.587914228439331,0.8083562850952148,0.9822524785995483,1.1069031953811646,1.204796552658081,1.2773680686950684,1.3464163541793823,1.403558373451233,1.4563016891479492,1.5131769180297852,1.5772349834442139,1.6247227191925049,1.6706523895263672,1.713956356048584,1.746269702911377,1.7772252559661865,1.7951304912567139,1.8056315183639526,1.8128808736801147,1.8028957843780518,1.7736315727233887,1.71407151222229
0.0007258206605911255,0.09622949361801147,0.25670045614242554,-0.021577052772045135,0.17903855443000793,0.39387205243110657,0.4806141257286072,0.5266039371490479,-0.17413930594921112,0.2480468451976776,-0.18574441969394684,-0.15698949992656708,-0.3638768196105957,0.16069163382053375,1.2401719093322754,0.621059775352478,0.7220643758773804,0.7724586725234985,0.8131022453308105,0.5014556646347046,0.47320663928985596,0.7143397331237793,0.9597324132919312,1.1048598289489746,1.2135039567947388,1.2964116334915161,1.358442783355713,1.4186463356018066,1.47337007522583,1.5279375314712524,1.5859942436218262,1.642966866493225,1.701500654220581,1.757275104522705,1.802156925201416,1.8401901721954346,1.8750674724578857,1.8981692790985107,1.9229047298431396,1.9134819507598877,1.9084410667419434,1.8749648332595825,1.8098325729370117
0.05748951435089111,0.15143665671348572,0.2174493819475174,0.0764991044998169,0.0793122872710228,0.11734971404075623,0.5427916646003723,0.6246184706687927,0.13854536414146423,0.5066713094711304,0.013703122735023499,-0.0962119922041893,-0.3260084092617035,-0.09805604815483093,0.5256580710411072,0.8410602807998657,0.7475616931915283,1.0048141479492188,0.5687518119812012,0.42353981733322144,0.5493459105491638,0.9104344844818115,1.114342212677002,1.2219867706298828,1.310473918914795,1.373561143875122,1.4372637271881104,1.4934988021850586,1.5457274913787842,1.6066176891326904,1.661196231842041,1.7221745252609253,1.7808645963668823,1.8397725820541382,1.8897768259048462,1.9389491081237793,1.9782774448394775,2.014861583709717,2.0297415256500244,2.0370168685913086,2.0108213424682617,1.980966567993164,1.9147272109985352
-0.0615362823009491,0.3207225799560547,0.4120807647705078,0.2726929485797882,0.06443679332733154,-0.026451215147972107,-0.021578744053840637,0.5542266964912415,0.3526168167591095,-0.02912801504135132,0.07101823389530182,0.3019056022167206,-0.06767788529396057,-0.5010032653808594,0.2956221103668213,0.23667868971824646,0.5555500984191895,0.9982560873031616,0.9014939665794373,0.2000911831855774,0.8062513470649719,1.121370792388916,1.2403767108917236,1.3176538944244385,1.380972146987915,1.448954463005066,1.5030388832092285,1.5546339750289917,1.6185276508331299,1.6723378896713257,1.7323741912841797,1.7978980541229248,1.8700551986694336,1.931580901145935,1.9846166372299194,2.0393176078796387,2.0900495052337646,2.123671054840088,2.146444797515869,2.1564321517944336,2.130105972290039,2.089360237121582,2.016430616378784
0.45073673129081726,0.6692550778388977,0.5631333589553833,0.25869250297546387,0.11572042107582092,-0.3955036997795105,0.28592532873153687,0.4539533853530884,0.37278541922569275,0.06361296772956848,0.11773961782455444,0.07826067507266998,0.18283453583717346,-0.0383608341217041,0.28090745210647583,0.06729155778884888,0.7297446131706238,0.7773014307022095,0.9558343291282654,0.592867910861969,1.141444444656372,1.2813539505004883,1.3387569189071655,1.3927085399627686,1.4614861011505127,1.515883445739746,1.5708975791931152,1.6316639184951782,1.6932951211929321,1.7479546070098877,1.810243844985962,1.878279447555542,1.9522860050201416,2.017735719680786,2.0870914459228516,2.144094467163086,2.205693244934082,2.2422423362731934,2.2658262252807617,2.271261692047119,2.259093761444092,2.201197385787964,2.112697124481201
0.1346578299999237,0.673119068145752,0.7423692941665649,0.5262279510498047,-0.09904704988002777,0.14277717471122742,0.23686540126800537,0.3910062313079834,0.37619492411613464,0.44696250557899475,0.5074522495269775,0.31308549642562866,0.4255312979221344,0.2506338059902191,0.5431029200553894,0.44893258810043335,0.9626609086990356,0.7307528853416443,0.5026558637619019,1.059117317199707,1.3765294551849365,1.3970658779144287,1.4245940446853638,1.4700689315795898,1.529062271118164,1.5794634819030762,1.637520670890808,1.6976298093795776,1.7493312358856201,1.8145438432693481,1.8784451484680176,1.961812138557434,2.0356507301330566,2.10952091217041,2.1858882904052734,2.258636951446533,2.3154563903808594,2.367598533630371,2.3992581367492676,2.3985776901245117,2.3818440437316895,2.3222503662109375,2.2299575805664062
0.04306395351886749,0.5958861708641052,0.7588031888008118,0.9594677686691284,-0.14550423622131348,0.12201455235481262,-0.02548953890800476,0.0803493857383728,-0.09016251564025879,0.2872704565525055,0.264790415763855,0.5299866199493408,0.659381091594696,0.7180569171905518,0.5527543425559998,0.9546319246292114,0.5640391111373901,0.8292540311813354,0.8133949637413025,1.3405531644821167,1.438410997390747,1.4598252773284912,1.486336350440979,1.5290874242782593,1.584763526916504,1.6489648818969727,1.6960355043411255,1.7528480291366577,1.8126895427703857,1.8774986267089844,1.952552080154419,2.040851593017578,2.124145984649658,2.2097997665405273,2.289191961288452,2.3764755725860596,2.4424729347229004,2.5015084743499756,2.5397000312805176,2.5461487770080566,2.513227939605713,2.4591097831726074,2.3521151542663574
-0.08335676789283752,0.482109934091568,0.6352024078369141,1.091402292251587,0.451374888420105,-0.024272412061691284,0.10654217004776001,-0.3236406743526459,-0.2657724618911743,0.1791994571685791,0.3491082787513733,0.3821670413017273,0.8054345846176147,0.9833039045333862,0.6931819319725037,1.198921799659729,0.7954243421554565,1.1060703992843628,1.3278847932815552,1.3921027183532715,1.4563660621643066,1.4950520992279053,1.527758240699768,1.5853900909423828,1.644991159439087,1.6978776454925537,1.750566840171814,1.8039946556091309,1.8701608180999756,1.9406309127807617,2.0280299186706543,2.114610195159912,2.2146944999694824,2.3077220916748047,2.4038891792297363,2.501633405685425,2.5790576934814453,2.644547462463379,2.6905343532562256,2.6996207237243652,2.6686601638793945,2.5942487716674805,2.482606887817383
-0.0840701162815094,0.338951975107193,0.5137197971343994,0.9139872789382935,0.32809796929359436,0.3965611457824707,0.11854536831378937,-0.002814680337905884,-0.24204754829406738,0.13873696327209473,0.17182451486587524,0.2697810232639313,0.9472809433937073,1.2376830577850342,1.1506766080856323,0.9933436512947083,1.3912601470947266,1.1983567476272583,1.3158220052719116,1.4112883806228638,1.4675450325012207,1.5198436975479126,1.5757060050964355,1.6330347061157227,1.6892443895339966,1.7387642860412598,1.797523021697998,1.8608613014221191,1.9289584159851074,2.006913185119629,2.0920746326446533,2.1984920501708984,2.3122048377990723,2.410008430480957,2.5215632915496826,2.6267924308776855,2.726745843887329,2.8013644218444824,2.8500871658325195,2.871481418609619,2.8245577812194824,2.7426700592041016,2.604398012161255
-0.0603596568107605,0.2765324115753174,0.26937001943588257,0.4083820879459381,0.31861361861228943,0.2405891716480255,0.12663275003433228,-0.023304909467697144,0.23226521909236908,0.38497963547706604,-0.24905765056610107,0.5260761976242065,1.0849920511245728,1.2276664972305298,1.0834312438964844,0.9877802729606628,1.064935564994812,1.2899327278137207,1.3377588987350464,1.4217720031738281,1.4871070384979248,1.5582454204559326,1.6138041019439697,1.6775333881378174,1.7295522689819336,1.7787346839904785,1.8421921730041504,1.9121301174163818,1.9870612621307373,2.0753440856933594,2.170168876647949,2.2825536727905273,2.4069666862487793,2.5270886421203613,2.650144100189209,2.7685322761535645,2.8867952823638916,2.9800970554351807,3.0282974243164062,3.03286075592041,2.98357892036438,2.885687828063965,2.730526924133301
0.28595274686813354,0.3696701228618622,0.26261162757873535,0.3074215054512024,-0.13111257553100586,-0.06978213787078857,0.23694902658462524,0.055901169776916504,0.25583207607269287,0.12827931344509125,0.713555097579956,1.0999308824539185,1.1902786493301392,0.9032029509544373,0.9399544596672058,1.1060484647750854,1.225127935409546,1.2890293598175049,1.362633228302002,1.4380669593811035,1.5162441730499268,1.5861514806747437,1.6464109420776367,1.7060036659240723,1.7698451280593872,1.8230546712875366,1.8965752124786377,1.963047981262207,2.043086290359497,2.1406168937683105,2.241637945175171,2.3608107566833496,2.4912009239196777,2.6359024047851562,2.776153564453125,2.920074939727783,3.056419849395752,3.1637461185455322,3.231163740158081,3.2190489768981934,3.1413865089416504,3.0150485038757324,2.8433303833007812
