wind_JJA_avg_native.json
{"header": {"parameterCategory": 2, "parameterUnit": "m/s", "nx": 220, "ny": 280, "lo1": 118.693, "la1": 26.2568353691, "lo2": 123.2203272787, "la2": 21.0494, "dx": 0.0206727273, "dy": 0.0186646429, "refTime": "2025-01-01 00:00:00", "forecastTime": 0, "parameterNumber": 3}, "data":
[rows 57 to 75 of 280, columns 0 to 42 of 220]
0.7951562404632568,0.7685647010803223,0.6930201053619385,0.6864583492279053,0.6238136291503906,0.585360586643219,0.6175692081451416,0.6256511211395264,0.8182305693626404,0.8969743251800537,0.6363234519958496,0.6638756990432739,1.1107358932495117,1.9167275428771973,2.9771928787231445,3.219271421432495,3.4200851917266846,2.9757485389709473,2.659010887145996,2.0677006244659424,2.29986310005188,2.4726548194885254,3.0548031330108643,2.418001651763916,2.276323080062866,2.208906650543213,2.219736099243164,2.307673692703247,2.06594181060791,2.7164146900177,2.9590072631835938,2.8872504234313965,2.8018674850463867,2.8317203521728516,2.7845773696899414,2.757242202758789,2.874756336212158,2.5538458824157715,2.415811538696289,1.9738914966583252,1.7826461791992188,2.3705124855041504,2.6615655422210693
0.8472580313682556,0.8658907413482666,0.8204231858253479,0.8259350061416626,0.6888959407806396,0.6760927438735962,0.6944738626480103,0.6333799362182617,0.8283737897872925,0.795337438583374,0.8401848077774048,0.8629199862480164,1.3460928201675415,2.146721363067627,3.0414862632751465,3.2323708534240723,3.3564813137054443,2.6884212493896484,2.1465654373168945,1.9480377435684204,1.9344732761383057,2.134211778640747,2.6885013580322266,2.4099812507629395,2.3981709480285645,2.5711536407470703,2.660444736480713,2.675053119659424,2.4721221923828125,2.7672224044799805,2.891836643218994,2.794440746307373,2.774089813232422,2.7776105403900146,2.7425501346588135,2.7518622875213623,2.845852851867676,2.9886727333068848,2.927283763885498,2.5267462730407715,1.9393370151519775,2.491678237915039,2.674323320388794
0.8330544829368591,0.9146043062210083,0.7944051027297974,0.9122042059898376,0.8660135269165039,0.7207212448120117,0.7088983654975891,0.7703733444213867,0.8473653793334961,0.8701378703117371,1.1379824876785278,1.2335419654846191,1.8334171772003174,2.626131534576416,2.9445438385009766,3.129972457885742,3.3286468982696533,2.2745420932769775,1.900460958480835,1.918205738067627,1.836266040802002,1.89836847782135,2.687469482421875,2.8136887550354004,2.9039664268493652,3.1273107528686523,3.1850409507751465,3.0934977531433105,2.9042468070983887,2.7872889041900635,2.827719211578369,2.7554409503936768,2.7512378692626953,2.7373695373535156,2.7286224365234375,2.770237445831299,2.8510916233062744,2.927544593811035,2.8769068717956543,2.9630839824676514,2.3706846237182617,2.533834457397461,2.637518882751465
0.8416633009910583,0.8279436826705933,0.7924556136131287,0.9018682241439819,0.9369308948516846,0.7955283522605896,0.7622109055519104,0.8206374049186707,0.8952736854553223,1.0155314207077026,1.1699204444885254,1.375252366065979,1.7445865869522095,2.605292320251465,2.903280258178711,3.0946993827819824,3.3243017196655273,2.1576130390167236,2.1703925132751465,2.129796028137207,2.191290855407715,2.064079761505127,2.9233803749084473,3.1094560623168945,3.1215062141418457,3.188126564025879,3.160456418991089,3.05007266998291,2.8910441398620605,2.768897771835327,2.77699613571167,2.7322890758514404,2.7282111644744873,2.7130484580993652,2.724489688873291,2.7724196910858154,2.8194806575775146,2.817838191986084,2.7891149520874023,2.8171660900115967,2.6601638793945312,2.4954233169555664,2.5769810676574707
0.8430657982826233,0.7996178865432739,0.7881823778152466,0.7848219275474548,0.9368310570716858,0.7958057522773743,0.7690231204032898,0.8253093957901001,0.9975446462631226,1.2541049718856812,1.1309661865234375,1.5651291608810425,1.4590462446212769,2.5974512100219727,2.8981704711914062,3.0901834964752197,3.3203139305114746,2.7344162464141846,2.806680679321289,2.6995556354522705,2.8188223838806152,2.644347667694092,3.0340962409973145,3.145378828048706,3.127396583557129,3.1254940032958984,3.063289165496826,2.9554662704467773,2.831859588623047,2.767124652862549,2.749445676803589,2.713752269744873,2.7073817253112793,2.6979875564575195,2.7188925743103027,2.7538723945617676,2.768606662750244,2.7526674270629883,2.7337236404418945,2.6904070377349854,2.5853514671325684,2.480642795562744,2.5334253311157227
0.841712236404419,0.8106454014778137,0.8237588405609131,0.8160405158996582,0.9718145728111267,0.7441994547843933,0.7911171317100525,0.9057000875473022,1.280513048171997,1.8374028205871582,1.5245335102081299,2.0328545570373535,1.8884308338165283,2.6232478618621826,2.93572998046875,3.1212520599365234,3.3315725326538086,3.40598726272583,3.391083240509033,3.29709529876709,3.435588836669922,3.0360870361328125,2.943211793899536,3.0516936779022217,3.0748355388641357,3.0536744594573975,2.9795663356781006,2.8855695724487305,2.8056163787841797,2.7547476291656494,2.7228705883026123,2.690985679626465,2.683164358139038,2.683851718902588,2.7052016258239746,2.725292205810547,2.7219157218933105,2.7027628421783447,2.681015968322754,2.6271798610687256,2.5335545539855957,2.4863693714141846,2.4980874061584473
0.8655678033828735,0.8681830763816833,0.9284362196922302,0.959463894367218,1.0143810510635376,0.7970919609069824,0.8110118508338928,0.958046019077301,1.517494797706604,1.9865849018096924,2.0943398475646973,2.3435473442077637,2.5548763275146484,2.6192591190338135,2.9630911350250244,3.1567647457122803,3.3279836177825928,3.3896737098693848,3.37327241897583,3.3189549446105957,3.4752907752990723,2.6738290786743164,2.8038089275360107,3.003343343734741,3.0431084632873535,2.9985599517822266,2.91316294670105,2.8337574005126953,2.775017023086548,2.735576868057251,2.7001850605010986,2.671194076538086,2.6623129844665527,2.6670219898223877,2.6819050312042236,2.6874914169311523,2.6741394996643066,2.6565561294555664,2.6255695819854736,2.5695810317993164,2.509495258331299,2.4775524139404297,2.468194007873535
0.8635267019271851,0.8708091378211975,0.9225660562515259,1.004244327545166,1.025386929512024,0.8593401908874512,0.934805154800415,1.0095609426498413,1.3050202131271362,1.8487101793289185,1.9981039762496948,2.200383186340332,2.4822821617126465,2.576958417892456,2.9661035537719727,3.1539371013641357,3.2681796550750732,3.278426170349121,3.2975575923919678,3.2416043281555176,3.378742218017578,2.1600570678710938,2.7598352432250977,2.997563362121582,2.9994232654571533,2.928194046020508,2.848045825958252,2.7881953716278076,2.7480759620666504,2.7124876976013184,2.6788525581359863,2.6567630767822266,2.649221897125244,2.65010929107666,2.657336711883545,2.650639057159424,2.630438804626465,2.61040997505188,2.575948715209961,2.5283918380737305,2.487226963043213,2.462291717529297,2.448500394821167
0.8685200214385986,0.8329209685325623,0.9240248203277588,1.0163573026657104,0.9909302592277527,0.8999436497688293,1.0898768901824951,1.1615993976593018,1.273549199104309,1.6586664915084839,1.7264044284820557,2.0464236736297607,2.3532614707946777,2.4985828399658203,2.9485065937042236,3.1167149543762207,3.19309401512146,3.2253775596618652,3.2399466037750244,3.224897861480713,3.3082804679870605,2.34596848487854,2.857511520385742,2.9993903636932373,2.9342427253723145,2.868511199951172,2.806337833404541,2.759944438934326,2.7246627807617188,2.6897006034851074,2.659390687942505,2.641366481781006,2.6355457305908203,2.6348118782043457,2.6331467628479004,2.6142826080322266,2.587970018386841,2.5655479431152344,2.5320816040039062,2.4940576553344727,2.462489366531372,2.4398353099823,2.4268856048583984
0.8358312249183655,0.9359371066093445,0.9723100662231445,1.031002163887024,0.9634688496589661,0.955826997756958,1.1332595348358154,1.229184865951538,1.3422863483428955,1.4994276762008667,1.431609869003296,1.826941728591919,2.159442663192749,2.3211617469787598,2.8665943145751953,3.069859504699707,3.170576572418213,3.2034239768981934,3.2128093242645264,3.206221103668213,3.227419376373291,3.120173931121826,2.9256184101104736,2.9448628425598145,2.861150026321411,2.8163740634918213,2.7679975032806396,2.730616331100464,2.6972455978393555,2.6668033599853516,2.641465663909912,2.6244049072265625,2.617793083190918,2.613011121749878,2.6025426387786865,2.5784811973571777,2.551936626434326,2.5282111167907715,2.496260643005371,2.463099956512451,2.436220645904541,2.4168286323547363,2.4042038917541504
0.8477882742881775,0.995079517364502,1.0593600273132324,0.9932997822761536,1.0225679874420166,1.0609345436096191,1.180932879447937,1.2802214622497559,1.4242334365844727,1.396382212638855,1.3679683208465576,1.5952117443084717,1.9136266708374023,1.985190987586975,2.7327888011932373,3.0193445682525635,3.159132480621338,3.181553363800049,3.172915458679199,3.1370716094970703,3.1078128814697266,3.066709518432617,2.884471893310547,2.8823041915893555,2.817009449005127,2.7787256240844727,2.7356433868408203,2.7036337852478027,2.671271800994873,2.6422252655029297,2.6232011318206787,2.6078689098358154,2.59622859954834,2.583148717880249,2.56771183013916,2.546483039855957,2.5243401527404785,2.497756004333496,2.46640682220459,2.4362635612487793,2.4128518104553223,2.3943281173706055,2.3782262802124023
0.8980283141136169,1.0685564279556274,1.1786216497421265,1.0757888555526733,1.149322748184204,1.2370880842208862,1.2220220565795898,1.3716963529586792,1.5533138513565063,1.5273059606552124,1.5319805145263672,1.6340540647506714,1.842522144317627,1.5525157451629639,2.6582419872283936,3.024956464767456,3.1634762287139893,3.1618893146514893,3.136305570602417,3.08219575881958,3.016939640045166,2.9350171089172363,2.852835178375244,2.839167594909668,2.779651165008545,2.745070457458496,2.7038986682891846,2.674684524536133,2.64572811126709,2.617412567138672,2.600785732269287,2.5873208045959473,2.572049140930176,2.553528308868408,2.5345640182495117,2.5162692070007324,2.497328519821167,2.4697136878967285,2.438605785369873,2.4116809368133545,2.390235424041748,2.370443820953369,2.3538103103637695
1.0503382682800293,1.1442804336547852,1.2286760807037354,1.233913779258728,1.361393928527832,1.3771363496780396,1.3098715543746948,1.5011365413665771,1.7063050270080566,1.5309003591537476,1.7320061922073364,1.9176421165466309,2.077129364013672,1.5180060863494873,2.718123435974121,3.1014187335968018,3.1575632095336914,3.124425172805786,3.082606792449951,3.0211939811706543,2.9515228271484375,2.885246753692627,2.82541823387146,2.7935757637023926,2.7437500953674316,2.7124996185302734,2.673088788986206,2.6457695960998535,2.621398448944092,2.5965161323547363,2.576636791229248,2.5620055198669434,2.545783042907715,2.526715040206909,2.5053772926330566,2.484192371368408,2.4645347595214844,2.4386093616485596,2.410618305206299,2.387143135070801,2.3660426139831543,2.34765625,2.336629867553711
1.189039945602417,1.2672792673110962,1.3423668146133423,1.4763529300689697,1.5426342487335205,1.5372207164764404,1.4704567193984985,1.6445984840393066,1.8429731130599976,1.6149249076843262,2.012554168701172,2.2752857208251953,2.5298759937286377,2.1996867656707764,2.8875904083251953,3.1597533226013184,3.120105504989624,3.082181930541992,3.0273451805114746,2.9686355590820312,2.9037489891052246,2.8422813415527344,2.790663242340088,2.7533555030822754,2.7084436416625977,2.6792984008789062,2.644163131713867,2.6178500652313232,2.594620943069458,2.572922706604004,2.5532186031341553,2.537503719329834,2.5198421478271484,2.5006213188171387,2.476879119873047,2.452254295349121,2.428642749786377,2.4051566123962402,2.384488821029663,2.3651020526885986,2.346421957015991,2.332923650741577,2.329525947570801
1.4224976301193237,1.5477592945098877,1.5723531246185303,1.7121574878692627,1.6770228147506714,1.7373771667480469,1.6414631605148315,1.8213307857513428,1.9491939544677734,1.7571252584457397,2.111647129058838,2.4454240798950195,2.8849072456359863,3.011349678039551,3.002181053161621,3.119739055633545,3.0607495307922363,3.0267701148986816,2.9678163528442383,2.9135594367980957,2.852511167526245,2.797008514404297,2.750302791595459,2.713590145111084,2.675060987472534,2.6476550102233887,2.6181464195251465,2.5918493270874023,2.5687472820281982,2.5489087104797363,2.5317113399505615,2.514770030975342,2.495290756225586,2.472573757171631,2.4491946697235107,2.426025629043579,2.402088165283203,2.3796756267547607,2.3614773750305176,2.3457159996032715,2.3332502841949463,2.3273017406463623,2.3286733627319336
1.8149441480636597,1.8957808017730713,1.8089492321014404,2.026413679122925,1.921147346496582,2.042722702026367,2.036299467086792,2.0801212787628174,2.0044376850128174,1.7078449726104736,1.7699881792068481,2.082382917404175,2.8023922443389893,3.070970058441162,3.022274971008301,3.060586929321289,3.003058433532715,2.9674839973449707,2.9137682914733887,2.8637399673461914,2.8064160346984863,2.7601773738861084,2.7201287746429443,2.683903455734253,2.6461009979248047,2.6166112422943115,2.5897371768951416,2.5667383670806885,2.5450761318206787,2.5268211364746094,2.50946044921875,2.490922689437866,2.470559597015381,2.445478916168213,2.42395281791687,2.4046149253845215,2.3846428394317627,2.362882614135742,2.344489812850952,2.3320748805999756,2.326317310333252,2.3268990516662598,2.3299098014831543
2.1713128089904785,2.1951184272766113,2.1231393814086914,2.2418031692504883,2.2965354919433594,2.3359127044677734,2.3515877723693848,2.3400628566741943,2.377988815307617,1.901374340057373,1.665568470954895,1.74072265625,2.804044485092163,3.0601954460144043,3.0415828227996826,3.0128941535949707,2.9502501487731934,2.914027690887451,2.865736484527588,2.8181169033050537,2.767184257507324,2.7279491424560547,2.6930203437805176,2.655704975128174,2.6159141063690186,2.5866997241973877,2.5632729530334473,2.541684627532959,2.5207149982452393,2.504626750946045,2.4867935180664062,2.466798782348633,2.4461140632629395,2.422818183898926,2.40216064453125,2.3858795166015625,2.3687543869018555,2.3503243923187256,2.3334312438964844,2.3243393898010254,2.32383131980896,2.326834201812744,2.3294718265533447
2.3464624881744385,2.2892608642578125,2.440361976623535,2.3427135944366455,2.405998945236206,2.6185364723205566,2.683966636657715,2.692434310913086,3.1922566890716553,2.5285608768463135,2.3209030628204346,2.197493314743042,2.9105725288391113,3.0455164909362793,2.990476608276367,2.953914165496826,2.9024429321289062,2.867086887359619,2.8195478916168213,2.7756996154785156,2.7327980995178223,2.6963999271392822,2.66117525100708,2.6252551078796387,2.588947296142578,2.562225818634033,2.5393757820129395,2.5159854888916016,2.4977169036865234,2.483238935470581,2.4651217460632324,2.445143699645996,2.4249062538146973,2.405118942260742,2.3877177238464355,2.371478319168091,2.3567423820495605,2.341280460357666,2.3270316123962402,2.3220319747924805,2.3221843242645264,2.322862386703491,2.3251092433929443
2.521559953689575,2.3074278831481934,2.6811904907226562,2.7259814739227295,2.5381319522857666,3.0471482276916504,3.132070541381836,3.166651487350464,3.3367104530334473,3.310513973236084,3.1892075538635254,3.0947952270507812,2.9452335834503174,2.9567787647247314,2.9087162017822266,2.901973247528076,2.8577992916107178,2.8217921257019043,2.7743585109710693,2.734485149383545,2.6953697204589844,2.659240245819092,2.623204231262207,2.591939926147461,2.564347267150879,2.5393447875976562,2.5161807537078857,2.496610641479492,2.479557514190674,2.4623265266418457,2.444284439086914,2.426133632659912,2.4080865383148193,2.3920350074768066,2.3760299682617188,2.3593549728393555,2.345855236053467,2.3327436447143555,2.3239991664886475,2.3227486610412598,2.3222875595092773,2.320842742919922,2.3229517936706543
