wind_DJF_night_3x3.json
{"header": {"parameterCategory": 2, "parameterUnit": "m/s", "nx": 74, "ny": 94, "lo1": 118.693, "la1": 26.2568353691, "lo2": 123.2203272787, "la2": 21.0494, "dx": 0.0620181819, "dy": 0.0559939287, "refTime": "2025-01-01 00:00:00", "forecastTime": 0, "parameterNumber": 2}, "data":
[rows 0 to 18 of 94, columns 0 to 42 of 74]
0.6041465997695923,0.7556670904159546,0.4462282657623291,-0.3141927719116211,-0.4232344925403595,-0.3658040165901184,-0.44740402698516846,-0.6580629944801331,-0.9773078560829163,-0.44570204615592957,0.30894750356674194,0.4970017075538635,0.46170756220817566,0.21741056442260742,-0.4986223876476288,-1.129245400428772,-1.0773792266845703,-1.4369964599609375,-2.3994832038879395,-3.0371930599212646,-3.322376251220703,-3.1810662746429443,-3.256622314453125,-3.6004786491394043,-3.6892929077148438,-3.686710834503174,-3.7221789360046387,-3.7747507095336914,-3.8457188606262207,-3.8736908435821533,-3.8981637954711914,-3.9576807022094727,-4.000728130340576,-4.031925678253174,-4.082761287689209,-4.139689922332764,-4.189999103546143,-4.229564666748047,-4.262182712554932,-4.29029655456543,-4.316872596740723,-4.341500759124756,-4.354867935180664
0.5516572594642639,0.9388052225112915,0.5799614191055298,-0.3075929284095764,-0.40196213126182556,-0.1643723100423813,0.23518474400043488,-0.12521320581436157,-0.846315860748291,-0.7500036358833313,-0.4903546869754791,-0.13607890903949738,0.2135581225156784,0.44601839780807495,-0.2693198323249817,-1.035805344581604,-1.9386868476867676,-2.4202563762664795,-2.983973979949951,-3.3487484455108643,-3.4876625537872314,-3.3621208667755127,-3.4440929889678955,-3.668765068054199,-3.7211387157440186,-3.7443294525146484,-3.800076961517334,-3.8593478202819824,-3.9244933128356934,-3.965898036956787,-4.008075714111328,-4.067206859588623,-4.111734390258789,-4.150635719299316,-4.206392765045166,-4.25919246673584,-4.304196357727051,-4.336691856384277,-4.363522529602051,-4.387025833129883,-4.409905910491943,-4.432375907897949,-4.443425178527832
1.3239843845367432,0.5770658254623413,-0.054694630205631256,-1.0879026651382446,-1.0871942043304443,-0.3539014160633087,0.4481044113636017,0.512426495552063,0.41162851452827454,-0.21263352036476135,-0.9443270564079285,-1.1140015125274658,-0.8290067911148071,0.31362155079841614,0.13053570687770844,-0.9116691946983337,-2.234736680984497,-2.888119697570801,-3.2945234775543213,-3.5335328578948975,-3.6602749824523926,-3.5341100692749023,-3.60736083984375,-3.7432146072387695,-3.774644613265991,-3.8100228309631348,-3.877680778503418,-3.9435176849365234,-4.0084381103515625,-4.061840057373047,-4.1159210205078125,-4.176321029663086,-4.226970672607422,-4.272772312164307,-4.327637672424316,-4.374843597412109,-4.414566993713379,-4.444234371185303,-4.466553211212158,-4.486410140991211,-4.507073879241943,-4.529740333557129,-4.538015365600586
1.185274362564087,0.19233034551143646,-0.8255068063735962,-1.6961838006973267,-1.6751681566238403,-0.8063215017318726,-0.17488619685173035,0.879841148853302,0.5975633859634399,0.8808589577674866,-0.5997174978256226,-2.067418336868286,-1.0061347484588623,-0.3304372727870941,-0.5665243864059448,-1.0794860124588013,-2.4188332557678223,-3.04687237739563,-3.408879041671753,-3.5955941677093506,-3.548877239227295,-3.66241717338562,-3.7473840713500977,-3.8032734394073486,-3.8358283042907715,-3.8943324089050293,-3.960939407348633,-4.0312910079956055,-4.101224899291992,-4.166288375854492,-4.230245590209961,-4.292135238647461,-4.353139877319336,-4.409195899963379,-4.465503692626953,-4.5081939697265625,-4.540621280670166,-4.569679260253906,-4.590424537658691,-4.616369247436523,-4.638378143310547,-4.662921905517578,-4.668637275695801
0.9067055583000183,-0.24288009107112885,-1.0432934761047363,-1.4444992542266846,-2.2863826751708984,-1.3172266483306885,-0.8578726053237915,0.2691684067249298,1.7342872619628906,1.2224595546722412,0.2340528815984726,0.10939393937587738,-2.1108951568603516,-0.4685348570346832,-0.3330167233943939,-1.267136573791504,-2.470942497253418,-3.024348735809326,-3.3870723247528076,-3.5374557971954346,-3.642615795135498,-3.7295162677764893,-3.8077735900878906,-3.840546131134033,-3.890054225921631,-3.9582388401031494,-4.030892372131348,-4.113101959228516,-4.190756320953369,-4.262774467468262,-4.339090824127197,-4.402057647705078,-4.468843460083008,-4.538707733154297,-4.586652755737305,-4.626749515533447,-4.6563239097595215,-4.686305522918701,-4.707818984985352,-4.734222412109375,-4.753639221191406,-4.770544052124023,-4.779329776763916
-1.0031671524047852,-1.0031671524047852,-1.2637321949005127,-1.315964937210083,-0.053255707025527954,-1.7341750860214233,-2.175081968307495,0.1496065855026245,1.440822958946228,0.8794490098953247,1.2306846380233765,1.640467643737793,0.1165601909160614,-2.5225796699523926,-0.04210926592350006,-0.7139784693717957,-1.8590303659439087,-2.9370861053466797,-3.335578680038452,-3.5222132205963135,-3.641003370285034,-3.733380079269409,-3.8255462646484375,-3.878542423248291,-3.9436893463134766,-4.015282154083252,-4.110569000244141,-4.195398330688477,-4.275501251220703,-4.36693000793457,-4.443947792053223,-4.517518043518066,-4.590511798858643,-4.6539716720581055,-4.702861785888672,-4.7477216720581055,-4.77384614944458,-4.799561977386475,-4.823260307312012,-4.852007865905762,-4.864400386810303,-4.8692731857299805,-4.878226280212402
-1.0299968719482422,-1.3493117094039917,-0.966384768486023,-0.39050382375717163,0.05004008114337921,0.8590560555458069,0.1814839094877243,-0.5870837569236755,0.3670216202735901,-0.39309531450271606,0.5495181083679199,0.30575838685035706,0.07978345453739166,1.0127133131027222,-0.26231008768081665,-0.8224936723709106,-2.1028714179992676,-2.9550585746765137,-3.2867212295532227,-3.4762887954711914,-3.630345582962036,-3.663205146789551,-3.832814931869507,-3.912529468536377,-3.9956932067871094,-4.07964563369751,-4.179864406585693,-4.279273986816406,-4.37097692489624,-4.4624762535095215,-4.546749114990234,-4.628535747528076,-4.710546016693115,-4.762959957122803,-4.819503307342529,-4.862391471862793,-4.888183116912842,-4.916566371917725,-4.941072940826416,-4.954193592071533,-4.9598798751831055,-4.970277309417725,-4.970623016357422
-0.8782460689544678,-1.133037805557251,-0.6129966378211975,-0.3816400170326233,0.010038487613201141,-0.09704074263572693,0.39001235365867615,-0.9899172186851501,-2.547194480895996,-1.7762959003448486,0.9707819223403931,-0.9081821441650391,0.8722339868545532,-0.4386588931083679,0.5552948713302612,-0.8132667541503906,-2.5941522121429443,-2.9927711486816406,-3.2597298622131348,-3.4571421146392822,-3.5447018146514893,-3.7817399501800537,-3.852754592895508,-3.9451990127563477,-4.045052528381348,-4.15334939956665,-4.253136157989502,-4.363669395446777,-4.4695305824279785,-4.564969062805176,-4.6566009521484375,-4.742691993713379,-4.821625232696533,-4.880418300628662,-4.9340667724609375,-4.965592861175537,-4.997775554656982,-5.0310821533203125,-5.048792839050293,-5.0495500564575195,-5.057557106018066,-5.0589752197265625,-5.056156158447266
-0.27525442838668823,-0.5104812979698181,-0.4256613850593567,-1.2057398557662964,-1.811011791229248,-1.4693230390548706,-0.15759222209453583,0.7124430537223816,-1.262931227684021,-0.5970468521118164,-0.10059948265552521,-0.6699845790863037,-0.751304030418396,-1.1032488346099854,1.0371657609939575,-0.9741069078445435,-2.370988368988037,-2.922144651412964,-3.2203433513641357,-3.4250030517578125,-3.5993359088897705,-3.7664313316345215,-3.8840184211730957,-3.992445230484009,-4.099600791931152,-4.215789794921875,-4.326397895812988,-4.452121734619141,-4.563228607177734,-4.670998573303223,-4.770317077636719,-4.857085227966309,-4.933849334716797,-4.991507053375244,-5.046285629272461,-5.07602071762085,-5.109514236450195,-5.132758617401123,-5.147226810455322,-5.146931171417236,-5.143499851226807,-5.141664505004883,-5.1404032707214355
0.8703835606575012,0.540318489074707,-0.08006461709737778,-1.390898585319519,-0.3043673634529114,-2.021390676498413,0.17232313752174377,1.060940146446228,2.68002986907959,0.2546340525150299,0.2409386932849884,0.4295315742492676,-2.8480772972106934,-1.8000575304031372,-0.5771429538726807,-0.4687483310699463,-2.273106098175049,-2.8871989250183105,-3.2066650390625,-3.415534734725952,-3.613205909729004,-3.777412176132202,-3.9141149520874023,-4.041933059692383,-4.164628028869629,-4.278720855712891,-4.406935691833496,-4.5384135246276855,-4.6636457443237305,-4.777499675750732,-4.876646995544434,-4.967931270599365,-5.039299011230469,-5.096423149108887,-5.149051666259766,-5.191006183624268,-5.2217488288879395,-5.239711761474609,-5.239601135253906,-5.237306594848633,-5.224507808685303,-5.226482391357422,-5.212747573852539
1.316307544708252,0.9505932331085205,0.711314857006073,0.5496926307678223,0.5912262201309204,-1.0879621505737305,-1.6752632856369019,0.028310265392065048,0.9620651006698608,0.02158600650727749,0.5511670112609863,0.7073889374732971,1.6274816989898682,-0.7846856713294983,-3.038645029067993,-2.489856004714966,-2.7174625396728516,-3.0691778659820557,-3.2424674034118652,-3.43434739112854,-3.630725145339966,-3.8009703159332275,-3.943863868713379,-4.085155010223389,-4.221983909606934,-4.356863021850586,-4.493260860443115,-4.629093170166016,-4.75425910949707,-4.872896194458008,-4.982455730438232,-5.070654392242432,-5.14547872543335,-5.207586765289307,-5.255054950714111,-5.2952165603637695,-5.329129219055176,-5.345676898956299,-5.345860481262207,-5.333739280700684,-5.311192035675049,-5.29417610168457,-5.276201248168945
1.2612810134887695,0.9849680662155151,0.8826005458831787,1.0589717626571655,1.2920145988464355,-0.6278963088989258,-1.700075387954712,-1.8756877183914185,-0.928852379322052,1.7014046907424927,0.9183210730552673,0.2794625163078308,0.8081713318824768,-1.0084694623947144,-4.158498287200928,-3.833261251449585,-3.7200121879577637,-2.9813363552093506,-3.3270654678344727,-3.4421074390411377,-3.6449782848358154,-3.8247649669647217,-3.982893466949463,-4.1322021484375,-4.285557270050049,-4.43402099609375,-4.591520309448242,-4.720195770263672,-4.850640296936035,-4.972184658050537,-5.079373836517334,-5.17405891418457,-5.2519097328186035,-5.319520473480225,-5.369260787963867,-5.40806770324707,-5.440924644470215,-5.459611415863037,-5.447521209716797,-5.429986000061035,-5.4084367752075195,-5.369915962219238,-5.3356475830078125
0.8610051870346069,0.46357017755508423,0.4027918577194214,0.24094519019126892,0.6298275589942932,2.3170289993286133,-1.083275318145752,-2.0505712032318115,0.3345409333705902,0.09798961132764816,0.13979201018810272,-0.06744672358036041,-0.31167855858802795,-2.345446825027466,-4.140932559967041,-4.209163188934326,-3.825704574584961,-2.4750969409942627,-2.494877338409424,-3.299083709716797,-3.6154329776763916,-3.8537862300872803,-4.028398036956787,-4.203230381011963,-4.352964401245117,-4.517369747161865,-4.67240571975708,-4.8153181076049805,-4.945803642272949,-5.070378303527832,-5.179097652435303,-5.279595375061035,-5.360586643218994,-5.426888465881348,-5.477625846862793,-5.51899528503418,-5.555567741394043,-5.5643110275268555,-5.55423641204834,-5.530301570892334,-5.501763343811035,-5.454532623291016,-5.399069786071777
-0.04413379356265068,-0.21988943219184875,-0.0066388919949531555,0.01613185741007328,0.6081470251083374,1.1392111778259277,2.946683406829834,-0.3331265151500702,-1.3460602760314941,-0.7765499353408813,-0.7026728391647339,0.10825753211975098,-0.8579534292221069,-2.742727756500244,-2.674046516418457,-4.2192230224609375,-3.6288199424743652,-1.899951457977295,-2.8394923210144043,-3.4234299659729004,-3.7091541290283203,-3.9185101985931396,-4.096654891967773,-4.269144058227539,-4.440438270568848,-4.594818115234375,-4.756513595581055,-4.906355381011963,-5.042162895202637,-5.173994541168213,-5.283322334289551,-5.386919021606445,-5.470804214477539,-5.542758464813232,-5.592401504516602,-5.635765075683594,-5.6678876876831055,-5.672365188598633,-5.66225528717041,-5.637598991394043,-5.600044250488281,-5.5388360023498535,-5.481694221496582
-0.5136135220527649,-0.8160719871520996,-0.39202773571014404,-0.20943070948123932,0.6054813861846924,0.9588935375213623,0.8758317232131958,-0.08566327393054962,-1.410984992980957,-2.2565436363220215,-1.272125244140625,-1.1078014373779297,-1.9539737701416016,-1.876370906829834,-2.5449013710021973,-4.056652069091797,-3.050710916519165,-1.3902268409729004,-3.7887229919433594,-3.8944578170776367,-3.912855386734009,-4.029398441314697,-4.195545196533203,-4.356170654296875,-4.526013374328613,-4.691425323486328,-4.848555564880371,-4.997750282287598,-5.141434192657471,-5.272305011749268,-5.393786430358887,-5.492522239685059,-5.584268569946289,-5.6561479568481445,-5.711025238037109,-5.757877826690674,-5.777673244476318,-5.784323215484619,-5.771241188049316,-5.7481913566589355,-5.686534881591797,-5.6266255378723145,-5.547128200531006
-0.593288779258728,-1.8470807075500488,-1.2170729637145996,-1.5802001953125,1.3528797626495361,0.32177865505218506,0.35807082056999207,-0.8117767572402954,-3.4673800468444824,-3.158970355987549,-2.327606678009033,-2.5809836387634277,-2.65834379196167,-2.128326654434204,-3.4668216705322266,-3.6915411949157715,-2.6462128162384033,-1.9721784591674805,-3.7952146530151367,-4.095664024353027,-4.094366073608398,-4.174225330352783,-4.306711196899414,-4.456902980804443,-4.620979309082031,-4.783472537994385,-4.944685459136963,-5.0917510986328125,-5.240262031555176,-5.376254081726074,-5.499886512756348,-5.59713888168335,-5.693897247314453,-5.765856742858887,-5.82448148727417,-5.8688883781433105,-5.889934062957764,-5.906301498413086,-5.88071870803833,-5.839808464050293,-5.780078887939453,-5.706050872802734,-5.617493152618408
-0.4724712371826172,-2.099653959274292,-2.1163620948791504,-2.1642394065856934,-0.4450156092643738,0.4978426396846771,-0.2570837736129761,-1.7323631048202515,-3.890563488006592,-3.436800956726074,-3.539367437362671,-3.435725450515747,-3.4007160663604736,-3.056654691696167,-3.919684648513794,-2.879099130630493,-2.8900070190429688,-3.6755638122558594,-4.240160942077637,-4.2854084968566895,-4.276709079742432,-4.32979679107666,-4.434506416320801,-4.563365936279297,-4.726282119750977,-4.883630752563477,-5.041140556335449,-5.195718765258789,-5.338953018188477,-5.479852676391602,-5.601093769073486,-5.700915336608887,-5.793890953063965,-5.8743367195129395,-5.928815841674805,-5.975880146026611,-6.010318756103516,-6.020040512084961,-5.995920658111572,-5.946150779724121,-5.877373218536377,-5.788905143737793,-5.675050735473633
0.41848909854888916,-0.9594168066978455,-1.5525342226028442,-3.3173859119415283,0.6329901814460754,-0.49228158593177795,-1.0475544929504395,-2.1872718334198,-2.70989990234375,-4.414769649505615,-3.6577792167663574,-3.802945137023926,-3.7764506340026855,-3.8465070724487305,-3.5400400161743164,-4.161989688873291,-3.2361626625061035,-4.159584045410156,-4.404048919677734,-4.439798831939697,-4.440442085266113,-4.478364944458008,-4.569382190704346,-4.690169334411621,-4.835040092468262,-4.985414028167725,-5.136012077331543,-5.3009209632873535,-5.446902275085449,-5.581761360168457,-5.693954944610596,-5.79715633392334,-5.901338577270508,-5.984472751617432,-6.044689178466797,-6.101332187652588,-6.13244104385376,-6.146990776062012,-6.120474815368652,-6.076937675476074,-5.999734878540039,-5.889545440673828,-5.758877754211426
0.5518073439598083,0.11740970611572266,-0.7781972885131836,-1.6050937175750732,-1.2758901119232178,-1.6897807121276855,-1.4350000619888306,-1.9577898979187012,-2.4762563705444336,-3.70945405960083,-2.1044490337371826,-3.8150856494903564,-4.022691249847412,-4.132059574127197,-3.8506693840026855,-4.233444690704346,-4.323750019073486,-4.485751628875732,-4.552958965301514,-4.569879055023193,-4.578274250030518,-4.62657356262207,-4.703165054321289,-4.823524475097656,-4.953278541564941,-5.08528995513916,-5.237079620361328,-5.4031171798706055,-5.54676628112793,-5.6720757484436035,-5.78841495513916,-5.901937961578369,-6.0039963722229,-6.086310386657715,-6.162911415100098,-6.218990325927734,-6.257978439331055,-6.26539421081543,-6.248215675354004,-6.186454772949219,-6.113229751586914,-6.011125087738037,-5.885202407836914
