wind_JJA_avg_3x3.json
{"header": {"parameterCategory": 2, "parameterUnit": "m/s", "nx": 74, "ny": 94, "lo1": 118.693, "la1": 26.2568353691, "lo2": 123.2203272787, "la2": 21.0494, "dx": 0.0620181819, "dy": 0.0559939287, "refTime": "2025-01-01 00:00:00", "forecastTime": 0, "parameterNumber": 3}, "data":
[rows 0 to 18 of 94, columns 0 to 42 of 74]
0.846817135810852,0.44078975915908813,-0.027657121419906616,0.1405775547027588,-0.2017170786857605,0.011175572872161865,-0.23710334300994873,-0.023452401161193848,-0.07438954710960388,0.2081068456172943,0.19584253430366516,0.1809891313314438,0.2874859869480133,0.13391047716140747,0.4700823426246643,1.206993579864502,2.155215263366699,2.3907017707824707,2.4770548343658447,2.28366756439209,2.6088109016418457,2.781566619873047,2.715635299682617,2.7211358547210693,2.7917871475219727,2.8502886295318604,2.918170928955078,2.9790444374084473,3.0342977046966553,3.080909252166748,3.1231918334960938,3.1597940921783447,3.19869327545166,3.214289665222168,3.224503993988037,3.2346057891845703,3.237252712249756,3.2402234077453613,3.243793487548828,3.245547294616699,3.2478835582733154,3.2465529441833496,3.246201992034912
0.5021112561225891,0.3182147741317749,0.15626516938209534,0.14264574646949768,0.00556366890668869,-0.08639436960220337,-0.2422879934310913,-0.2326977550983429,-0.12284353375434875,-0.04099541902542114,0.044605642557144165,0.12025080621242523,0.34459054470062256,0.2563876509666443,0.21473845839500427,0.7834046483039856,1.799311876296997,2.4128386974334717,2.4920687675476074,2.3803348541259766,2.5929245948791504,2.7115297317504883,2.7011003494262695,2.7438392639160156,2.8240785598754883,2.8933725357055664,2.9688901901245117,3.037806749343872,3.090724468231201,3.1305322647094727,3.1660382747650146,3.192559003829956,3.211550235748291,3.2252187728881836,3.234086513519287,3.235612392425537,3.235508918762207,3.2393877506256104,3.2435359954833984,3.2453887462615967,3.242053270339966,3.235435962677002,3.227828025817871
0.3322153091430664,0.3163185119628906,0.4384433329105377,0.42597395181655884,0.35652685165405273,0.058881014585494995,-0.11412443220615387,-0.1855807900428772,-0.18883538246154785,0.05175518989562988,0.1706809401512146,0.3743054270744324,0.49135613441467285,0.43916723132133484,0.4091448187828064,0.6513184905052185,1.6072999238967896,2.296416759490967,2.4575538635253906,2.4981038570404053,2.255409002304077,2.6771721839904785,2.6766064167022705,2.755842447280884,2.8625872135162354,2.942511796951294,3.014451742172241,3.06691312789917,3.104841709136963,3.1315789222717285,3.148920774459839,3.163266181945801,3.168423652648926,3.1747732162475586,3.176121234893799,3.1725919246673584,3.1664180755615234,3.163708209991455,3.1635806560516357,3.158167839050293,3.147027015686035,3.132720470428467,3.1153030395507812
0.3806041181087494,0.42819464206695557,0.6382588148117065,0.7375800013542175,0.8321192264556885,0.6249805688858032,0.4460328221321106,0.23528744280338287,-0.027706682682037354,0.19877967238426208,0.46073636412620544,0.7487943172454834,0.3749275803565979,0.4109094440937042,0.5228211879730225,0.5543434619903564,1.8284599781036377,2.468337059020996,2.591209888458252,2.6955769062042236,2.8253445625305176,2.6656622886657715,2.6908488273620605,2.8183670043945312,2.9251041412353516,3.004972457885742,3.0577280521392822,3.0764107704162598,3.0954391956329346,3.0972461700439453,3.0892865657806396,3.079725980758667,3.0682740211486816,3.0595247745513916,3.050680637359619,3.0392184257507324,3.0211522579193115,3.014671802520752,3.0030906200408936,2.981266975402832,2.9596195220947266,2.9416136741638184,2.9163999557495117
0.7246238589286804,0.9285051822662354,0.9943040609359741,0.6994881629943848,0.5957033634185791,0.7447386980056763,0.42679116129875183,0.24395659565925598,0.4691053628921509,0.683340311050415,0.6286078691482544,0.6532468795776367,0.7014520168304443,0.7110661864280701,0.1739809513092041,0.6119367480278015,1.3647642135620117,2.5920917987823486,2.7498908042907715,2.805665969848633,2.711822509765625,2.617488384246826,2.7492916584014893,2.904825210571289,3.0095484256744385,3.0607216358184814,3.087616205215454,3.1037354469299316,3.114300489425659,3.101194381713867,3.0840342044830322,3.0624454021453857,3.057210922241211,3.0504918098449707,3.0315561294555664,3.0159401893615723,3.0040206909179688,2.9814114570617676,2.9623360633850098,2.9531540870666504,2.9249517917633057,2.9021148681640625,2.8666205406188965
1.0046427249908447,1.0323166847229004,1.1718840599060059,0.5062397122383118,0.15517260134220123,0.614962100982666,0.712615966796875,0.3805268108844757,0.09468942880630493,0.7666987180709839,0.79808509349823,0.7039759159088135,0.6782176494598389,0.6340906620025635,0.7288952469825745,0.7756220698356628,1.2166346311569214,2.7655022144317627,2.813809394836426,2.7905423641204834,2.7287564277648926,2.483156204223633,2.8483481407165527,2.986116886138916,3.062345504760742,3.0914719104766846,3.099558115005493,3.0985007286071777,3.0937447547912598,3.0809006690979004,3.0637214183807373,3.05428409576416,3.047760248184204,3.0343356132507324,3.0212645530700684,3.010350227355957,2.9831576347351074,2.955502510070801,2.9382271766662598,2.9207582473754883,2.88675856590271,2.8573384284973145,2.8232972621917725
0.7911819219589233,0.9370179176330566,0.8587617874145508,0.4738728702068329,0.432147741317749,0.03348422050476074,-0.14848995208740234,-0.09784731268882751,0.49536415934562683,0.700332522392273,0.8634923696517944,0.680938720703125,0.9508821964263916,0.5603727102279663,0.32993030548095703,0.8254386186599731,2.570240020751953,2.7695436477661133,2.814185857772827,2.7020716667175293,2.578803300857544,2.6609370708465576,2.927069664001465,3.0463783740997314,3.094479560852051,3.11100435256958,3.1116738319396973,3.100996971130371,3.0800795555114746,3.062941551208496,3.04837703704834,3.0385098457336426,3.0303425788879395,3.024679660797119,3.0090532302856445,2.9768428802490234,2.9574427604675293,2.9333670139312744,2.90408992767334,2.873610258102417,2.833672523498535,2.7970876693725586,2.763076066970825
0.3637036383152008,0.44560331106185913,0.4041615426540375,0.3429950475692749,0.3836568593978882,0.23133882880210876,0.06582450866699219,0.098788321018219,0.9655694961547852,0.9216261506080627,0.9425315260887146,1.1206936836242676,0.7240832448005676,0.9643542766571045,0.6191698312759399,2.2266294956207275,2.6877601146698,2.7368953227996826,2.7862937450408936,2.553372859954834,2.6469039916992188,2.8060731887817383,3.0014867782592773,3.080801010131836,3.103116512298584,3.101541519165039,3.093860387802124,3.0751774311065674,3.0596752166748047,3.0514755249023438,3.0394604206085205,3.025571584701538,3.027423858642578,3.0124027729034424,2.991631031036377,2.969949245452881,2.9385509490966797,2.9057798385620117,2.8724303245544434,2.826231002807617,2.7849624156951904,2.7334160804748535,2.6934986114501953
-0.05053630471229553,0.09493446350097656,0.23369421064853668,0.8076238632202148,0.834762454032898,0.5848700404167175,0.11758776754140854,0.555179238319397,1.0616503953933716,0.8353509306907654,1.634213924407959,1.3359850645065308,1.3529472351074219,1.5505566596984863,0.3763858675956726,2.1902756690979004,2.7268218994140625,2.7333548069000244,2.6644861698150635,2.4267289638519287,2.6696035861968994,2.9366965293884277,3.0576117038726807,3.0676307678222656,3.0742745399475098,3.0732579231262207,3.065354585647583,3.047236204147339,3.0322179794311523,3.01603364944458,3.01527738571167,3.0120861530303955,3.0000967979431152,2.9890284538269043,2.9737138748168945,2.945753812789917,2.911433219909668,2.872218132019043,2.82224178314209,2.779294967651367,2.730480670928955,2.6801037788391113,2.6228017807006836
0.22205987572669983,0.2720666527748108,0.48458290100097656,0.767940878868103,1.00686514377594,1.062424898147583,0.8575625419616699,0.9258548617362976,0.9864603877067566,0.3661099970340729,0.923796534538269,0.6320419907569885,1.7703372240066528,1.8291696310043335,1.9631534814834595,2.378293752670288,2.6146092414855957,2.7055859565734863,2.2756688594818115,2.3845205307006836,2.7712087631225586,3.0193686485290527,3.044881820678711,3.0381574630737305,3.037540912628174,3.030700445175171,3.029954671859741,3.0104660987854004,3.001319169998169,2.9983744621276855,2.993945598602295,2.987487316131592,2.9855544567108154,2.968135118484497,2.9516983032226562,2.916321277618408,2.8734898567199707,2.819753408432007,2.7757861614227295,2.719252824783325,2.666297197341919,2.5993852615356445,2.5390737056732178
0.6891542673110962,0.6999099254608154,0.6404128074645996,0.7057013511657715,0.39154624938964844,0.16309303045272827,0.5061837434768677,0.12345805764198303,0.22816145420074463,-0.06807516515254974,1.0145232677459717,0.8296091556549072,1.1396827697753906,0.8060252666473389,1.4359095096588135,1.9556629657745361,2.4813623428344727,2.5597829818725586,1.875504493713379,2.307628631591797,2.9180963039398193,3.003793716430664,2.9806482791900635,2.9744582176208496,2.973548412322998,2.9827988147735596,2.988554000854492,2.9869160652160645,2.9804506301879883,2.9783148765563965,2.975956916809082,2.9824509620666504,2.9640607833862305,2.951336145401001,2.9240758419036865,2.888357400894165,2.840090274810791,2.7900381088256836,2.7244977951049805,2.659696578979492,2.590928077697754,2.5248818397521973,2.4499497413635254
0.8851299285888672,0.8939286470413208,0.8915799856185913,0.7819551229476929,0.37139463424682617,0.7678377628326416,0.6921038627624512,1.1697866916656494,1.2718921899795532,0.7270467877388,1.5244946479797363,1.736034870147705,1.4365853071212769,1.7357827425003052,1.7732131481170654,1.8085353374481201,2.0966339111328125,1.83070969581604,1.6806035041809082,2.5198352336883545,2.9286587238311768,2.932831287384033,2.907102584838867,2.905729293823242,2.910050630569458,2.9290666580200195,2.936579704284668,2.952343463897705,2.9565253257751465,2.9614109992980957,2.9741575717926025,2.970400333404541,2.955765724182129,2.935596466064453,2.9010300636291504,2.852837562561035,2.7982661724090576,2.7379517555236816,2.6727828979492188,2.6053314208984375,2.5160751342773438,2.426722526550293,2.331037998199463
0.8957043886184692,0.9091407060623169,0.8093256950378418,0.36068251729011536,0.6142991185188293,0.6742144227027893,0.855404257774353,0.570313572883606,0.4134378731250763,0.5826910734176636,1.2860841751098633,1.2796289920806885,1.7324497699737549,1.4846701622009277,1.2574777603149414,1.971006155014038,2.4523191452026367,1.7771179676055908,1.5818226337432861,2.6482739448547363,2.874541759490967,2.8251352310180664,2.8187203407287598,2.8246779441833496,2.8472824096679688,2.8773350715637207,2.9084463119506836,2.925037384033203,2.9478414058685303,2.961390972137451,2.9689676761627197,2.9607067108154297,2.9380581378936768,2.9235730171203613,2.8749446868896484,2.824741840362549,2.7629165649414062,2.6881134510040283,2.6192514896392822,2.5250256061553955,2.4276187419891357,2.3170671463012695,2.2074079513549805
0.6361588835716248,0.7409622669219971,0.6248820424079895,0.3761105537414551,0.6276471614837646,0.8972813487052917,0.6944559812545776,0.6274310350418091,0.7495605945587158,1.187456488609314,2.1130547523498535,2.6243720054626465,2.2195160388946533,1.3922498226165771,1.4922633171081543,2.2280659675598145,2.2490251064300537,1.5633904933929443,1.5082008838653564,2.411156177520752,2.7495908737182617,2.7424778938293457,2.748216390609741,2.771238088607788,2.801877498626709,2.8401479721069336,2.876547336578369,2.910728693008423,2.9416451454162598,2.9463300704956055,2.945024013519287,2.9422950744628906,2.9257822036743164,2.8956027030944824,2.8551313877105713,2.790660858154297,2.7208545207977295,2.6409270763397217,2.5516228675842285,2.441110134124756,2.3229987621307373,2.2049131393432617,2.081099033355713
0.29192954301834106,0.4379505515098572,0.4190446138381958,0.5911976099014282,0.39505884051322937,0.36949360370635986,0.684607982635498,0.7980940937995911,1.253352165222168,2.5142152309417725,1.3903833627700806,3.149833917617798,3.4704322814941406,2.056349039077759,1.5427191257476807,1.9667510986328125,2.1776442527770996,2.006261110305786,1.8436756134033203,2.5508835315704346,2.6314384937286377,2.6450822353363037,2.6814818382263184,2.7218217849731445,2.767439365386963,2.8105130195617676,2.8622493743896484,2.908383369445801,2.922316551208496,2.937643527984619,2.939742088317871,2.9342658519744873,2.9118685722351074,2.8837075233459473,2.830108165740967,2.762519598007202,2.672823905944824,2.5888407230377197,2.478529930114746,2.353663444519043,2.20731782913208,2.0702919960021973,1.9281203746795654
0.046971142292022705,0.2364831566810608,0.338367760181427,0.7443476915359497,0.7622695565223694,0.8269506096839905,1.0032576322555542,1.7042264938354492,2.6312177181243896,2.5985586643218994,2.4995298385620117,2.913808584213257,3.3448891639709473,2.937803268432617,2.644113063812256,1.8159677982330322,2.9633383750915527,2.417410373687744,2.6943607330322266,2.5109031200408936,2.5514817237854004,2.5985565185546875,2.6466903686523438,2.689460515975952,2.7437150478363037,2.803302764892578,2.8551955223083496,2.8933839797973633,2.92301082611084,2.9319660663604736,2.9351649284362793,2.9206931591033936,2.896618127822876,2.859919548034668,2.7955899238586426,2.7201714515686035,2.6358847618103027,2.5289764404296875,2.4011073112487793,2.2510576248168945,2.0876336097717285,1.914650797843933,1.7496111392974854
0.008860021829605103,0.23054134845733643,0.3931726813316345,0.630059003829956,0.9959167242050171,1.939752221107483,1.4048187732696533,1.3813167810440063,1.9805978536605835,2.4277334213256836,2.132526397705078,2.9836554527282715,3.2101705074310303,3.2039828300476074,2.4278781414031982,1.8600175380706787,2.9576172828674316,2.695897340774536,2.5167860984802246,2.4770889282226562,2.520216464996338,2.570481777191162,2.6267762184143066,2.676839828491211,2.732028007507324,2.799895763397217,2.8578171730041504,2.8921332359313965,2.9189486503601074,2.923086166381836,2.922224521636963,2.9123287200927734,2.890847682952881,2.8430070877075195,2.768676280975342,2.6864206790924072,2.591646194458008,2.4688329696655273,2.330221652984619,2.1543900966644287,1.9570188522338867,1.7555339336395264,1.5558369159698486
0.25112542510032654,0.44187599420547485,0.4369024336338043,0.6071006059646606,1.0992071628570557,1.3363933563232422,1.6547147035598755,1.8295997381210327,1.5409736633300781,2.0764036178588867,1.7462371587753296,2.992180347442627,3.0955300331115723,2.684865713119507,2.6092801094055176,2.7257180213928223,2.2915186882019043,2.550607681274414,2.4559741020202637,2.4675188064575195,2.5103566646575928,2.5601203441619873,2.619528293609619,2.6847875118255615,2.7452564239501953,2.813070774078369,2.856318950653076,2.884998321533203,2.906200885772705,2.9129879474639893,2.9156270027160645,2.9017748832702637,2.8803036212921143,2.82794189453125,2.750230073928833,2.6537375450134277,2.544788360595703,2.4035308361053467,2.2310376167297363,2.0314254760742188,1.8092044591903687,1.5728187561035156,1.325010895729065
0.5478145480155945,0.4054064154624939,0.5972520112991333,0.9172685742378235,2.433469772338867,1.380533218383789,1.9898366928100586,2.503251552581787,1.5435267686843872,1.7625975608825684,1.7724456787109375,2.999314308166504,3.0674986839294434,2.2083115577697754,2.6015634536743164,2.7107162475585938,2.5785598754882812,2.452777862548828,2.4215574264526367,2.449911594390869,2.4981374740600586,2.566802501678467,2.63348388671875,2.6983885765075684,2.768508195877075,2.824439525604248,2.8666069507598877,2.8947770595550537,2.9109344482421875,2.9211478233337402,2.9183831214904785,2.8976101875305176,2.862269163131714,2.80802059173584,2.7231884002685547,2.621337652206421,2.495305061340332,2.3320794105529785,2.132817268371582,1.8906891345977783,1.626967191696167,1.3481972217559814,1.0243643522262573
