wind_JJA_avg_4x4.json
{"header": {"parameterCategory": 2, "parameterUnit": "m/s", "nx": 55, "ny": 70, "lo1": 118.693, "la1": 26.200841440399998, "lo2": 123.1583090968, "la2": 21.0494, "dx": 0.0826909092, "dy": 0.0746585716, "refTime": "2025-01-01 00:00:00", "forecastTime": 0, "parameterNumber": 2}, "data":
[rows 38 to 56 of 70, columns 0 to 42 of 55]
0.9177680015563965,0.8830376267433167,0.9719241261482239,1.00243079662323,0.9984639883041382,0.9876836538314819,0.9930026531219482,1.0247739553451538,1.0917140245437622,1.1702440977096558,1.167961835861206,1.298079252243042,1.3462481498718262,1.3917900323867798,1.3800123929977417,1.3444561958312988,1.2679933309555054,1.1648837327957153,1.3003571033477783,1.0820940732955933,0.8871805667877197,0.4578701853752136,0.20077276229858398,-0.3502051830291748,0.27346426248550415,0.022509872913360596,0.2922537624835968,-0.09380312263965607,0.2813788056373596,-0.32730215787887573,-0.6816827654838562,-0.2746463418006897,-0.737640380859375,-0.7581861019134521,0.006896555423736572,0.1864476203918457,0.06958910822868347,-0.07021218538284302,-0.07823452353477478,-0.004102200269699097,0.11785310506820679,0.2100754976272583,0.29499268531799316
0.8723570108413696,0.8389971256256104,0.9370708465576172,0.9755110144615173,0.9779572486877441,0.969492495059967,0.9954520463943481,1.0399134159088135,1.110435962677002,1.2040883302688599,1.2128562927246094,1.2966699600219727,1.3570632934570312,1.3688135147094727,1.3331750631332397,1.2715919017791748,1.1777536869049072,1.0521711111068726,0.9887163043022156,0.8716121912002563,0.4949328899383545,0.10079264640808105,-0.07083827257156372,0.5156034231185913,0.2840167284011841,0.09525057673454285,-0.09568826854228973,0.17958591878414154,0.03287208080291748,0.18029524385929108,-0.539198637008667,-0.6082981824874878,-1.0126699209213257,-0.4255000352859497,-0.09705120325088501,0.08254644274711609,-0.004387319087982178,-0.06015777587890625,0.001774430274963379,0.08989739418029785,0.21404099464416504,0.3097177743911743,0.3952517509460449
0.8319482803344727,0.8019143342971802,0.9054267406463623,0.9578824043273926,0.9598934054374695,0.9598689675331116,0.9968491792678833,1.0486152172088623,1.1149641275405884,1.0367960929870605,1.2215347290039062,1.300957441329956,1.3636984825134277,1.338049292564392,1.282383680343628,1.2186939716339111,1.112351894378662,1.0690040588378906,0.8725078105926514,0.7516837120056152,0.3966912031173706,-0.09347450733184814,0.025367558002471924,0.46889811754226685,0.4500245153903961,0.1170549988746643,0.2841871380805969,0.20058199763298035,-0.14362485706806183,0.4140625,-0.15691080689430237,-0.2651646137237549,-1.0924720764160156,-0.18703150749206543,-0.04920119047164917,-0.00888940691947937,-0.05775091052055359,-0.02912762761116028,0.07088321447372437,0.2041114717721939,0.32694879174232483,0.4338035583496094,0.5084906816482544
0.7991184592247009,0.7689779996871948,0.8885931968688965,0.9415839314460754,0.9568485021591187,0.9661620855331421,0.9940102100372314,1.0369081497192383,1.1187936067581177,1.159065842628479,1.2298338413238525,1.3035355806350708,1.3283977508544922,1.3138647079467773,1.2328020334243774,1.157907247543335,1.0634231567382812,1.105371117591858,0.7424487471580505,0.6626779437065125,0.11958485841751099,-0.2861596941947937,-0.14210575819015503,0.5853716731071472,0.2714025378227234,0.19092443585395813,0.3977300524711609,0.4536943733692169,-0.4484114348888397,-0.7618921399116516,-0.6899130940437317,-0.024662718176841736,-0.2425437867641449,-0.29586905241012573,0.10701796412467957,-0.032379150390625,-0.06023663282394409,0.024590104818344116,0.16518785059452057,0.3080163896083832,0.45408904552459717,0.558100163936615,0.6422350406646729
0.770348846912384,0.7414045929908752,0.8803281784057617,0.93204265832901,0.9588687419891357,0.9699205160140991,0.9953203201293945,1.0414760112762451,1.109036922454834,1.1710622310638428,1.2306065559387207,1.2819819450378418,1.3115968704223633,1.2823039293289185,1.1980295181274414,1.1078557968139648,1.022937297821045,1.0252817869186401,0.8872836828231812,0.7222635746002197,0.13406062126159668,0.033597350120544434,-0.3180120587348938,0.11519837379455566,0.17123650014400482,0.4090399146080017,-0.4215281903743744,0.8827231526374817,-0.08078110218048096,-0.3875179886817932,-0.19732403755187988,-0.9652042984962463,-0.6969776153564453,0.02096623182296753,0.029139608144760132,-0.047068506479263306,-0.013730764389038086,0.11488604545593262,0.2853390872478485,0.4424980878829956,0.5867095589637756,0.6975669264793396,0.7789604067802429
0.7481226921081543,0.7276709675788879,0.8686308860778809,0.9341296553611755,0.9675754308700562,0.9788389801979065,1.0078091621398926,1.0573149919509888,1.1083135604858398,1.1725293397903442,1.221708059310913,1.2589330673217773,1.2834715843200684,1.2545595169067383,1.1559710502624512,1.0683870315551758,0.9981029033660889,1.0673812627792358,1.1327658891677856,0.5931357145309448,-0.058914005756378174,0.07778823375701904,-0.054981231689453125,-0.22132474184036255,0.07661199569702148,0.4700758755207062,0.08388224244117737,0.11017999053001404,-0.15605127811431885,-0.051746830344200134,-0.3385274410247803,-0.4232597351074219,-0.2852926254272461,0.029608488082885742,-0.04622960090637207,-0.038439035415649414,0.05518890917301178,0.22497229278087616,0.4108402729034424,0.5864041447639465,0.7251870036125183,0.8301851153373718,0.9339420795440674
0.748177707195282,0.7243267297744751,0.8663368821144104,0.9406483173370361,0.9647438526153564,0.9776324033737183,1.0254120826721191,1.0641131401062012,1.1137847900390625,1.1621427536010742,1.1965548992156982,1.214850664138794,1.2377939224243164,1.1922249794006348,1.1335879564285278,1.0464024543762207,0.9976430535316467,1.022892713546753,1.2078543901443481,0.5606521368026733,0.042726337909698486,0.03348839282989502,-0.1654135286808014,-0.03518393635749817,0.3625074326992035,0.3058769404888153,0.7141410708427429,-0.4129755198955536,-0.2303631603717804,-0.17322435975074768,-0.1896209418773651,-0.426718533039093,0.1258522868156433,-0.04334372282028198,-0.04207572340965271,0.005124151706695557,0.16927213966846466,0.36308199167251587,0.5687648057937622,0.7420475482940674,0.8735940456390381,0.9883789420127869,1.0779080390930176
0.7577807903289795,0.7321908473968506,0.8770071864128113,0.9260830879211426,0.9751129150390625,0.9841591119766235,1.0305547714233398,1.0638923645019531,1.0981003046035767,1.1377135515213013,1.1569559574127197,1.1867706775665283,1.1889691352844238,1.1592402458190918,1.0986347198486328,1.016015887260437,0.9951232671737671,1.04917311668396,1.2537133693695068,0.8511093854904175,0.49230605363845825,0.02571159601211548,0.21292239427566528,-0.09139317274093628,0.31824058294296265,0.14345645904541016,-0.4821872413158417,0.1991560459136963,-0.5687319040298462,-0.03401893377304077,-0.7143834233283997,-0.4803606867790222,-0.23136621713638306,-0.10140964388847351,0.040385663509368896,0.11218369007110596,0.3281094431877136,0.5506553649902344,0.7630406618118286,0.9230204820632935,1.0461527109146118,1.133944034576416,1.2121682167053223
0.7630380392074585,0.7506668567657471,0.9016832113265991,0.939363956451416,0.9810909032821655,0.9888314008712769,1.0352200269699097,1.0516443252563477,1.070218563079834,1.0868067741394043,1.106521487236023,1.1222383975982666,1.1186048984527588,1.1053358316421509,1.058408498764038,0.9978775978088379,0.9783853888511658,1.028617262840271,1.087356686592102,1.2321401834487915,0.5560379028320312,0.4028566777706146,0.38525182008743286,0.11490404605865479,-0.02374267578125,0.7171681523323059,-0.1720891296863556,0.9786402583122253,-0.3650006651878357,-0.07771998643875122,-0.43863800168037415,-0.301563560962677,-0.23491156101226807,-0.03812757134437561,0.20688728988170624,0.2609391510486603,0.5488150119781494,0.7918107509613037,0.9820218086242676,1.1363565921783447,1.2321809530258179,1.3028242588043213,1.3363463878631592
0.7794394493103027,0.7707873582839966,0.9270414710044861,0.9728471636772156,0.9852709770202637,0.9833508729934692,1.0083519220352173,1.013611912727356,1.0218119621276855,1.0315905809402466,1.052730917930603,1.0599900484085083,1.0457532405853271,1.0527993440628052,1.0001882314682007,0.983822226524353,0.9717087745666504,1.017227292060852,1.0433353185653687,1.2110203504562378,0.8218042850494385,0.5132491588592529,0.3012091815471649,-0.05009448528289795,-0.06965863704681396,0.08784645795822144,-0.3428846299648285,0.992782711982727,-0.20436012744903564,-0.14891433715820312,-0.35626113414764404,-0.21942850947380066,-0.0872839093208313,0.14378052949905396,0.4260333180427551,0.533911943435669,0.8472013473510742,1.0570979118347168,1.223376750946045,1.3438427448272705,1.4244567155838013,1.4681817293167114,1.475274682044983
0.8089478015899658,0.785079836845398,0.9350641369819641,0.9835745096206665,0.9798843860626221,0.9743945002555847,0.9582989811897278,0.9533869028091431,0.9752300977706909,0.9670133590698242,0.9740998148918152,0.9810590744018555,0.9895826578140259,0.9821664094924927,0.9627165794372559,0.9550685882568359,0.942081093788147,0.9620403051376343,0.9722169041633606,1.0108797550201416,0.8428506255149841,0.4667820930480957,0.26088929176330566,0.372467577457428,0.14706531167030334,0.255323588848114,1.1939797401428223,0.31547412276268005,-0.3265889883041382,-0.4006863832473755,-0.3228681683540344,-0.08317235112190247,0.16390490531921387,0.42391470074653625,0.7107793688774109,0.9560483694076538,1.1520700454711914,1.3201556205749512,1.4531140327453613,1.539501428604126,1.590165376663208,1.6010571718215942,1.6007156372070312
0.8276278376579285,0.7919508814811707,0.9371466040611267,0.9568636417388916,0.9625598788261414,0.9284611940383911,0.9018940925598145,0.9160875678062439,0.9036683440208435,0.9078495502471924,0.9125381112098694,0.905809760093689,0.8976089954376221,0.9084051847457886,0.8981273174285889,0.8936980366706848,0.8935062885284424,0.9141620993614197,0.9428107738494873,1.0540614128112793,0.9493837952613831,0.5037859678268433,0.3769742250442505,0.3442050814628601,0.09537625312805176,0.8301413059234619,0.45256507396698,-0.08688770234584808,-0.12020796537399292,-0.24968108534812927,-0.06361773610115051,0.21720543503761292,0.5231128931045532,0.8086931705474854,1.0403019189834595,1.2761427164077759,1.4472262859344482,1.5776162147521973,1.6484791040420532,1.6909043788909912,1.7263613939285278,1.722278118133545,1.702684760093689
0.8137797117233276,0.7849079370498657,0.9275524616241455,0.9450424313545227,0.914125919342041,0.8742122650146484,0.8514370918273926,0.8593786358833313,0.8416798710823059,0.8398699760437012,0.8526671528816223,0.8343368768692017,0.8160223960876465,0.8292331099510193,0.8116925954818726,0.8159708976745605,0.826353907585144,0.8607488870620728,0.893965482711792,0.9759434461593628,0.9712433218955994,0.5962209701538086,0.5628427863121033,0.219851553440094,0.2995155453681946,0.4090353846549988,1.1386572122573853,0.2809768319129944,0.08359605073928833,0.01865488290786743,0.31361761689186096,0.6448076367378235,0.9558078050613403,1.2209882736206055,1.4343955516815186,1.6152456998825073,1.7265775203704834,1.7926770448684692,1.8239891529083252,1.836134910583496,1.835404634475708,1.8364062309265137,1.7845783233642578
0.7865331172943115,0.7601478099822998,0.9024522304534912,0.9061959385871887,0.8633976578712463,0.8268465995788574,0.8095165491104126,0.79313725233078,0.7821936011314392,0.7748956680297852,0.7661466598510742,0.7484732866287231,0.7425227165222168,0.7396711111068726,0.7325750589370728,0.737765371799469,0.745866060256958,0.7687790393829346,0.8039585947990417,0.8659873008728027,0.8827203512191772,0.798290491104126,0.7673560380935669,0.42175865173339844,0.17436742782592773,0.148156076669693,1.6475093364715576,0.7237451672554016,0.26114827394485474,0.4620654582977295,0.8253434896469116,1.1636559963226318,1.4245320558547974,1.645702838897705,1.8006653785705566,1.9051563739776611,1.9682393074035645,1.9800376892089844,1.9702836275100708,1.9637436866760254,1.941488265991211,1.9061003923416138,1.8463335037231445
0.7556084394454956,0.7271151542663574,0.8591659069061279,0.8520499467849731,0.8188043236732483,0.788787305355072,0.7544389963150024,0.7383986711502075,0.730482816696167,0.7136440277099609,0.6782833337783813,0.6653807759284973,0.6641868352890015,0.6567285656929016,0.656697690486908,0.6488500833511353,0.6528285145759583,0.6888710856437683,0.725773274898529,0.7263233661651611,0.8105213642120361,0.5998440980911255,0.6207985281944275,0.6807262301445007,0.07689237594604492,0.45048263669013977,1.529300570487976,0.2516461908817291,0.6548529267311096,1.0843603610992432,1.446955680847168,1.7018564939498901,1.8728806972503662,2.0324506759643555,2.1157145500183105,2.1539101600646973,2.161752223968506,2.12666392326355,2.0781826972961426,2.0361595153808594,1.9990967512130737,1.9711506366729736,1.9137451648712158
0.7253309488296509,0.6963547468185425,0.8172217607498169,0.8047745227813721,0.7805653810501099,0.7466512322425842,0.6983214616775513,0.6664260029792786,0.6605836153030396,0.6337339878082275,0.6121047139167786,0.5954217910766602,0.581718921661377,0.5981468558311462,0.5946266651153564,0.580159068107605,0.583048939704895,0.5856693983078003,0.6155921816825867,0.6004601716995239,0.6209962368011475,0.6280257701873779,0.5401051044464111,0.47950857877731323,0.18481430411338806,0.41089510917663574,1.7942630052566528,1.0591810941696167,1.3449574708938599,1.760981559753418,2.0206174850463867,2.161135673522949,2.2553839683532715,2.3170435428619385,2.350322723388672,2.342351198196411,2.2946105003356934,2.20205020904541,2.1341848373413086,2.0871646404266357,2.0640807151794434,2.031038761138916,1.9679986238479614
0.6897386312484741,0.6597354412078857,0.7832003831863403,0.7743543386459351,0.7388997673988342,0.7015707492828369,0.6504331827163696,0.6165173053741455,0.6001501083374023,0.5723252892494202,0.560748815536499,0.5504727363586426,0.5238935947418213,0.5302210450172424,0.5066864490509033,0.5007219314575195,0.49585050344467163,0.5003038644790649,0.5101486444473267,0.525897741317749,0.552654504776001,0.5584756135940552,0.5780463218688965,0.6229077577590942,0.7314741015434265,0.6476947069168091,1.498643159866333,1.5435397624969482,1.9182085990905762,2.1678271293640137,2.3136701583862305,2.389904499053955,2.467158079147339,2.473071813583374,2.474121570587158,2.4465255737304688,2.3281726837158203,2.171860694885254,2.1472318172454834,2.147425651550293,2.115290403366089,2.065779209136963,2.004772663116455
0.6539520025253296,0.6224397420883179,0.7602497339248657,0.734467625617981,0.6878429651260376,0.6379385590553284,0.5883519649505615,0.5587021112442017,0.5477256178855896,0.5272409915924072,0.5221962928771973,0.4960084557533264,0.4763164818286896,0.46444082260131836,0.4457126259803772,0.41367778182029724,0.41303667426109314,0.42529332637786865,0.4242241084575653,0.45990869402885437,0.5138705372810364,0.5853733420372009,0.6919623613357544,0.9026276469230652,0.8946331739425659,0.915840744972229,1.2815651893615723,1.365299105644226,1.795082688331604,2.2269625663757324,2.420663356781006,2.5107262134552,2.547635316848755,2.5145273208618164,2.4858713150024414,2.5137081146240234,1.94183349609375,2.151240825653076,2.2371907234191895,2.2187037467956543,2.1545522212982178,2.0927133560180664,2.0314149856567383
0.6278759241104126,0.5865103602409363,0.7150524258613586,0.7006753087043762,0.6543172597885132,0.5903986096382141,0.5540633201599121,0.524009644985199,0.501069188117981,0.4766765236854553,0.46810615062713623,0.447439581155777,0.43608254194259644,0.397962749004364,0.3971512019634247,0.37237995862960815,0.353304386138916,0.35185182094573975,0.3695172369480133,0.4076012969017029,0.467807799577713,0.5685104131698608,0.727413535118103,0.913748025894165,1.2311482429504395,0.6802999377250671,0.818884015083313,1.0702195167541504,1.891495704650879,2.2893214225769043,2.460695505142212,2.5371289253234863,2.5689666271209717,2.5182132720947266,2.409465789794922,1.88267183303833,1.9651591777801514,2.3372251987457275,2.288036823272705,2.2207679748535156,2.165487289428711,2.101011037826538,2.0340278148651123
