wind_JJA_night_3x3.json
{"header": {"parameterCategory": 2, "parameterUnit": "m/s", "nx": 74, "ny": 94, "lo1": 118.693, "la1": 26.2568353691, "lo2": 123.2203272787, "la2": 21.0494, "dx": 0.0620181819, "dy": 0.0559939287, "refTime": "2025-01-01 00:00:00", "forecastTime": 0, "parameterNumber": 3}, "data":
[rows 38 to 56 of 94, columns 0 to 42 of 74]
1.968563437461853,2.0209436416625977,2.083158016204834,2.1260101795196533,2.178226947784424,2.2464101314544678,2.330371856689453,2.3817005157470703,2.451430082321167,2.504642963409424,2.5614852905273438,2.613598585128784,2.680565357208252,2.7276711463928223,2.786062717437744,2.837609052658081,2.9116580486297607,2.976759433746338,3.0741801261901855,3.2051050662994385,3.336360216140747,3.4500718116760254,3.555143117904663,3.639949083328247,3.7123873233795166,3.7813069820404053,3.7885069847106934,3.6324119567871094,2.306892156600952,1.6969819068908691,1.509015440940857,1.56377375125885,1.3906173706054688,0.5807287096977234,0.7939571142196655,1.7871689796447754,0.7651659846305847,0.07084858417510986,-0.261498361825943,-1.2022532224655151,-0.7551774978637695,-0.214869424700737,-0.2885096073150635
2.0173399448394775,2.0791194438934326,2.144425868988037,2.1806392669677734,2.249235153198242,2.3132712841033936,2.378082752227783,2.4440231323242188,2.5038270950317383,2.5521159172058105,2.6016786098480225,2.6532719135284424,2.698718786239624,2.7554426193237305,2.8046789169311523,2.8672404289245605,2.9224729537963867,2.993346929550171,3.099069595336914,3.2391598224639893,3.3780550956726074,3.494352340698242,3.6036229133605957,3.6503937244415283,3.717674970626831,3.747371196746826,3.700890302658081,3.2680320739746094,1.7795251607894897,1.6233477592468262,1.4776827096939087,1.1967778205871582,1.1623040437698364,0.8115650415420532,0.3177576959133148,-0.7960303425788879,-0.8729126453399658,-0.8281809687614441,0.20498764514923096,0.550398588180542,-0.10318795591592789,-0.843151330947876,-1.0267400741577148
2.0674877166748047,2.140735387802124,2.212397575378418,2.255398988723755,2.325709104537964,2.375455379486084,2.4440574645996094,2.500403881072998,2.5423269271850586,2.582000732421875,2.6270856857299805,2.684497833251953,2.735274076461792,2.786438465118408,2.8321337699890137,2.872279405593872,2.9172091484069824,3.002223491668701,3.1318893432617188,3.265644073486328,3.401505947113037,3.524641275405884,3.6035852432250977,3.6618611812591553,3.6960723400115967,3.689185380935669,3.539731025695801,2.3793082237243652,1.6355482339859009,1.4682918787002563,1.523675799369812,1.5715655088424683,1.2118836641311646,1.0032176971435547,-0.0025714479852467775,-0.23259666562080383,0.647188663482666,-0.18020352721214294,-0.8453355431556702,-1.5594816207885742,-0.9335898160934448,-0.98625648021698,-2.454995632171631
2.1528196334838867,2.2304186820983887,2.306105613708496,2.329796075820923,2.4031260013580322,2.4465692043304443,2.4975831508636475,2.538588285446167,2.571964740753174,2.6067399978637695,2.6663992404937744,2.713484525680542,2.74489164352417,2.7857656478881836,2.812926769256592,2.8548483848571777,2.914374828338623,3.013660430908203,3.1435298919677734,3.2745614051818848,3.4117813110351562,3.533886194229126,3.6382336616516113,3.6737265586853027,3.6601614952087402,3.590610980987549,3.314922332763672,1.748410701751709,1.749434232711792,1.5528252124786377,1.3990013599395752,1.5829496383666992,0.8700006604194641,0.7706150412559509,0.03275931626558304,0.8065796494483948,0.08994893729686737,-0.3054054081439972,0.660835862159729,-0.24894092977046967,-0.6548163890838623,-0.7115151882171631,0.4908437132835388
2.2370145320892334,2.308720111846924,2.380307674407959,2.412231206893921,2.471238374710083,2.5084726810455322,2.5487656593322754,2.5837161540985107,2.6222124099731445,2.6657402515411377,2.6790926456451416,2.703115463256836,2.734994649887085,2.755854368209839,2.7880306243896484,2.8349664211273193,2.895686149597168,3.005603790283203,3.133612632751465,3.288351535797119,3.428534507751465,3.558089256286621,3.6184511184692383,3.6731529235839844,3.57730770111084,3.3942646980285645,2.614201784133911,1.7403535842895508,1.7446303367614746,1.4019551277160645,1.4570798873901367,1.115161418914795,0.5964766144752502,0.15479153394699097,0.15839910507202148,0.7133374810218811,0.9591594934463501,0.4238207936286926,-0.9927660226821899,0.49899208545684814,0.7121638059616089,-0.2870263457298279,-1.6612319946289062
2.3233022689819336,2.394824981689453,2.46420955657959,2.4893903732299805,2.529623031616211,2.5703682899475098,2.5958051681518555,2.642636775970459,2.6619255542755127,2.670149803161621,2.682307720184326,2.690927505493164,2.7090680599212646,2.734788656234741,2.772824764251709,2.807619333267212,2.873175859451294,3.009850025177002,3.14786696434021,3.3078434467315674,3.4486191272735596,3.538454055786133,3.6070849895477295,3.625166654586792,3.4165215492248535,3.0661094188690186,1.7148873805999756,1.7286566495895386,1.7027901411056519,1.230992078781128,1.3833465576171875,1.4222339391708374,1.159834384918213,1.335435152053833,0.6087741851806641,0.049574900418519974,0.16795861721038818,0.598106861114502,-0.33727917075157166,0.046083368360996246,0.35435017943382263,0.041013315320014954,-1.245439052581787
2.4034223556518555,2.474647045135498,2.536607265472412,2.542736291885376,2.5695109367370605,2.614164113998413,2.641404867172241,2.6712889671325684,2.6666438579559326,2.6896462440490723,2.686549663543701,2.6830925941467285,2.701550245285034,2.7155115604400635,2.7279820442199707,2.7587766647338867,2.840117931365967,3.001112461090088,3.164781093597412,3.317291259765625,3.444596767425537,3.5166893005371094,3.597783088684082,3.5649373531341553,3.194658041000366,1.6739997863769531,1.7622075080871582,1.8291836977005005,1.594160556793213,1.3116369247436523,1.0765430927276611,0.6749655604362488,-0.07274052500724792,1.1115655899047852,0.547480046749115,-0.8641278743743896,-0.6413359642028809,-0.9804301261901855,0.1560792624950409,-0.6847075819969177,-1.1875436305999756,-1.07540762424469,-1.6280386447906494
2.4786224365234375,2.536750078201294,2.5915753841400146,2.5943636894226074,2.6193628311157227,2.6497199535369873,2.675513982772827,2.6751503944396973,2.6891372203826904,2.6849865913391113,2.6695454120635986,2.674236297607422,2.670332193374634,2.6683104038238525,2.6869211196899414,2.63877534866333,2.7976391315460205,2.9911749362945557,3.171853542327881,3.320854902267456,3.414118766784668,3.5062479972839355,3.5624632835388184,3.4460396766662598,3.0709750652313232,1.6734751462936401,1.69536554813385,1.7365639209747314,1.3505061864852905,1.2350808382034302,1.0057048797607422,0.75935959815979,0.385364294052124,0.911003828048706,0.8414579033851624,0.6313149929046631,0.5194482207298279,0.6828242540359497,0.0979260504245758,-0.8172466158866882,-1.1965343952178955,-0.30596527457237244,0.47291406989097595
2.5516815185546875,2.6064603328704834,2.6514596939086914,2.665142774581909,2.666444778442383,2.6904964447021484,2.705634593963623,2.6898512840270996,2.67938232421875,2.6630468368530273,2.643354654312134,2.653134822845459,2.645231246948242,2.604530096054077,2.6396379470825195,2.4440155029296875,2.722245454788208,2.999418020248413,3.188849925994873,3.315070390701294,3.4098105430603027,3.4976730346679688,3.5382232666015625,3.3426694869995117,2.2579617500305176,1.6373040676116943,1.7295674085617065,1.6912014484405518,1.319384217262268,1.01424241065979,1.185878038406372,0.05484989285469055,0.5604987144470215,0.9511851072311401,0.7044585943222046,0.030517226085066795,-0.2122763842344284,-0.4343389868736267,0.1213289126753807,0.126569464802742,0.5942065119743347,-0.6445645689964294,-0.9091129302978516
2.618551254272461,2.6656789779663086,2.7045183181762695,2.723545551300049,2.7293124198913574,2.7304329872131348,2.7150802612304688,2.7079806327819824,2.6805591583251953,2.647789478302002,2.6443259716033936,2.640885353088379,2.640756607055664,2.420071601867676,2.54988431930542,2.2179133892059326,2.624048948287964,3.031309127807617,3.191516399383545,3.2968335151672363,3.38753342628479,3.4718871116638184,3.496321439743042,3.263361930847168,1.664196491241455,1.637099027633667,1.7446377277374268,1.6403563022613525,1.3437654972076416,1.4545214176177979,1.5949262380599976,1.1254388093948364,0.7954398393630981,0.5696735382080078,0.7489956617355347,0.10630626976490021,-0.5188562870025635,-0.2032843679189682,0.11734600365161896,0.8869234919548035,0.5232646465301514,0.232087180018425,-0.01679975911974907
2.685863971710205,2.727038860321045,2.763185977935791,2.753826141357422,2.742175579071045,2.733384370803833,2.7262496948242188,2.694274425506592,2.6881771087646484,2.64410662651062,2.635471820831299,2.6127166748046875,2.616915225982666,2.7011661529541016,1.8948451280593872,1.3368440866470337,2.6432063579559326,3.0739126205444336,3.1773362159729004,3.2702884674072266,3.351073741912842,3.4358136653900146,3.4452247619628906,3.2946226596832275,1.6000268459320068,1.5972051620483398,1.6671470403671265,1.6728708744049072,1.1340975761413574,1.5662121772766113,1.6915568113327026,1.7560069561004639,-0.07930058240890503,-0.6382901668548584,-0.377297967672348,-0.07136968523263931,0.09493738412857056,-0.17953217029571533,-0.6394757032394409,-1.3165593147277832,-0.575208306312561,-1.2783101797103882,-0.3881111741065979
2.7384440898895264,2.773353099822998,2.8015990257263184,2.7831358909606934,2.770969867706299,2.75038480758667,2.7423670291900635,2.712181329727173,2.6764416694641113,2.6402652263641357,2.626629114151001,2.610866069793701,2.6200904846191406,2.6281578540802,2.8286099433898926,2.7886438369750977,2.939295768737793,3.073499917984009,3.1713411808013916,3.244342565536499,3.323256492614746,3.382939577102661,3.360995292663574,2.9511961936950684,1.5598441362380981,1.4976779222488403,1.61512291431427,1.4586737155914307,1.2418404817581177,0.7720692157745361,0.5279625058174133,0.5354786515235901,1.8201894760131836,0.29877448081970215,-0.1769859492778778,-0.24776050448417664,0.528228223323822,-0.5600982308387756,0.3757742643356323,0.23787625133991241,-0.6557995080947876,-0.5075608491897583,-0.833452045917511
2.7773101329803467,2.79990291595459,2.819446563720703,2.8002805709838867,2.777578592300415,2.7581522464752197,2.7342493534088135,2.7124319076538086,2.6776421070098877,2.6555967330932617,2.640842914581299,2.635392904281616,2.634819984436035,2.623717784881592,2.7825522422790527,2.8872835636138916,2.959982395172119,3.0571398735046387,3.1443262100219727,3.209230661392212,3.26631498336792,3.3008956909179688,3.249485969543457,3.0953497886657715,1.8484997749328613,1.2420741319656372,1.5888386964797974,1.5771068334579468,1.322422742843628,1.051438331604004,0.6624736785888672,-0.12716513872146606,0.039677731692790985,0.2611692249774933,-0.3207680881023407,0.8505117893218994,0.37660425901412964,0.3157837390899658,-0.6900010108947754,-1.4843862056732178,-0.37765181064605713,-0.29235419631004333,-1.0201836824417114
2.799452066421509,2.8156771659851074,2.830080509185791,2.809142827987671,2.779038429260254,2.7539329528808594,2.7400107383728027,2.7141292095184326,2.695983648300171,2.6741631031036377,2.688628673553467,2.649650812149048,2.6769118309020996,2.5163450241088867,2.778106212615967,2.878026247024536,2.975059747695923,3.0712900161743164,3.151836633682251,3.194702625274658,3.224402904510498,3.227332353591919,3.120516777038574,2.8156206607818604,1.4690361022949219,1.4717319011688232,1.522020697593689,1.5642199516296387,1.2304942607879639,0.9593032598495483,0.48808223009109497,1.2890164852142334,0.4168221354484558,0.3313010036945343,0.21906067430973053,-1.127915620803833,-0.7912791967391968,-0.9749952554702759,-1.8794617652893066,-1.0623931884765625,-1.4380322694778442,-0.6656601428985596,-0.09261692315340042
2.8105344772338867,2.8166792392730713,2.8227505683898926,2.7943115234375,2.761763095855713,2.744159698486328,2.740316390991211,2.7326412200927734,2.7189993858337402,2.7160441875457764,2.6935973167419434,2.6887564659118652,2.7033987045288086,2.17587947845459,2.8443498611450195,2.9383063316345215,3.015148878097534,3.0701355934143066,3.13126540184021,3.1646347045898438,3.1671462059020996,3.1460189819335938,2.9785637855529785,2.403815507888794,1.7335209846496582,1.3887817859649658,1.2891024351119995,1.6300787925720215,1.4045403003692627,1.0168242454528809,1.857039451599121,-0.3215448558330536,-0.8617085218429565,-0.08872812986373901,-1.089586853981018,-0.1746673732995987,-1.1136512756347656,0.18510863184928894,0.01742124930024147,0.07833614945411682,0.31750816106796265,-0.6810230016708374,-0.35579171776771545
2.8188705444335938,2.820085287094116,2.8191521167755127,2.7898330688476562,2.7651219367980957,2.7400283813476562,2.738628387451172,2.748629570007324,2.7373979091644287,2.7449707984924316,2.746227264404297,2.7302370071411133,2.734846591949463,2.805457353591919,2.8904011249542236,2.97591495513916,3.030250072479248,3.0709314346313477,3.0965757369995117,3.099022626876831,3.0860633850097656,3.0425009727478027,2.8377506732940674,2.1535425186157227,1.2302467823028564,1.4061814546585083,1.171159029006958,1.4147348403930664,1.2734692096710205,1.2831966876983643,0.5770845413208008,-0.568286657333374,-0.521277129650116,-0.808965802192688,0.640216052532196,-0.8568439483642578,-0.6055895090103149,-0.1528363674879074,0.40737059712409973,-0.2012738138437271,-0.4068296253681183,-0.10377912223339081,-0.6984217166900635
2.8294904232025146,2.8257601261138916,2.826270580291748,2.786322593688965,2.775566816329956,2.753324508666992,2.7500038146972656,2.755582809448242,2.770043134689331,2.773387908935547,2.796739339828491,2.7721738815307617,2.657123565673828,2.8771328926086426,2.9579544067382812,3.0296504497528076,3.0691747665405273,3.073361396789551,3.0707359313964844,3.0523974895477295,3.0429086685180664,2.970752239227295,2.636134386062622,1.936609148979187,0.932453453540802,1.2552589178085327,1.133854866027832,1.4485087394714355,0.994644820690155,0.7710685729980469,-1.021142840385437,0.9203164577484131,0.2860611379146576,-0.4442678689956665,-0.8491277098655701,-0.13265164196491241,0.03838777169585228,-2.1910510063171387,-1.6192851066589355,-0.16258563101291656,0.3703063130378723,0.5229595899581909,-0.11934323608875275
2.840169668197632,2.8326942920684814,2.838775634765625,2.805920124053955,2.779008388519287,2.7813777923583984,2.775146961212158,2.764734983444214,2.7761309146881104,2.7876431941986084,2.832956314086914,2.862516403198242,2.8537473678588867,2.967878580093384,3.008749008178711,3.059260845184326,3.094616413116455,3.0869760513305664,3.0592637062072754,3.0088837146759033,2.9708762168884277,2.8792049884796143,2.578714609146118,1.0699782371520996,1.0606410503387451,0.9200792908668518,1.0857291221618652,1.0263447761535645,0.7350656986236572,-1.1308684349060059,0.7153174877166748,-0.47975486516952515,0.2624775767326355,-0.3833628296852112,-0.5046379566192627,-0.01394466683268547,-1.600820779800415,0.19586166739463806,-0.5823444724082947,-1.0329859256744385,-0.9341793656349182,-0.3846698999404907,-0.08131924271583557
2.8458304405212402,2.8439996242523193,2.861877202987671,2.8469724655151367,2.8231167793273926,2.821592330932617,2.815152645111084,2.828341007232666,2.8288302421569824,2.8499655723571777,2.8743972778320312,2.9270265102386475,2.986457109451294,3.033031940460205,3.071542978286743,3.1000795364379883,3.1164190769195557,3.103466749191284,3.050041675567627,2.992489814758301,2.926048755645752,2.8161559104919434,2.494356155395508,1.3309437036514282,0.8255152702331543,0.7344634532928467,0.746539294719696,0.39607346057891846,-0.23510658740997314,0.3577103018760681,0.05007949098944664,-0.5350905656814575,0.031212270259857178,-0.6989038586616516,-0.12143652886152267,-0.8094877600669861,-1.916308879852295,-0.5404233932495117,-0.18747471272945404,-0.410804808139801,-0.4989757239818573,-0.4450826048851013,0.2503436505794525
