wind_DJF_day_3x3.json
{"header": {"parameterCategory": 2, "parameterUnit": "m/s", "nx": 74, "ny": 94, "lo1": 118.693, "la1": 26.2568353691, "lo2": 123.2203272787, "la2": 21.0494, "dx": 0.0620181819, "dy": 0.0559939287, "refTime": "2025-01-01 00:00:00", "forecastTime": 0, "parameterNumber": 3}, "data":
[rows 0 to 18 of 94, columns 0 to 42 of 74]
0.052087247371673584,0.1438288688659668,0.3424740731716156,1.160661220550537,1.0607584714889526,1.2168508768081665,0.45587587356567383,-0.21538926661014557,-0.6205055713653564,-0.9094572067260742,-0.8596459627151489,-0.6585524082183838,-0.33920568227767944,-0.6153529286384583,-0.7392673492431641,-1.745346188545227,-2.2889463901519775,-2.7525253295898438,-4.409754753112793,-6.951826095581055,-6.941350936889648,-6.881035327911377,-7.311709880828857,-7.591496467590332,-7.765518665313721,-7.927475929260254,-8.054821014404297,-8.184196472167969,-8.255961418151855,-8.28525161743164,-8.280662536621094,-8.244800567626953,-8.174322128295898,-8.073976516723633,-7.948387145996094,-7.80678653717041,-7.673213481903076,-7.538729667663574,-7.401280403137207,-7.2596893310546875,-7.123561382293701,-7.00148868560791,-6.888742923736572
0.43143510818481445,0.3203750252723694,0.23097655177116394,0.38532355427742004,0.6550160050392151,1.0141336917877197,1.154656171798706,0.9139410257339478,0.5368891954421997,-0.21729902923107147,-0.5938645005226135,-0.8570151925086975,-0.9050044417381287,-1.0260906219482422,-1.3391202688217163,-2.5503809452056885,-4.013312816619873,-4.573812484741211,-5.887622833251953,-7.180286407470703,-7.1644439697265625,-7.228359699249268,-7.5628275871276855,-7.762111663818359,-7.895541191101074,-8.03957748413086,-8.15788459777832,-8.251519203186035,-8.29935359954834,-8.305903434753418,-8.282272338867188,-8.227603912353516,-8.138870239257812,-8.021578788757324,-7.88435173034668,-7.741596221923828,-7.611398696899414,-7.483559608459473,-7.3448686599731445,-7.200058460235596,-7.070840835571289,-6.951403617858887,-6.835748672485352
0.2903537154197693,0.04000785946846008,-0.20056575536727905,-0.14196428656578064,0.12162347137928009,0.420794814825058,0.6001080870628357,0.8749356865882874,0.576437771320343,0.011676098220050335,-0.6050281524658203,-1.0762481689453125,-1.2002527713775635,-1.199357032775879,-1.775761365890503,-3.08400559425354,-4.957529067993164,-5.5504608154296875,-6.511981010437012,-7.258169651031494,-7.105738162994385,-7.458279609680176,-7.7515645027160645,-7.901901721954346,-8.009981155395508,-8.135614395141602,-8.233654022216797,-8.301743507385254,-8.327964782714844,-8.319089889526367,-8.27946662902832,-8.206275939941406,-8.102137565612793,-7.973779201507568,-7.833887577056885,-7.699305534362793,-7.573694229125977,-7.444708347320557,-7.307248115539551,-7.170759201049805,-7.046238422393799,-6.927585124969482,-6.812559127807617
-0.45792579650878906,-0.7739928364753723,-0.9559322595596313,-0.662186861038208,-0.3788719177246094,-0.2012985497713089,-0.040209781378507614,0.22757689654827118,0.1681688129901886,-0.08146031200885773,-0.5863281488418579,-1.2907209396362305,-0.90631103515625,-1.4358339309692383,-2.4388062953948975,-3.25740385055542,-5.194917678833008,-5.807384490966797,-6.707791328430176,-7.211478233337402,-6.9464802742004395,-7.614145755767822,-7.848469257354736,-7.962695598602295,-8.069774627685547,-8.178731918334961,-8.254783630371094,-8.294464111328125,-8.303725242614746,-8.283561706542969,-8.225851058959961,-8.14028549194336,-8.028327941894531,-7.891291618347168,-7.762642860412598,-7.640496253967285,-7.508424758911133,-7.3703203201293945,-7.237882614135742,-7.117706298828125,-7.003035068511963,-6.888233184814453,-6.7757391929626465
-0.9408900737762451,-0.9931882619857788,-0.8301022052764893,-0.580843985080719,-0.7966576814651489,-0.6113664507865906,-0.3864535093307495,-0.02853204682469368,0.2507012188434601,-0.08356355875730515,-0.35804450511932373,-0.7173994779586792,-2.258671283721924,-2.0084216594696045,-2.0218284130096436,-4.598676681518555,-5.624476432800293,-6.2831926345825195,-7.0068583488464355,-7.259326934814453,-7.508155822753906,-7.822854518890381,-7.99658727645874,-8.10222339630127,-8.206273078918457,-8.286916732788086,-8.33308219909668,-8.347469329833984,-8.33361530303955,-8.28380298614502,-8.209147453308105,-8.107696533203125,-7.979657173156738,-7.8475751876831055,-7.7254815101623535,-7.599169731140137,-7.4695868492126465,-7.337482929229736,-7.20527458190918,-7.086174964904785,-6.978061199188232,-6.86333703994751,-6.741977691650391
-1.0670207738876343,-0.8246363401412964,-0.504001796245575,-0.4706668257713318,-0.4716634154319763,-0.8720731735229492,-1.5946681499481201,-0.5061299800872803,-0.47654467821121216,-0.3993396759033203,-0.05669794976711273,-0.5317623019218445,-0.8363722562789917,-3.621397018432617,-2.7426419258117676,-2.649557590484619,-5.087100505828857,-6.728620529174805,-7.215185165405273,-7.4567551612854,-7.655668258666992,-7.956116676330566,-8.115975379943848,-8.234298706054688,-8.326685905456543,-8.386899948120117,-8.40693187713623,-8.395125389099121,-8.357565879821777,-8.281108856201172,-8.193338394165039,-8.078850746154785,-7.950714111328125,-7.831660270690918,-7.707303524017334,-7.576862335205078,-7.443976402282715,-7.311334609985352,-7.18059778213501,-7.067296504974365,-6.956448554992676,-6.822225570678711,-6.6950201988220215
-0.578825056552887,-0.42656582593917847,-0.28347957134246826,-0.08805806934833527,0.19831958413124084,0.5389717817306519,-0.12661491334438324,-1.1815584897994995,-1.2935316562652588,-1.0565696954727173,-1.050650954246521,-1.6127769947052002,-2.4795877933502197,-1.0550777912139893,-3.700657844543457,-3.3230068683624268,-5.935929775238037,-7.162621974945068,-7.445180416107178,-7.703390598297119,-7.977710247039795,-8.359978675842285,-8.255949020385742,-8.362085342407227,-8.436978340148926,-8.46542739868164,-8.461919784545898,-8.440841674804688,-8.371796607971191,-8.288862228393555,-8.182121276855469,-8.065048217773438,-7.943044662475586,-7.82226037979126,-7.695417404174805,-7.553534984588623,-7.418715000152588,-7.281111240386963,-7.163621425628662,-7.042857646942139,-6.910658836364746,-6.778850555419922,-6.6568498611450195
-0.3990313410758972,-0.365665078163147,-0.346078097820282,-0.03848278149962425,0.6707586050033569,0.7506498098373413,0.6365282535552979,-1.516510248184204,-1.760119915008545,-1.7018027305603027,-1.723031759262085,-2.0192160606384277,-2.096000909805298,-1.9992272853851318,-3.0425400733947754,-4.689358711242676,-7.275723934173584,-7.452845573425293,-7.693749904632568,-7.915653228759766,-7.954109191894531,-8.36697769165039,-8.390626907348633,-8.481700897216797,-8.530609130859375,-8.538110733032227,-8.522703170776367,-8.473121643066406,-8.388846397399902,-8.294591903686523,-8.183218955993652,-8.068279266357422,-7.944117546081543,-7.823179721832275,-7.682166576385498,-7.543125629425049,-7.403363227844238,-7.2713117599487305,-7.153499603271484,-7.016355514526367,-6.869510650634766,-6.739524841308594,-6.609735488891602
-0.5472142696380615,-0.663338303565979,-0.8844790458679199,-1.232985258102417,-1.9138460159301758,-0.6752132177352905,-1.183160662651062,-2.2023398876190186,-1.483769416809082,-2.071765422821045,-3.8974366188049316,-3.4254207611083984,-3.0898683071136475,-2.634793996810913,-2.127257823944092,-6.269895076751709,-7.379807949066162,-7.70590877532959,-7.923125267028809,-8.089031219482422,-8.210969924926758,-8.442069053649902,-8.51618766784668,-8.595893859863281,-8.615236282348633,-8.609931945800781,-8.569136619567871,-8.502402305603027,-8.410148620605469,-8.303083419799805,-8.196334838867188,-8.080501556396484,-7.951094150543213,-7.8162760734558105,-7.6761322021484375,-7.531339645385742,-7.393161296844482,-7.264193058013916,-7.123222827911377,-6.97567081451416,-6.831621170043945,-6.691837787628174,-6.549407005310059
-0.3844532072544098,-0.7328072786331177,-1.4034062623977661,-1.7977135181427002,-1.54485023021698,-1.7070814371109009,-1.7324607372283936,-1.8368604183197021,-1.5027105808258057,-2.524702548980713,-2.6645257472991943,-2.5707030296325684,-4.301826477050781,-5.396266460418701,-5.786310195922852,-7.338571548461914,-7.770029544830322,-7.9996337890625,-8.147058486938477,-8.27563762664795,-8.403308868408203,-8.565091133117676,-8.638885498046875,-8.690523147583008,-8.695429801940918,-8.67238712310791,-8.621089935302734,-8.532149314880371,-8.4288330078125,-8.326589584350586,-8.214006423950195,-8.087841033935547,-7.9554762840271,-7.818121910095215,-7.675994396209717,-7.53013277053833,-7.39329719543457,-7.246383190155029,-7.099401473999023,-6.93923282623291,-6.795636177062988,-6.643710136413574,-6.506193161010742
-0.42678940296173096,-0.9453835487365723,-1.1627390384674072,-1.2277015447616577,-0.7549353837966919,-1.405944585800171,-2.4054250717163086,-0.24561269581317902,-0.2310158908367157,-3.538522243499756,-1.7903600931167603,-2.3181886672973633,-2.21954083442688,-3.516815185546875,-6.503361701965332,-8.780768394470215,-8.312151908874512,-8.262727737426758,-8.346467971801758,-8.463910102844238,-8.580268859863281,-8.699732780456543,-8.760953903198242,-8.790153503417969,-8.780853271484375,-8.740948677062988,-8.661828994750977,-8.570280075073242,-8.4695405960083,-8.358688354492188,-8.232009887695312,-8.106782913208008,-7.970627784729004,-7.832012176513672,-7.687015533447266,-7.5345282554626465,-7.387062072753906,-7.235077857971191,-7.067205429077148,-6.908816337585449,-6.755890369415283,-6.611053943634033,-6.456730842590332
-1.2761998176574707,-1.3831534385681152,-1.658603310585022,-0.8337007164955139,-0.5285012722015381,-1.629098653793335,-2.386503219604492,-2.236271381378174,-2.711744785308838,-2.518310546875,-3.7644731998443604,-3.6363205909729004,-2.1828091144561768,-4.399538516998291,-7.545861721038818,-9.003349304199219,-8.460740089416504,-7.95950984954834,-8.29385757446289,-8.583634376525879,-8.747651100158691,-8.83967399597168,-8.877578735351562,-8.886804580688477,-8.868966102600098,-8.814570426940918,-8.725274085998535,-8.614866256713867,-8.504100799560547,-8.385236740112305,-8.274603843688965,-8.142342567443848,-7.998614311218262,-7.856385231018066,-7.70206880569458,-7.537688255310059,-7.378023147583008,-7.211694240570068,-7.040307521820068,-6.89039421081543,-6.718822956085205,-6.5679168701171875,-6.403886318206787
-1.706085205078125,-1.803139090538025,-1.9402601718902588,-0.719494104385376,-1.534102439880371,-2.194697856903076,-1.8104444742202759,-2.2765655517578125,-1.3573229312896729,-3.473766565322876,-3.2256669998168945,-2.897177219390869,-3.0585358142852783,-6.553731918334961,-8.40099811553955,-9.01800537109375,-8.567951202392578,-6.479376792907715,-6.786374092102051,-8.76162052154541,-8.910661697387695,-8.990377426147461,-9.005111694335938,-8.99819564819336,-8.95985221862793,-8.883262634277344,-8.781501770019531,-8.654088973999023,-8.54832935333252,-8.436223030090332,-8.310068130493164,-8.173895835876465,-8.027848243713379,-7.877220153808594,-7.710875511169434,-7.5429182052612305,-7.370357513427734,-7.192330837249756,-7.0282721519470215,-6.853135108947754,-6.681264400482178,-6.517588138580322,-6.347404956817627
-1.5130501985549927,-1.5654183626174927,-1.4223581552505493,-1.0217278003692627,-1.9561622142791748,-1.6768430471420288,-1.0967938899993896,-2.1178054809570312,-3.680765390396118,-4.979310989379883,-4.057236194610596,-3.5689005851745605,-4.52100944519043,-6.70065975189209,-6.4164228439331055,-8.824512481689453,-7.980315208435059,-6.2312493324279785,-7.275627613067627,-9.436381340026855,-9.187948226928711,-9.162773132324219,-9.147554397583008,-9.120476722717285,-9.052389144897461,-8.957473754882812,-8.838654518127441,-8.723819732666016,-8.612777709960938,-8.490187644958496,-8.360036849975586,-8.212381362915039,-8.0594482421875,-7.89928674697876,-7.726035118103027,-7.5519208908081055,-7.3752055168151855,-7.198933124542236,-7.024197578430176,-6.826021671295166,-6.641077995300293,-6.456818103790283,-6.27724027633667
-0.9070637226104736,-1.3435118198394775,-1.1631903648376465,-1.7367597818374634,-1.7543762922286987,-0.28538045287132263,-0.9541603922843933,-1.379822015762329,-2.5074939727783203,-4.084488391876221,-4.458823204040527,-5.2505035400390625,-6.363042831420898,-5.852312088012695,-6.135205268859863,-8.625337600708008,-7.142110824584961,-5.470434188842773,-9.157079696655273,-9.664515495300293,-9.444181442260742,-9.36001968383789,-9.294888496398926,-9.229689598083496,-9.13426399230957,-9.02645492553711,-8.911178588867188,-8.797986030578613,-8.688547134399414,-8.551791191101074,-8.41047191619873,-8.254201889038086,-8.09857177734375,-7.931126594543457,-7.75133752822876,-7.564934730529785,-7.385753154754639,-7.208600044250488,-7.012689113616943,-6.813403129577637,-6.613181114196777,-6.417369842529297,-6.214389324188232
-0.50145024061203,-1.0856291055679321,-1.1909983158111572,-1.8725941181182861,-1.5249073505401611,-0.7453755140304565,-0.920400083065033,-1.6955050230026245,-3.9318506717681885,-4.79467248916626,-5.471832275390625,-6.879687309265137,-6.818099021911621,-5.845454216003418,-7.225214004516602,-7.153897285461426,-7.468847274780273,-6.375589847564697,-8.942790031433105,-9.73106861114502,-9.647882461547852,-9.540363311767578,-9.443428039550781,-9.337251663208008,-9.226903915405273,-9.107343673706055,-8.995001792907715,-8.887407302856445,-8.762725830078125,-8.627275466918945,-8.475641250610352,-8.320068359375,-8.158400535583496,-7.972850799560547,-7.788862228393555,-7.599773406982422,-7.416528224945068,-7.215902805328369,-7.013180732727051,-6.803350925445557,-6.592669486999512,-6.373514175415039,-6.144636154174805
-0.7949075698852539,-1.2315586805343628,-1.5913047790527344,-1.6081624031066895,-1.2929563522338867,-1.7386819124221802,-1.653273344039917,-2.824021100997925,-4.774385452270508,-5.219953536987305,-6.622400760650635,-7.240345001220703,-7.433411121368408,-7.157939434051514,-9.37824821472168,-7.179391860961914,-7.765484809875488,-8.655858993530273,-9.68575382232666,-9.865346908569336,-9.800393104553223,-9.695568084716797,-9.575499534606934,-9.451717376708984,-9.325124740600586,-9.198386192321777,-9.087135314941406,-8.976154327392578,-8.847711563110352,-8.703275680541992,-8.554974555969238,-8.390542984008789,-8.218429565429688,-8.033587455749512,-7.841606616973877,-7.657564163208008,-7.462267875671387,-7.246063709259033,-7.023621559143066,-6.813742637634277,-6.581707954406738,-6.336359024047852,-6.100730895996094
-1.1448785066604614,-1.4144724607467651,-1.530601978302002,-2.427154779434204,-2.2073721885681152,-2.548313856124878,-2.978365898132324,-4.044541358947754,-4.462902069091797,-5.661240577697754,-6.609182357788086,-7.447158336639404,-7.7233476638793945,-8.526128768920898,-8.612394332885742,-8.465209007263184,-7.579307556152344,-9.483001708984375,-9.911263465881348,-9.97808837890625,-9.91093921661377,-9.81580924987793,-9.696943283081055,-9.569007873535156,-9.431375503540039,-9.30588150024414,-9.19377613067627,-9.068180084228516,-8.942777633666992,-8.787391662597656,-8.630267143249512,-8.469734191894531,-8.297296524047852,-8.109086990356445,-7.917631149291992,-7.721420764923096,-7.51551628112793,-7.293587684631348,-7.063929557800293,-6.83320426940918,-6.601362705230713,-6.36116886138916,-6.1025800704956055
-1.3022972345352173,-1.3198487758636475,-1.9909510612487793,-1.575408697128296,-2.259871006011963,-3.485787868499756,-3.768930435180664,-4.396825790405273,-5.271144866943359,-6.466379165649414,-5.687226295471191,-7.84804630279541,-8.167129516601562,-9.117579460144043,-8.173425674438477,-8.859217643737793,-9.050235748291016,-9.868520736694336,-10.067591667175293,-10.077583312988281,-10.02182388305664,-9.932695388793945,-9.806968688964844,-9.684450149536133,-9.543634414672852,-9.41851806640625,-9.302769660949707,-9.181317329406738,-9.041751861572266,-8.888616561889648,-8.734054565429688,-8.55833911895752,-8.391352653503418,-8.206859588623047,-8.002484321594238,-7.792477607727051,-7.589162826538086,-7.358767986297607,-7.143754959106445,-6.9200005531311035,-6.696253776550293,-6.473854064941406,-6.229270935058594
