wind_DJF_avg_3x3.json
{"header": {"parameterCategory": 2, "parameterUnit": "m/s", "nx": 74, "ny": 94, "lo1": 118.693, "la1": 26.2568353691, "lo2": 123.2203272787, "la2": 21.0494, "dx": 0.0620181819, "dy": 0.0559939287, "refTime": "2025-01-01 00:00:00", "forecastTime": 0, "parameterNumber": 3}, "data":
[rows 19 to 37 of 94, columns 0 to 42 of 74]
-1.926002860069275,-1.9150471687316895,-2.177899122238159,-2.214081287384033,-4.731459617614746,-4.492559432983398,-5.374033451080322,-6.822813987731934,-5.397951126098633,-4.244523048400879,-8.16336441040039,-9.026018142700195,-8.877979278564453,-8.077341079711914,-9.073057174682617,-9.464051246643066,-9.817977905273438,-10.153101921081543,-10.255178451538086,-10.247749328613281,-10.192489624023438,-10.094450950622559,-9.980031967163086,-9.849273681640625,-9.715486526489258,-9.59122085571289,-9.462217330932617,-9.316396713256836,-9.163206100463867,-9.002164840698242,-8.816943168640137,-8.627581596374512,-8.424993515014648,-8.209224700927734,-7.984501838684082,-7.752053737640381,-7.504159927368164,-7.2623162269592285,-7.0123748779296875,-6.759923934936523,-6.522176742553711,-6.289475917816162,-6.066099166870117
-2.5003507137298584,-2.5623109340667725,-2.9895167350769043,-2.290513277053833,-4.692747116088867,-6.332868576049805,-4.449179649353027,-5.992875099182129,-6.774663925170898,-7.426098346710205,-9.132047653198242,-9.444067001342773,-8.835344314575195,-8.219325065612793,-9.477801322937012,-9.72921371459961,-10.02349853515625,-10.239699363708496,-10.318449020385742,-10.313310623168945,-10.255769729614258,-10.168069839477539,-10.061023712158203,-9.94072151184082,-9.822606086730957,-9.694707870483398,-9.558229446411133,-9.408626556396484,-9.254791259765625,-9.084783554077148,-8.902838706970215,-8.712483406066895,-8.507364273071289,-8.281634330749512,-8.05273723602295,-7.802562236785889,-7.543974876403809,-7.27463436126709,-6.991637706756592,-6.697596549987793,-6.390290260314941,-6.0053558349609375,-5.493646621704102
-3.284804344177246,-3.4669229984283447,-3.0720348358154297,-3.583098888397217,-5.3595170974731445,-6.467268466949463,-6.354696273803711,-7.008072853088379,-7.702840328216553,-8.870149612426758,-9.395620346069336,-9.447427749633789,-9.283965110778809,-9.394643783569336,-9.793328285217285,-9.981103897094727,-10.180386543273926,-10.324233055114746,-10.376691818237305,-10.37252426147461,-10.316398620605469,-10.238917350769043,-10.13929271697998,-10.036659240722656,-9.916502952575684,-9.79420280456543,-9.652524948120117,-9.50408935546875,-9.352750778198242,-9.184919357299805,-9.003519058227539,-8.807554244995117,-8.593006134033203,-8.362600326538086,-8.114852905273438,-7.844884395599365,-7.5499677658081055,-7.201747417449951,-6.7952046394348145,-6.384945869445801,-5.609342575073242,-2.7652974128723145,-1.6815202236175537
-3.4162416458129883,-3.917207956314087,-4.073150634765625,-5.468728065490723,-6.856563568115234,-6.949587821960449,-7.237819671630859,-6.376735687255859,-8.528528213500977,-9.200366973876953,-9.472468376159668,-9.48099422454834,-9.52890396118164,-9.788702011108398,-10.00003433227539,-10.163105010986328,-10.31271743774414,-10.405868530273438,-10.436424255371094,-10.425565719604492,-10.380472183227539,-10.308464050292969,-10.221126556396484,-10.12569808959961,-10.01564884185791,-9.88718032836914,-9.747537612915039,-9.607532501220703,-9.456348419189453,-9.292131423950195,-9.110616683959961,-8.909987449645996,-8.689029693603516,-8.443537712097168,-8.17630386352539,-7.8710784912109375,-7.516132354736328,-7.066444396972656,-5.482400894165039,-2.80037522315979,-2.5723257064819336,-2.209754467010498,-1.5926042795181274
-3.222432851791382,-3.413928747177124,-3.8578872680664062,-4.237593650817871,-5.248912811279297,-7.374837875366211,-7.639565467834473,-8.471449851989746,-9.022157669067383,-9.371700286865234,-9.51860237121582,-9.616220474243164,-9.753473281860352,-9.984996795654297,-10.156412124633789,-10.305940628051758,-10.41993522644043,-10.479844093322754,-10.496496200561523,-10.48514175415039,-10.440385818481445,-10.376007080078125,-10.303611755371094,-10.21480655670166,-10.10593318939209,-9.983139991760254,-9.854023933410645,-9.723665237426758,-9.576148986816406,-9.410798072814941,-9.222007751464844,-9.017339706420898,-8.79229736328125,-8.538453102111816,-8.254868507385254,-7.924080848693848,-7.52156925201416,-6.6782989501953125,-3.8354101181030273,-3.2824535369873047,-2.6244847774505615,-1.356305480003357,-1.2892570495605469
-3.291132926940918,-4.120024681091309,-4.403469562530518,-3.8597826957702637,-6.60778284072876,-7.724361419677734,-8.2589750289917,-8.849851608276367,-9.263365745544434,-9.481560707092285,-9.614689826965332,-9.764581680297852,-9.941200256347656,-10.138866424560547,-10.291580200195312,-10.424697875976562,-10.513940811157227,-10.551542282104492,-10.555675506591797,-10.542160034179688,-10.500999450683594,-10.447053909301758,-10.37989330291748,-10.2991361618042,-10.19975757598877,-10.08949089050293,-9.969169616699219,-9.846383094787598,-9.703857421875,-9.539841651916504,-9.356712341308594,-9.144948959350586,-8.919973373413086,-8.672151565551758,-8.390321731567383,-8.059220314025879,-7.623270034790039,-4.92264461517334,-3.8362741470336914,-2.355705976486206,-1.4915971755981445,-1.1687610149383545,-1.3668309450149536
-4.081733703613281,-4.734099388122559,-6.038288116455078,-5.100083827972412,-8.327880859375,-8.273286819458008,-8.754449844360352,-9.142684936523438,-9.421036720275879,-9.589168548583984,-9.739555358886719,-9.906620979309082,-10.097620010375977,-10.26852035522461,-10.411214828491211,-10.522064208984375,-10.58917236328125,-10.624543190002441,-10.623613357543945,-10.599489212036133,-10.563067436218262,-10.517244338989258,-10.456659317016602,-10.38636589050293,-10.296968460083008,-10.19615364074707,-10.094627380371094,-9.975558280944824,-9.835118293762207,-9.677021026611328,-9.496980667114258,-9.28950309753418,-9.07522964477539,-8.837257385253906,-8.575390815734863,-8.251285552978516,-7.264103412628174,-3.9707770347595215,-2.8863871097564697,-2.3010151386260986,-1.795621395111084,-1.488834261894226,-1.3806891441345215
-5.4405717849731445,-7.083031177520752,-7.460031032562256,-7.6657586097717285,-8.41299819946289,-8.699929237365723,-9.070796012878418,-9.347938537597656,-9.54666805267334,-9.703460693359375,-9.867889404296875,-10.046630859375,-10.230583190917969,-10.385903358459473,-10.509618759155273,-10.6031494140625,-10.662805557250977,-10.686881065368652,-10.682395935058594,-10.663471221923828,-10.63214111328125,-10.5897216796875,-10.543037414550781,-10.480022430419922,-10.397380828857422,-10.304884910583496,-10.211591720581055,-10.10128402709961,-9.96630859375,-9.82297420501709,-9.644421577453613,-9.445676803588867,-9.244726181030273,-9.01895809173584,-8.74301815032959,-8.267681121826172,-4.060014247894287,-2.937432289123535,-1.7311911582946777,-1.6953866481781006,-2.0661540031433105,-1.9506239891052246,-1.020778775215149
-6.034417152404785,-6.52433443069458,-8.171623229980469,-8.278951644897461,-8.680957794189453,-9.008596420288086,-9.293861389160156,-9.500299453735352,-9.665050506591797,-9.819786071777344,-9.992907524108887,-10.169892311096191,-10.341440200805664,-10.479881286621094,-10.593284606933594,-10.672791481018066,-10.723341941833496,-10.738515853881836,-10.739118576049805,-10.7205810546875,-10.695663452148438,-10.660356521606445,-10.619731903076172,-10.55970573425293,-10.488357543945312,-10.411859512329102,-10.322120666503906,-10.220502853393555,-10.104084014892578,-9.963418960571289,-9.78817081451416,-9.60387134552002,-9.400199890136719,-9.153482437133789,-8.797584533691406,-7.780705451965332,-2.8175971508026123,-2.1282238960266113,-1.4173017740249634,-1.5261852741241455,-1.751944661140442,-2.1319048404693604,-0.367305725812912
-6.654604911804199,-8.582575798034668,-8.551453590393066,-8.547196388244629,-8.924942016601562,-9.222317695617676,-9.45533561706543,-9.630495071411133,-9.783834457397461,-9.942073822021484,-10.114428520202637,-10.283794403076172,-10.435037612915039,-10.559892654418945,-10.66051959991455,-10.730494499206543,-10.768998146057129,-10.786073684692383,-10.7850341796875,-10.779492378234863,-10.754337310791016,-10.728962898254395,-10.695005416870117,-10.648701667785645,-10.581557273864746,-10.516054153442383,-10.433065414428711,-10.341629981994629,-10.237577438354492,-10.103007316589355,-9.944696426391602,-9.74915599822998,-9.511953353881836,-9.175530433654785,-8.58161735534668,-4.606943607330322,-2.205864906311035,-1.8244173526763916,-1.011066198348999,-0.2575221359729767,-0.14668142795562744,-0.8960646390914917,0.3053760528564453
-7.9779205322265625,-8.96493148803711,-8.805781364440918,-8.786304473876953,-9.116290092468262,-9.379215240478516,-9.584310531616211,-9.748048782348633,-9.903722763061523,-10.065967559814453,-10.228739738464355,-10.382200241088867,-10.516937255859375,-10.633636474609375,-10.721620559692383,-10.778676986694336,-10.811168670654297,-10.833699226379395,-10.839672088623047,-10.832734107971191,-10.815681457519531,-10.798774719238281,-10.775744438171387,-10.732772827148438,-10.679926872253418,-10.620426177978516,-10.549055099487305,-10.463177680969238,-10.365884780883789,-10.240918159484863,-10.081390380859375,-9.872583389282227,-9.524276733398438,-8.907586097717285,-6.004369735717773,-2.5030317306518555,-1.4720784425735474,-1.430192470550537,-1.0072729587554932,-0.8358138799667358,-0.5963799953460693,0.30731016397476196,-0.9930050373077393
-8.673175811767578,-9.20390796661377,-9.001375198364258,-8.993233680725098,-9.278444290161133,-9.505603790283203,-9.695808410644531,-9.860689163208008,-10.018253326416016,-10.178261756896973,-10.329399108886719,-10.469999313354492,-10.592321395874023,-10.692150115966797,-10.766357421875,-10.813300132751465,-10.850540161132812,-10.871450424194336,-10.884822845458984,-10.882720947265625,-10.879461288452148,-10.870542526245117,-10.848526000976562,-10.816726684570312,-10.773651123046875,-10.717704772949219,-10.644901275634766,-10.568668365478516,-10.475116729736328,-10.352666854858398,-10.178911209106445,-9.896830558776855,-9.31085205078125,-5.910325050354004,-3.7997100353240967,-2.249269962310791,-1.1342799663543701,-1.218597650527954,-0.85585618019104,-1.1219366788864136,-0.21141916513442993,-1.042618751525879,-0.3007296919822693
-9.096090316772461,-9.305732727050781,-9.15965747833252,-9.170393943786621,-9.413226127624512,-9.615089416503906,-9.797994613647461,-9.963345527648926,-10.123746871948242,-10.275079727172852,-10.415830612182617,-10.539917945861816,-10.650983810424805,-10.739501953125,-10.801998138427734,-10.848174095153809,-10.883658409118652,-10.909491539001465,-10.920119285583496,-10.927495002746582,-10.934833526611328,-10.927278518676758,-10.916879653930664,-10.892801284790039,-10.853217124938965,-10.802530288696289,-10.73829460144043,-10.665266036987305,-10.561555862426758,-10.41646671295166,-10.184577941894531,-9.71591567993164,-8.420738220214844,-3.3521385192871094,-2.7043447494506836,-1.744842767715454,-1.6335169076919556,-1.219417929649353,-0.6627358794212341,-0.6925700306892395,-0.39515358209609985,-0.7316754460334778,0.21557414531707764
-9.293601036071777,-9.360097885131836,-9.303245544433594,-9.324688911437988,-9.535603523254395,-9.71725082397461,-9.895124435424805,-10.05748462677002,-10.213743209838867,-10.354278564453125,-10.484890937805176,-10.59649658203125,-10.695561408996582,-10.77312183380127,-10.8290376663208,-10.876375198364258,-10.913578033447266,-10.93946647644043,-10.95784854888916,-10.974793434143066,-10.98615837097168,-10.985334396362305,-10.977351188659668,-10.958600997924805,-10.923653602600098,-10.88252067565918,-10.81847858428955,-10.733463287353516,-10.607568740844727,-10.419797897338867,-10.057732582092285,-9.311410903930664,-4.519287586212158,-2.2993881702423096,-2.306212902069092,-2.5220017433166504,-2.2924208641052246,-0.2901625633239746,0.2871026396751404,0.2819814682006836,0.19062894582748413,0.8924240469932556,-0.07876583933830261
-9.341981887817383,-9.410621643066406,-9.434976577758789,-9.461798667907715,-9.648406982421875,-9.819169998168945,-9.983879089355469,-10.143733978271484,-10.28763484954834,-10.419272422790527,-10.533404350280762,-10.640626907348633,-10.727235794067383,-10.795544624328613,-10.85323715209961,-10.900400161743164,-10.93331527709961,-10.965513229370117,-10.994683265686035,-11.019610404968262,-11.02919864654541,-11.039356231689453,-11.034893035888672,-11.017478942871094,-10.985487937927246,-10.938358306884766,-10.866138458251953,-10.766030311584473,-10.611391067504883,-10.34698486328125,-9.791561126708984,-7.069276809692383,-3.0157437324523926,-1.7446483373641968,-1.899480938911438,-2.017951011657715,-0.8843461275100708,-0.026410803198814392,0.03691011667251587,-0.5521540641784668,-0.18633770942687988,-0.8991010189056396,0.9916159510612488
-9.380047798156738,-9.470993041992188,-9.551682472229004,-9.579103469848633,-9.752315521240234,-9.910093307495117,-10.064464569091797,-10.210138320922852,-10.343942642211914,-10.461892127990723,-10.567794799804688,-10.665613174438477,-10.745843887329102,-10.811995506286621,-10.863069534301758,-10.9100341796875,-10.951654434204102,-10.989585876464844,-11.022882461547852,-11.05166244506836,-11.073261260986328,-11.08559799194336,-11.08076286315918,-11.056150436401367,-11.021448135375977,-10.967805862426758,-10.881326675415039,-10.754379272460938,-10.553410530090332,-10.157190322875977,-9.344544410705566,-4.800353527069092,-3.7767014503479004,-2.621434211730957,-2.4451684951782227,-2.0248494148254395,-0.9589408040046692,-0.06764096021652222,-0.44959986209869385,-0.15304210782051086,-0.412801057100296,-0.003706634044647217,-0.36887937784194946
-9.426589965820312,-9.543350219726562,-9.653304100036621,-9.677511215209961,-9.842391014099121,-9.988418579101562,-10.133216857910156,-10.266213417053223,-10.38465690612793,-10.494041442871094,-10.59559440612793,-10.681654930114746,-10.754806518554688,-10.817234992980957,-10.873456954956055,-10.919763565063477,-10.963363647460938,-11.005515098571777,-11.048425674438477,-11.084157943725586,-11.111052513122559,-11.119264602661133,-11.110142707824707,-11.079473495483398,-11.037947654724121,-10.965699195861816,-10.8602294921875,-10.699346542358398,-10.408523559570312,-9.831891059875488,-6.814689636230469,-3.4404313564300537,-3.7501659393310547,-1.4894787073135376,-1.9441484212875366,-1.9303884506225586,-0.4150758683681488,-0.12354205548763275,-0.3996467590332031,0.6619479656219482,-0.08703345060348511,0.7704606652259827,-0.8542718887329102
-9.481511116027832,-9.614377975463867,-9.734965324401855,-9.762107849121094,-9.915948867797852,-10.05616569519043,-10.185864448547363,-10.306821823120117,-10.414447784423828,-10.5177640914917,-10.607452392578125,-10.688254356384277,-10.758960723876953,-10.820549964904785,-10.874080657958984,-10.927922248840332,-10.977140426635742,-11.029193878173828,-11.06910514831543,-11.109640121459961,-11.134099006652832,-11.141327857971191,-11.124046325683594,-11.092477798461914,-11.03513240814209,-10.93972396850586,-10.804908752441406,-10.584709167480469,-10.150217056274414,-8.747929573059082,-3.9817728996276855,-3.9036641120910645,-2.5791637897491455,-1.230991005897522,-0.5161834955215454,-0.9322491884231567,-0.11752085387706757,0.562012255191803,0.4386964738368988,-0.3509564697742462,0.2515125274658203,-0.2361377477645874,-0.35826820135116577
-9.537271499633789,-9.678964614868164,-9.799976348876953,-9.827638626098633,-9.972600936889648,-10.101877212524414,-10.224825859069824,-10.33166217803955,-10.433548927307129,-10.529183387756348,-10.61545181274414,-10.689979553222656,-10.759605407714844,-10.821821212768555,-10.884261131286621,-10.939800262451172,-10.991121292114258,-11.045421600341797,-11.089469909667969,-11.127191543579102,-11.14631462097168,-11.145591735839844,-11.126185417175293,-11.080289840698242,-10.999494552612305,-10.881790161132812,-10.709453582763672,-10.41683578491211,-9.94674301147461,-4.298211097717285,-3.2635507583618164,-3.0284414291381836,-2.267561435699463,-1.7876918315887451,-0.9159286618232727,-0.8950852155685425,-0.23786994814872742,-0.008454680442810059,-0.13942894339561462,-0.4163751006126404,0.5607413649559021,0.04967440664768219,-1.2240231037139893
