wind_DJF_avg_native.json
{"header": {"parameterCategory": 2, "parameterUnit": "m/s", "nx": 220, "ny": 280, "lo1": 118.693, "la1": 26.2568353691, "lo2": 123.2203272787, "la2": 21.0494, "dx": 0.0206727273, "dy": 0.0186646429, "refTime": "2025-01-01 00:00:00", "forecastTime": 0, "parameterNumber": 3}, "data":
[rows 95 to 113 of 280, columns 0 to 42 of 220]
-9.25212574005127,-9.318845748901367,-9.349599838256836,-9.34329605102539,-9.313850402832031,-9.260047912597656,-9.257242202758789,-9.246681213378906,-9.249834060668945,-9.275041580200195,-9.362761497497559,-9.421111106872559,-9.494592666625977,-9.556981086730957,-9.623002052307129,-9.683937072753906,-9.74639892578125,-9.80573844909668,-9.863752365112305,-9.919530868530273,-9.974020004272461,-10.027381896972656,-10.080892562866211,-10.133520126342773,-10.185258865356445,-10.235376358032227,-10.282885551452637,-10.32905101776123,-10.375211715698242,-10.420963287353516,-10.464488983154297,-10.50454330444336,-10.542299270629883,-10.578904151916504,-10.615128517150879,-10.649812698364258,-10.6815767288208,-10.71094036102295,-10.739151954650879,-10.764974594116211,-10.787400245666504,-10.806079864501953,-10.82158088684082
-9.293601036071777,-9.336841583251953,-9.360438346862793,-9.360097885131836,-9.339111328125,-9.300792694091797,-9.303245544433594,-9.297039031982422,-9.300468444824219,-9.324688911437988,-9.408644676208496,-9.464585304260254,-9.535603523254395,-9.595081329345703,-9.658077239990234,-9.71725082397461,-9.778457641601562,-9.837213516235352,-9.895124435424805,-9.950459480285645,-10.004297256469727,-10.05748462677002,-10.110584259033203,-10.162578582763672,-10.213743209838867,-10.262739181518555,-10.30899429321289,-10.354278564453125,-10.399354934692383,-10.443157196044922,-10.484890937805176,-10.523709297180176,-10.560513496398926,-10.59649658203125,-10.632031440734863,-10.665555953979492,-10.695561408996582,-10.722846984863281,-10.748846054077148,-10.77312183380127,-10.79454231262207,-10.813017845153809,-10.8290376663208
-9.315574645996094,-9.3486909866333,-9.371365547180176,-9.376264572143555,-9.365070343017578,-9.341724395751953,-9.348393440246582,-9.345731735229492,-9.348822593688965,-9.372079849243164,-9.453229904174805,-9.507160186767578,-9.575254440307617,-9.631797790527344,-9.692922592163086,-9.750950813293457,-9.810462951660156,-9.868171691894531,-9.925483703613281,-9.98057746887207,-10.034063339233398,-10.087230682373047,-10.139781951904297,-10.190983772277832,-10.240846633911133,-10.288137435913086,-10.333797454833984,-10.378620147705078,-10.422161102294922,-10.463481903076172,-10.503206253051758,-10.541464805603027,-10.577957153320312,-10.613773345947266,-10.648902893066406,-10.681036949157715,-10.708824157714844,-10.733705520629883,-10.757349967956543,-10.779684066772461,-10.80064582824707,-10.819761276245117,-10.837121963500977
-9.328222274780273,-9.358049392700195,-9.382735252380371,-9.393240928649902,-9.39253044128418,-9.382411003112793,-9.392535209655762,-9.392923355102539,-9.395570755004883,-9.41789722442627,-9.496150970458984,-9.547441482543945,-9.612741470336914,-9.66767692565918,-9.728096008300781,-9.785150527954102,-9.842848777770996,-9.899179458618164,-9.955255508422852,-10.009915351867676,-10.063570976257324,-10.116374969482422,-10.168128967285156,-10.217962265014648,-10.265445709228516,-10.311171531677246,-10.356586456298828,-10.400728225708008,-10.44234848022461,-10.481536865234375,-10.51943588256836,-10.556778907775879,-10.593090057373047,-10.629026412963867,-10.663467407226562,-10.693740844726562,-10.719593048095703,-10.742971420288086,-10.765254974365234,-10.786949157714844,-10.808143615722656,-10.827333450317383,-10.845823287963867
-9.341981887817383,-9.367715835571289,-9.394183158874512,-9.410621643066406,-9.41954517364502,-9.421326637268066,-9.434976577758789,-9.438018798828125,-9.440261840820312,-9.461798667907715,-9.536733627319336,-9.585390090942383,-9.648406982421875,-9.703261375427246,-9.763527870178223,-9.819169998168945,-9.874940872192383,-9.929220199584961,-9.983879089355469,-10.038164138793945,-10.091872215270996,-10.143733978271484,-10.194305419921875,-10.242412567138672,-10.28763484954834,-10.332326889038086,-10.376731872558594,-10.419272422790527,-10.459040641784668,-10.496843338012695,-10.533404350280762,-10.569490432739258,-10.605384826660156,-10.640626907348633,-10.673406600952148,-10.70201301574707,-10.727235794067383,-10.750823974609375,-10.773284912109375,-10.795544624328613,-10.81617546081543,-10.834564208984375,-10.85323715209961
-9.353341102600098,-9.378641128540039,-9.406473159790039,-9.42837142944336,-9.446070671081543,-9.45888900756836,-9.475675582885742,-9.48031997680664,-9.482528686523438,-9.503211975097656,-9.5755615234375,-9.622278213500977,-9.683913230895996,-9.738567352294922,-9.797565460205078,-9.851505279541016,-9.905324935913086,-9.957680702209473,-10.011224746704102,-10.064836502075195,-10.11764144897461,-10.16835880279541,-10.217592239379883,-10.264130592346191,-10.308223724365234,-10.351805686950684,-10.394048690795898,-10.434600830078125,-10.473295211791992,-10.51038932800293,-10.545904159545898,-10.580728530883789,-10.615926742553711,-10.649757385253906,-10.680665969848633,-10.708000183105469,-10.733596801757812,-10.758176803588867,-10.781349182128906,-10.8031587600708,-10.822392463684082,-10.840278625488281,-10.858152389526367
-9.36434555053711,-9.390619277954102,-9.421217918395996,-9.44839096069336,-9.473638534545898,-9.495538711547852,-9.514213562011719,-9.520723342895508,-9.522459030151367,-9.542198181152344,-9.612574577331543,-9.658452033996582,-9.719093322753906,-9.772319793701172,-9.82929515838623,-9.881546020507812,-9.933961868286133,-9.985517501831055,-10.038106918334961,-10.089985847473145,-10.140911102294922,-10.190229415893555,-10.238086700439453,-10.283345222473145,-10.327014923095703,-10.369516372680664,-10.409698486328125,-10.448480606079102,-10.486335754394531,-10.522632598876953,-10.55726432800293,-10.591388702392578,-10.62557601928711,-10.658146858215332,-10.687543869018555,-10.713918685913086,-10.739925384521484,-10.764949798583984,-10.78812026977539,-10.808515548706055,-10.826427459716797,-10.844108581542969,-10.861099243164062
-9.380047798156738,-9.404462814331055,-9.438838958740234,-9.470993041992188,-9.50239372253418,-9.531183242797852,-9.551682472229004,-9.559900283813477,-9.560811996459961,-9.579103469848633,-9.647651672363281,-9.693063735961914,-9.752315521240234,-9.80370807647705,-9.858956336975098,-9.910093307495117,-9.961971282958984,-10.013072967529297,-10.064464569091797,-10.113985061645508,-10.162571907043457,-10.210138320922852,-10.25650405883789,-10.30089282989502,-10.343942642211914,-10.38555908203125,-10.42466926574707,-10.461892127990723,-10.498281478881836,-10.533469200134277,-10.567794799804688,-10.601806640625,-10.634537696838379,-10.665613174438477,-10.693618774414062,-10.719943046569824,-10.745843887329102,-10.77028751373291,-10.792787551879883,-10.811995506286621,-10.829364776611328,-10.846548080444336,-10.863069534301758
-9.396906852722168,-9.420945167541504,-9.458178520202637,-9.494675636291504,-9.531166076660156,-9.565193176269531,-9.588253021240234,-9.59738540649414,-9.597270965576172,-9.614100456237793,-9.680953025817871,-9.725584983825684,-9.783758163452148,-9.833715438842773,-9.88730239868164,-9.937612533569336,-9.98884391784668,-10.039449691772461,-10.089761734008789,-10.137446403503418,-10.183521270751953,-10.229010581970215,-10.273844718933105,-10.317336082458496,-10.359371185302734,-10.39964485168457,-10.437785148620605,-10.473949432373047,-10.50921630859375,-10.543770790100098,-10.577982902526855,-10.611379623413086,-10.642428398132324,-10.671730995178223,-10.698787689208984,-10.7252197265625,-10.750293731689453,-10.773728370666504,-10.795063972473145,-10.813787460327148,-10.831767082214355,-10.848875045776367,-10.86529541015625
-9.41115951538086,-9.438393592834473,-9.478523254394531,-9.518937110900879,-9.559621810913086,-9.59768009185791,-9.622190475463867,-9.63209342956543,-9.630743980407715,-9.646892547607422,-9.712657928466797,-9.756734848022461,-9.813908576965332,-9.862737655639648,-9.914827346801758,-9.963857650756836,-10.013845443725586,-10.063706398010254,-10.112895965576172,-10.159584045410156,-10.204300880432129,-10.24797248840332,-10.290853500366211,-10.332450866699219,-10.372926712036133,-10.411497116088867,-10.448393821716309,-10.48410415649414,-10.519216537475586,-10.553869247436523,-10.587652206420898,-10.619579315185547,-10.649168968200684,-10.677248001098633,-10.703660011291504,-10.72925853729248,-10.753034591674805,-10.775701522827148,-10.796244621276855,-10.815206527709961,-10.834110260009766,-10.851912498474121,-10.869190216064453
-9.426589965820312,-9.457084655761719,-9.499820709228516,-9.543350219726562,-9.587348937988281,-9.628480911254883,-9.653304100036621,-9.663267135620117,-9.661477088928223,-9.677511215209961,-9.743152618408203,-9.786829948425293,-9.842391014099121,-9.889673233032227,-9.940569877624512,-9.988418579101562,-10.03754997253418,-10.085920333862305,-10.133216857910156,-10.179107666015625,-10.223725318908691,-10.266213417053223,-10.307098388671875,-10.346206665039062,-10.38465690612793,-10.42186450958252,-10.458467483520508,-10.494041442871094,-10.528438568115234,-10.56248664855957,-10.59559440612793,-10.62619400024414,-10.654577255249023,-10.681654930114746,-10.707487106323242,-10.73196029663086,-10.754806518554688,-10.777055740356445,-10.797664642333984,-10.817234992980957,-10.836126327514648,-10.854951858520508,-10.873456954956055
-9.443290710449219,-9.477218627929688,-9.521682739257812,-9.567544937133789,-9.613938331604004,-9.657264709472656,-9.682302474975586,-9.692028045654297,-9.690315246582031,-9.706750869750977,-9.77189826965332,-9.815018653869629,-9.868894577026367,-9.914560317993164,-9.96418571472168,-10.011377334594727,-10.060012817382812,-10.106565475463867,-10.151789665222168,-10.196355819702148,-10.240217208862305,-10.2818603515625,-10.32144546508789,-10.358572006225586,-10.395195007324219,-10.432188034057617,-10.469352722167969,-10.504213333129883,-10.536787033081055,-10.569204330444336,-10.601006507873535,-10.630874633789062,-10.658830642700195,-10.68466567993164,-10.709662437438965,-10.733624458312988,-10.756823539733887,-10.778529167175293,-10.798911094665527,-10.818849563598633,-10.83754825592041,-10.856806755065918,-10.875452041625977
-9.462078094482422,-9.49771499633789,-9.543594360351562,-9.591215133666992,-9.639280319213867,-9.684144973754883,-9.709529876708984,-9.719305038452148,-9.718059539794922,-9.735208511352539,-9.798758506774902,-9.840705871582031,-9.893400192260742,-9.93839168548584,-9.987523078918457,-10.03396987915039,-10.080879211425781,-10.125391006469727,-10.169443130493164,-10.21281909942627,-10.254897117614746,-10.294926643371582,-10.332756042480469,-10.368759155273438,-10.405059814453125,-10.442305564880371,-10.478801727294922,-10.512319564819336,-10.543590545654297,-10.574551582336426,-10.60450267791748,-10.633796691894531,-10.661699295043945,-10.686962127685547,-10.711143493652344,-10.735252380371094,-10.75870132446289,-10.779668807983398,-10.799976348876953,-10.819775581359863,-10.83852767944336,-10.857145309448242,-10.87489128112793
-9.481511116027832,-9.518068313598633,-9.565383911132812,-9.614377975463867,-9.663603782653809,-9.709430694580078,-9.734965324401855,-9.745091438293457,-9.74449634552002,-9.762107849121094,-9.823896408081055,-9.864250183105469,-9.915948867797852,-9.961246490478516,-10.010786056518555,-10.05616569519043,-10.100157737731934,-10.142560958862305,-10.185864448547363,-10.228342056274414,-10.269113540649414,-10.306821823120117,-10.342195510864258,-10.377710342407227,-10.414447784423828,-10.450745582580566,-10.485074996948242,-10.5177640914917,-10.548992156982422,-10.57888126373291,-10.607452392578125,-10.635787963867188,-10.662620544433594,-10.688254356384277,-10.712899208068848,-10.73702621459961,-10.758960723876953,-10.779630661010742,-10.800870895385742,-10.820549964904785,-10.839181900024414,-10.856842041015625,-10.874080657958984
-9.500070571899414,-9.538618087768555,-9.587044715881348,-9.637027740478516,-9.686967849731445,-9.733184814453125,-9.75871753692627,-9.769126892089844,-9.769172668457031,-9.786818504333496,-9.846786499023438,-9.886001586914062,-9.936803817749023,-9.98233413696289,-10.031213760375977,-10.07533073425293,-10.117854118347168,-10.158977508544922,-10.200752258300781,-10.241430282592773,-10.281005859375,-10.317352294921875,-10.35165023803711,-10.386749267578125,-10.422525405883789,-10.457130432128906,-10.489559173583984,-10.521896362304688,-10.553316116333008,-10.582447052001953,-10.61062240600586,-10.637632369995117,-10.663052558898926,-10.689175605773926,-10.71493148803711,-10.738615989685059,-10.758819580078125,-10.779428482055664,-10.801291465759277,-10.821281433105469,-10.83993148803711,-10.857593536376953,-10.875900268554688
-9.518613815307617,-9.55894660949707,-9.608089447021484,-9.658580780029297,-9.708839416503906,-9.75500202178955,-9.780401229858398,-9.790929794311523,-9.791366577148438,-9.808717727661133,-9.867212295532227,-9.905715942382812,-9.955899238586426,-10.000473022460938,-10.0472412109375,-10.08993911743164,-10.132598876953125,-10.17365837097168,-10.213851928710938,-10.252725601196289,-10.289961814880371,-10.325368881225586,-10.360219955444336,-10.39461898803711,-10.428512573242188,-10.461771011352539,-10.493830680847168,-10.525628089904785,-10.556264877319336,-10.585212707519531,-10.61368179321289,-10.63953971862793,-10.66441535949707,-10.690332412719727,-10.715860366821289,-10.739234924316406,-10.759531021118164,-10.780257225036621,-10.801298141479492,-10.821563720703125,-10.84109115600586,-10.860382080078125,-10.880134582519531
-9.537271499633789,-9.578672409057617,-9.62833023071289,-9.678964614868164,-9.729063034057617,-9.774792671203613,-9.799976348876953,-9.810490608215332,-9.810920715332031,-9.827638626098633,-9.884937286376953,-9.923133850097656,-9.972600936889648,-10.015425682067871,-10.0601806640625,-10.101877212524414,-10.144204139709473,-10.185184478759766,-10.224825859069824,-10.262550354003906,-10.297500610351562,-10.33166217803955,-10.36652946472168,-10.400445938110352,-10.433548927307129,-10.466225624084473,-10.498483657836914,-10.529183387756348,-10.558244705200195,-10.587061882019043,-10.61545181274414,-10.641048431396484,-10.665699005126953,-10.689979553222656,-10.71395492553711,-10.737293243408203,-10.759605407714844,-10.781429290771484,-10.801438331604004,-10.821821212768555,-10.843025207519531,-10.864209175109863,-10.884261131286621
-9.555837631225586,-9.59775447845459,-9.647722244262695,-9.698308944702148,-9.747873306274414,-9.792793273925781,-9.817743301391602,-9.828180313110352,-9.828455924987793,-9.844690322875977,-9.900667190551758,-9.93846607208252,-9.986589431762695,-10.02798843383789,-10.071840286254883,-10.113149642944336,-10.15422248840332,-10.194098472595215,-10.233107566833496,-10.269804000854492,-10.303855895996094,-10.3372802734375,-10.37108039855957,-10.40463924407959,-10.438100814819336,-10.470852851867676,-10.502874374389648,-10.532583236694336,-10.560357093811035,-10.588401794433594,-10.61595344543457,-10.641595840454102,-10.665515899658203,-10.688028335571289,-10.710916519165039,-10.734061241149902,-10.758071899414062,-10.781421661376953,-10.802240371704102,-10.822784423828125,-10.844751358032227,-10.866645812988281,-10.886503219604492
-9.573868751525879,-9.615888595581055,-9.666091918945312,-9.716411590576172,-9.765115737915039,-9.8089017868042,-9.833572387695312,-9.843948364257812,-9.84426498413086,-9.860577583312988,-9.915496826171875,-9.952644348144531,-9.999357223510742,-10.039661407470703,-10.082559585571289,-10.122961044311523,-10.16310977935791,-10.201566696166992,-10.23878288269043,-10.274023056030273,-10.308243751525879,-10.34190559387207,-10.375019073486328,-10.408308029174805,-10.441499710083008,-10.473791122436523,-10.505470275878906,-10.535401344299316,-10.562880516052246,-10.589786529541016,-10.615918159484863,-10.641048431396484,-10.664251327514648,-10.686273574829102,-10.708789825439453,-10.731800079345703,-10.7557373046875,-10.779476165771484,-10.802019119262695,-10.823202133178711,-10.844913482666016,-10.866405487060547,-10.886138916015625
