wind_DJF_day_3x3.json
{"header": {"parameterCategory": 2, "parameterUnit": "m/s", "nx": 74, "ny": 94, "lo1": 118.693, "la1": 26.2568353691, "lo2": 123.2203272787, "la2": 21.0494, "dx": 0.0620181819, "dy": 0.0559939287, "refTime": "2025-01-01 00:00:00", "forecastTime": 0, "parameterNumber": 2}, "data":
[rows 0 to 18 of 94, columns 0 to 42 of 74]
-0.5969277620315552,-0.3049611747264862,-0.216865673661232,-0.3522907495498657,-0.30722394585609436,-0.27682220935821533,-0.3889346718788147,-0.654538094997406,-1.0813685655593872,-1.2048637866973877,-1.304293155670166,-1.632744312286377,-1.4896467924118042,-0.9215021133422852,-1.8247089385986328,-2.8829188346862793,-2.3683018684387207,-2.599351644515991,-3.729210376739502,-3.9952645301818848,-3.8814971446990967,-3.80844783782959,-3.84440016746521,-3.992938280105591,-4.010142803192139,-3.991760730743408,-4.02490758895874,-4.009891033172607,-3.9514284133911133,-3.9447507858276367,-3.950263500213623,-3.932352066040039,-3.941819906234741,-3.986341953277588,-4.025691032409668,-4.066382884979248,-4.11467170715332,-4.147227764129639,-4.1696624755859375,-4.195679187774658,-4.216930866241455,-4.2217698097229,-4.222109317779541
-0.8731110692024231,-0.5796691179275513,-0.5424612760543823,-0.6865075826644897,-0.7875357866287231,-0.7593695521354675,-0.5244944095611572,-0.5868145227432251,-0.9724304676055908,-1.1550955772399902,-1.5207096338272095,-1.822739601135254,-1.668372631072998,-1.3803125619888306,-2.176759958267212,-2.8925228118896484,-3.430213451385498,-3.767603874206543,-4.280813694000244,-4.115084648132324,-3.8827426433563232,-3.897005796432495,-3.9246654510498047,-3.9631409645080566,-3.996903657913208,-4.0156378746032715,-4.028627395629883,-4.018080711364746,-3.996490240097046,-4.0017852783203125,-4.010280609130859,-4.012519836425781,-4.041545391082764,-4.091154098510742,-4.13564920425415,-4.175991535186768,-4.218618392944336,-4.246572017669678,-4.267214775085449,-4.288025856018066,-4.29842472076416,-4.299399375915527,-4.297625541687012
-1.036039113998413,-0.6891692876815796,-0.723936140537262,-0.869713544845581,-1.284044861793518,-1.2470368146896362,-0.9673161506652832,-0.7335773706436157,-0.6349529027938843,-0.9871768355369568,-1.325377106666565,-1.8831971883773804,-1.9673082828521729,-1.7160979509353638,-2.302882432937622,-2.7003726959228516,-3.66129207611084,-4.068774223327637,-4.362823486328125,-4.1211652755737305,-3.960580825805664,-3.9795150756835938,-3.9829931259155273,-3.964878559112549,-4.003775596618652,-4.0319905281066895,-4.0347394943237305,-4.037255764007568,-4.040057182312012,-4.0581583976745605,-4.077218055725098,-4.098211288452148,-4.141097068786621,-4.194272041320801,-4.240561485290527,-4.279478549957275,-4.315102577209473,-4.341522216796875,-4.361823558807373,-4.375794410705566,-4.380551338195801,-4.381438732147217,-4.3781938552856445
-0.8366718292236328,-0.4897069036960602,-0.6906454563140869,-1.0888965129852295,-1.3770298957824707,-1.3132009506225586,-1.2140082120895386,-0.9439823031425476,-0.9714304804801941,-0.9264448881149292,-1.1203923225402832,-2.397491455078125,-1.8829119205474854,-2.159130811691284,-2.7404487133026123,-2.7672297954559326,-3.73930025100708,-4.087846755981445,-4.252873420715332,-4.023634910583496,-3.9347543716430664,-4.027439594268799,-4.002581596374512,-3.9821810722351074,-4.025871276855469,-4.044239044189453,-4.045773983001709,-4.065325736999512,-4.087419033050537,-4.118614673614502,-4.15156888961792,-4.191796779632568,-4.2487969398498535,-4.296852111816406,-4.351433753967285,-4.38957405090332,-4.431184768676758,-4.459106922149658,-4.482497215270996,-4.49697732925415,-4.506096363067627,-4.506401538848877,-4.499456405639648
-0.6844190955162048,-0.33786025643348694,-0.3956836760044098,-0.8357102274894714,-1.2221521139144897,-1.504907488822937,-1.5134689807891846,-1.1895579099655151,-0.9728730916976929,-1.1434701681137085,-0.8865233659744263,-1.1521037817001343,-2.8372490406036377,-2.253776788711548,-2.688455104827881,-3.5267515182495117,-3.7351748943328857,-3.9689114093780518,-4.038399696350098,-3.9448904991149902,-4.004951477050781,-4.005063533782959,-3.9838995933532715,-4.000941276550293,-4.023301601409912,-4.040846347808838,-4.06037712097168,-4.0961012840271,-4.129275321960449,-4.177574157714844,-4.232876777648926,-4.290543556213379,-4.35269832611084,-4.411962509155273,-4.457000732421875,-4.506677627563477,-4.545464038848877,-4.568247318267822,-4.588223457336426,-4.590098857879639,-4.592392921447754,-4.594554424285889,-4.588900089263916
-0.7406994700431824,-0.6197688579559326,-0.8991253972053528,-1.0232008695602417,-0.8309573531150818,-0.8725959658622742,-1.3587844371795654,-1.5109658241271973,-1.5347483158111572,-1.5895483493804932,-1.6264150142669678,-1.4971684217453003,-1.915661334991455,-2.986809253692627,-2.1282925605773926,-1.644966959953308,-3.1013875007629395,-3.7668099403381348,-3.8843936920166016,-3.91988468170166,-3.9488701820373535,-3.958505392074585,-3.9735708236694336,-4.002251625061035,-4.022154331207275,-4.048169136047363,-4.086802959442139,-4.138086795806885,-4.183715343475342,-4.248847961425781,-4.315396785736084,-4.391990661621094,-4.454985618591309,-4.517461776733398,-4.565540313720703,-4.614302635192871,-4.6476545333862305,-4.6712541580200195,-4.683713912963867,-4.6800923347473145,-4.6834869384765625,-4.683121681213379,-4.676642417907715
-1.1831133365631104,-1.0895705223083496,-0.9612129926681519,-0.8987990617752075,-0.6431034207344055,-0.41252100467681885,-0.6099348664283752,-1.617091178894043,-1.5340046882629395,-1.4738324880599976,-2.029466390609741,-2.2419631481170654,-2.550264596939087,-1.9616392850875854,-2.9947235584259033,-2.1161000728607178,-3.2704520225524902,-3.697629451751709,-3.785703182220459,-3.838285446166992,-3.875837564468384,-3.8979077339172363,-3.952483892440796,-3.994056463241577,-4.025778293609619,-4.066296100616455,-4.126051425933838,-4.179641246795654,-4.24936580657959,-4.328595161437988,-4.4098687171936035,-4.488824367523193,-4.555476665496826,-4.621753692626953,-4.6725945472717285,-4.721731185913086,-4.745684623718262,-4.764876842498779,-4.773877143859863,-4.768005847930908,-4.771482944488525,-4.771309852600098,-4.7577223777771
-1.1514108180999756,-1.2732096910476685,-1.1001837253570557,-1.3704217672348022,-2.0546305179595947,-2.2456114292144775,-1.8381147384643555,-2.153639793395996,-2.251309633255005,-1.737547516822815,-1.3324368000030518,-2.117439031600952,-2.0402519702911377,-2.0817461013793945,-2.204143524169922,-3.497854232788086,-3.7975409030914307,-3.6745548248291016,-3.71535325050354,-3.7642762660980225,-3.7930023670196533,-3.9349658489227295,-3.94142746925354,-3.984478712081909,-4.034192085266113,-4.097359657287598,-4.164009094238281,-4.240689277648926,-4.322791576385498,-4.415658473968506,-4.505146026611328,-4.582213401794434,-4.655681610107422,-4.718163013458252,-4.776908874511719,-4.812386989593506,-4.837331771850586,-4.856146335601807,-4.85302209854126,-4.858575820922852,-4.862966060638428,-4.8542094230651855,-4.841541290283203
-1.0088616609573364,-1.371002435684204,-1.4740259647369385,-2.1392650604248047,-2.419999361038208,-1.5359638929367065,-1.6408647298812866,-1.2148886919021606,-1.1642954349517822,-1.9298927783966064,-0.9879611730575562,-1.8171486854553223,-2.627871513366699,-3.5018200874328613,-1.8067108392715454,-3.5268630981445312,-3.5820956230163574,-3.611816883087158,-3.650603771209717,-3.7112393379211426,-3.796919107437134,-3.886824607849121,-3.9337949752807617,-3.984938383102417,-4.055004119873047,-4.131650447845459,-4.209159851074219,-4.304099082946777,-4.4039835929870605,-4.508146286010742,-4.600432395935059,-4.682142734527588,-4.759470462799072,-4.8243489265441895,-4.875450134277344,-4.906783103942871,-4.929288864135742,-4.943904876708984,-4.942880630493164,-4.944234371185303,-4.946564197540283,-4.931432723999023,-4.911236763000488
-0.6226248145103455,-1.324154019355774,-1.4374196529388428,-1.0941697359085083,-0.757125198841095,-1.7525593042373657,-1.1482939720153809,-0.5057590007781982,-0.28135883808135986,-1.7505189180374146,-0.8954161405563354,-2.2491796016693115,-3.111943244934082,-2.6282124519348145,-2.5250916481018066,-2.6840052604675293,-3.4079384803771973,-3.5573763847351074,-3.616095781326294,-3.6801834106445312,-3.7713253498077393,-3.8531136512756348,-3.9168295860290527,-3.9923388957977295,-4.08136510848999,-4.1684465408325195,-4.265941619873047,-4.37802791595459,-4.494765281677246,-4.5976738929748535,-4.696874618530273,-4.784784317016602,-4.86385440826416,-4.922391891479492,-4.962827682495117,-5.005301475524902,-5.021165370941162,-5.034698009490967,-5.034882068634033,-5.034104347229004,-5.027836799621582,-5.005231857299805,-4.979580879211426
-0.591436505317688,-1.0974538326263428,-0.6373586654663086,-0.29601624608039856,-0.7471175789833069,-2.1797916889190674,-2.4915571212768555,-1.4374932050704956,-1.8104424476623535,-2.3895370960235596,-1.4811798334121704,-1.2108230590820312,-1.601278305053711,-2.217792510986328,-4.4508771896362305,-3.8463926315307617,-3.598747730255127,-3.63706636428833,-3.617816686630249,-3.654953956604004,-3.736510992050171,-3.8179244995117188,-3.9115567207336426,-4.010947227478027,-4.1092400550842285,-4.2190728187561035,-4.328829765319824,-4.452608108520508,-4.578505039215088,-4.690374374389648,-4.795195579528809,-4.886711120605469,-4.962082862854004,-5.018770694732666,-5.060630798339844,-5.100002288818359,-5.119599342346191,-5.130287170410156,-5.131389617919922,-5.127425670623779,-5.103466510772705,-5.078801155090332,-5.045865058898926
-0.8881862163543701,-0.8962398767471313,-0.6076831817626953,-0.9140323400497437,-1.1310728788375854,-1.8695220947265625,-2.0072786808013916,-2.255154848098755,-2.0566816329956055,-0.8959712982177734,-1.863431453704834,-1.8986631631851196,-2.5675048828125,-4.4291558265686035,-5.696290493011475,-4.687219619750977,-4.28646183013916,-3.2186646461486816,-3.584643840789795,-3.588003158569336,-3.690317153930664,-3.7928977012634277,-3.9142329692840576,-4.033599376678467,-4.141932487487793,-4.270224571228027,-4.400603294372559,-4.540470123291016,-4.670253276824951,-4.785867691040039,-4.884002208709717,-4.976497650146484,-5.060489654541016,-5.113195419311523,-5.16017484664917,-5.19355583190918,-5.2190423011779785,-5.239152431488037,-5.239497184753418,-5.215971946716309,-5.190915107727051,-5.155829429626465,-5.118056774139404
-0.7158154845237732,-0.9800479412078857,-0.9108361601829529,-0.9424373507499695,-1.455819845199585,-0.24228034913539886,-0.8764684200286865,-1.908157467842102,-1.4659162759780884,-2.298443078994751,-1.8321888446807861,-2.4955289363861084,-3.035593032836914,-4.838197231292725,-5.278636932373047,-4.77584171295166,-4.2021355628967285,-3.1104671955108643,-2.688840389251709,-3.3607430458068848,-3.590941905975342,-3.779191255569458,-3.9273178577423096,-4.058938026428223,-4.189536094665527,-4.332113742828369,-4.478414058685303,-4.631711959838867,-4.754541397094727,-4.873573303222656,-4.972605228424072,-5.069980621337891,-5.149603843688965,-5.2136406898498535,-5.257004737854004,-5.293087005615234,-5.325322151184082,-5.345428943634033,-5.327887058258057,-5.312232971191406,-5.288966178894043,-5.239243507385254,-5.208004951477051
-1.3497800827026367,-1.0222041606903076,-0.8918600678443909,-1.0614004135131836,-1.202504277229309,-0.32615065574645996,-1.3921611309051514,-2.1439430713653564,-2.488460063934326,-3.0015196800231934,-2.8163678646087646,-2.8913631439208984,-3.679901123046875,-4.292832851409912,-3.6933159828186035,-4.581709861755371,-3.888341188430786,-2.676616668701172,-3.5081787109375,-3.4388511180877686,-3.629943370819092,-3.793437957763672,-3.9534215927124023,-4.0965070724487305,-4.2512311935424805,-4.4094696044921875,-4.573455810546875,-4.717329978942871,-4.846330642700195,-4.959406852722168,-5.064079761505127,-5.163613319396973,-5.243712425231934,-5.306747913360596,-5.357120513916016,-5.399625301361084,-5.429980278015137,-5.445718288421631,-5.427781581878662,-5.410717487335205,-5.386410236358643,-5.339204788208008,-5.294319152832031
-1.1931805610656738,-1.2489205598831177,-1.1650972366333008,-2.256984233856201,-1.1005960702896118,-1.77676522731781,-2.0726535320281982,-1.8561652898788452,-2.5848612785339355,-3.49314546585083,-4.151576042175293,-4.518139839172363,-4.324470520019531,-3.5639572143554688,-3.7661478519439697,-4.243041515350342,-3.327422618865967,-2.72411847114563,-4.146213054656982,-3.848494291305542,-3.78379225730896,-3.868175983428955,-4.008400917053223,-4.154892921447754,-4.326041221618652,-4.493736267089844,-4.657354354858398,-4.800844192504883,-4.928168296813965,-5.051164627075195,-5.155030727386475,-5.260717868804932,-5.336475372314453,-5.408271789550781,-5.460529327392578,-5.503719329833984,-5.539389133453369,-5.547845840454102,-5.539194107055664,-5.526830673217773,-5.496603965759277,-5.4534759521484375,-5.402704238891602
-1.7977949380874634,-2.1849164962768555,-1.7113714218139648,-2.1766393184661865,-1.8359441757202148,-1.6797521114349365,-1.8677603006362915,-3.579892158508301,-5.253554344177246,-4.636761665344238,-5.221734046936035,-5.112174034118652,-4.420729160308838,-3.742039680480957,-4.411252975463867,-3.8157124519348145,-2.9271411895751953,-3.417126417160034,-4.068863391876221,-3.9851279258728027,-3.9451773166656494,-3.9859442710876465,-4.1006855964660645,-4.248997688293457,-4.414084434509277,-4.579644203186035,-4.739627361297607,-4.881966590881348,-5.0156636238098145,-5.141844749450684,-5.25269079208374,-5.35305118560791,-5.438642978668213,-5.5106892585754395,-5.566230773925781,-5.61352014541626,-5.6474223136901855,-5.6584672927856445,-5.66456937789917,-5.645561695098877,-5.6110639572143555,-5.572729110717773,-5.536966323852539
-2.016057014465332,-2.584294319152832,-2.6982908248901367,-3.1588997840881348,-2.1038622856140137,-2.6327288150787354,-2.4364781379699707,-3.660740613937378,-5.547732353210449,-5.879120349884033,-5.566816329956055,-4.945749282836914,-4.657601356506348,-4.4755167961120605,-4.247251510620117,-3.543058156967163,-3.532999038696289,-4.583474636077881,-4.397211074829102,-4.166910171508789,-4.1030073165893555,-4.129175186157227,-4.215694427490234,-4.355555534362793,-4.5070672035217285,-4.672058582305908,-4.819621562957764,-4.965068817138672,-5.099220275878906,-5.232769012451172,-5.346112251281738,-5.4431023597717285,-5.544490814208984,-5.610165596008301,-5.671146392822266,-5.72311544418335,-5.757081985473633,-5.777817726135254,-5.78452205657959,-5.767330646514893,-5.737002849578857,-5.702834129333496,-5.667670249938965
-2.2576098442077637,-2.661073684692383,-2.2317209243774414,-3.2683494091033936,-2.0174477100372314,-3.233015537261963,-3.1715407371520996,-4.1546478271484375,-4.565691947937012,-6.237511157989502,-5.042123794555664,-4.90412712097168,-4.81466007232666,-4.874087333679199,-3.7311244010925293,-4.697444915771484,-3.929149627685547,-4.705868244171143,-4.494937419891357,-4.319993019104004,-4.258417129516602,-4.271134853363037,-4.349531173706055,-4.468553066253662,-4.617789268493652,-4.764522075653076,-4.901467323303223,-5.049433708190918,-5.183877468109131,-5.313934326171875,-5.43311882019043,-5.535827159881592,-5.638219833374023,-5.715590000152588,-5.777405738830566,-5.832408905029297,-5.873712539672852,-5.891316890716553,-5.890110969543457,-5.878066539764404,-5.855300426483154,-5.821228504180908,-5.774939060211182
-1.7609418630599976,-2.01347017288208,-2.3613831996917725,-2.314722776412964,-4.394787311553955,-4.083831310272217,-3.5344369411468506,-4.4234771728515625,-4.31803035736084,-4.48660945892334,-3.282593250274658,-4.745170593261719,-4.9406023025512695,-4.586308479309082,-4.337377548217773,-4.614879131317139,-4.904764175415039,-4.803173542022705,-4.585232734680176,-4.449465751647949,-4.406080722808838,-4.406026363372803,-4.478062629699707,-4.587325096130371,-4.721887111663818,-4.863629341125488,-4.988412857055664,-5.126204490661621,-5.271751403808594,-5.402926445007324,-5.515674591064453,-5.621241092681885,-5.731898784637451,-5.806828022003174,-5.883241176605225,-5.944191932678223,-5.973806381225586,-5.997580528259277,-5.993193626403809,-5.972319602966309,-5.938589096069336,-5.908133506774902,-5.830753326416016
