wind_JJA_night_4x4.json
{"header": {"parameterCategory": 2, "parameterUnit": "m/s", "nx": 55, "ny": 70, "lo1": 118.693, "la1": 26.200841440399998, "lo2": 123.1583090968, "la2": 21.0494, "dx": 0.0826909092, "dy": 0.0746585716, "refTime": "2025-01-01 00:00:00", "forecastTime": 0, "parameterNumber": 3}, "data":
[rows 19 to 37 of 70, columns 0 to 42 of 55]
1.1096711158752441,1.696413278579712,1.9703705310821533,1.9131512641906738,1.968852162361145,1.984889030456543,1.9851129055023193,2.021899461746216,2.0711662769317627,2.1324760913848877,2.2098145484924316,2.3318519592285156,2.474719524383545,2.6305572986602783,2.7937376499176025,2.949122905731201,3.134911298751831,3.254284143447876,3.3741934299468994,3.5020017623901367,3.658831834793091,3.8066375255584717,3.966752290725708,4.0952277183532715,4.172006130218506,4.127682685852051,3.761866569519043,1.7966309785842896,0.7239086031913757,1.2056868076324463,-0.20982854068279266,1.7248330116271973,1.1394716501235962,0.945515513420105,-0.032497767359018326,0.09440702199935913,-1.4007751941680908,-0.8140068054199219,0.02839590050280094,1.8892924785614014,2.6907339096069336,2.9181487560272217,3.123227834701538
1.1209826469421387,1.7083245515823364,1.8864212036132812,1.929237723350525,1.9719493389129639,1.9851486682891846,1.9988152980804443,2.03544020652771,2.094409942626953,2.175811767578125,2.276487112045288,2.415618896484375,2.539947509765625,2.701292037963867,2.888493299484253,3.0508108139038086,3.18222975730896,3.2883474826812744,3.4199588298797607,3.5477445125579834,3.726867437362671,3.903353691101074,4.079516410827637,4.23412561416626,4.267168045043945,4.018166542053223,3.0330090522766113,1.358495831489563,1.0138428211212158,0.186613067984581,0.8238996267318726,0.700671911239624,0.6820772886276245,0.14452604949474335,0.5842644572257996,-0.3014999032020569,-1.109637975692749,0.3789520859718323,-0.007763596251606941,1.7637132406234741,2.683032512664795,2.8651633262634277,3.0781753063201904
1.4588654041290283,1.7589694261550903,1.9008479118347168,1.9205981492996216,1.9535441398620605,1.9772025346755981,2.031329870223999,2.080927848815918,2.1536426544189453,2.2408552169799805,2.3506851196289062,2.4758687019348145,2.6124117374420166,2.7625226974487305,2.938997268676758,3.0803005695343018,3.203667163848877,3.3317251205444336,3.45858097076416,3.598640203475952,3.7992753982543945,4.012657642364502,4.187692165374756,4.313248634338379,4.207370758056641,3.521251916885376,1.8298438787460327,1.5831369161605835,1.3957464694976807,0.9907730221748352,0.8918287754058838,0.6395177841186523,0.2749752700328827,0.24686075747013092,-1.357272744178772,0.20755824446678162,0.9523543119430542,0.9900027513504028,-0.30312174558639526,1.6308119297027588,2.483262300491333,2.753347873687744,3.0158114433288574
1.7303946018218994,1.8042380809783936,1.897878646850586,1.9203441143035889,1.9652937650680542,2.0086069107055664,2.0661303997039795,2.1517817974090576,2.2389559745788574,2.333465337753296,2.452404499053955,2.5464539527893066,2.672116756439209,2.8226590156555176,2.967352867126465,3.1012496948242188,3.228760004043579,3.3591983318328857,3.492389678955078,3.6525113582611084,3.848989486694336,4.057793140411377,4.2370195388793945,4.2566399574279785,3.934595823287964,1.7794764041900635,1.4506852626800537,0.839553952217102,0.3028486967086792,-0.1084953248500824,0.15474677085876465,0.32219019532203674,0.1300160139799118,-0.957577109336853,0.32109442353248596,0.9768993854522705,0.34402740001678467,0.5614572167396545,0.3650514483451843,1.8767797946929932,2.1433393955230713,2.6004860401153564,2.940976858139038
1.8446083068847656,1.8327126502990723,1.8874211311340332,1.9330110549926758,1.9901180267333984,2.0330653190612793,2.1172080039978027,2.211682081222534,2.3020479679107666,2.392366647720337,2.5064940452575684,2.6167120933532715,2.74579119682312,2.8793749809265137,3.0103273391723633,3.1435585021972656,3.2637195587158203,3.39033842086792,3.5405421257019043,3.7028872966766357,3.9199392795562744,4.1071343421936035,4.249902725219727,3.9926304817199707,2.172089099884033,1.8017514944076538,2.1471121311187744,2.1994409561157227,1.7832740545272827,1.2274647951126099,0.9013340473175049,1.221477746963501,0.659631609916687,-0.3370490074157715,1.0091195106506348,-1.1661376953125,-0.6002495288848877,-0.5133084654808044,-0.21147502958774567,1.2624709606170654,1.9107224941253662,2.486764907836914,2.8872101306915283
1.6938281059265137,1.8011142015457153,1.8963532447814941,1.9643950462341309,2.0294504165649414,2.0925731658935547,2.1780807971954346,2.278963565826416,2.3738064765930176,2.4716057777404785,2.5740485191345215,2.6677722930908203,2.7824878692626953,2.8920469284057617,3.0295071601867676,3.1755902767181396,3.306472063064575,3.434993267059326,3.5715084075927734,3.7415273189544678,3.9602251052856445,4.126863479614258,4.138664245605469,3.2081856727600098,1.9252606630325317,2.2736003398895264,2.360785961151123,1.5379987955093384,0.3427143394947052,-0.8586989641189575,-0.9976052641868591,0.3961617350578308,-0.5814908742904663,0.1550590991973877,-0.7574247717857361,-1.2756904363632202,0.0888563022017479,0.25595903396606445,0.12487616389989853,1.3359708786010742,1.8784061670303345,2.4745795726776123,2.866197109222412
1.824499249458313,1.8892278671264648,1.9541211128234863,2.0107789039611816,2.093590497970581,2.171079635620117,2.271477222442627,2.3488941192626953,2.42643141746521,2.5327374935150146,2.6302499771118164,2.7119345664978027,2.7886271476745605,2.88993239402771,3.04077410697937,3.1858208179473877,3.330965757369995,3.4686501026153564,3.614081621170044,3.808215856552124,3.9790689945220947,4.100874900817871,3.783924102783203,1.8895297050476074,2.0046286582946777,0.7636399269104004,0.8336905241012573,-0.03978298604488373,0.5705555081367493,0.7157251238822937,0.45235902070999146,-1.2718979120254517,-0.03411896899342537,-0.551784098148346,-0.45775362849235535,-0.6473113298416138,-0.017371241003274918,-0.8833023309707642,1.110716462135315,1.3298671245574951,1.954728603363037,2.505157470703125,2.871443748474121
1.8740943670272827,1.921557903289795,1.9992148876190186,2.067258834838867,2.144242525100708,2.2317285537719727,2.333585739135742,2.421491861343384,2.4986579418182373,2.587570905685425,2.6724867820739746,2.7488183975219727,2.814448595046997,2.9264636039733887,3.050084352493286,3.209681987762451,3.3770689964294434,3.523514747619629,3.6721370220184326,3.819887161254883,3.9465746879577637,3.9394474029541016,2.426771879196167,1.9293839931488037,1.4164752960205078,1.6745095252990723,0.9709287285804749,0.022102225571870804,1.3950488567352295,-1.128047227859497,-1.8888880014419556,-0.06188946217298508,0.5443398952484131,-1.8327772617340088,-0.4941449761390686,0.9036078453063965,-0.743972897529602,-0.6117517352104187,0.6567580103874207,1.3945932388305664,2.08712100982666,2.5525970458984375,2.8575212955474854
1.886420488357544,1.963117241859436,2.0571210384368896,2.127781629562378,2.213404417037964,2.3003344535827637,2.39534330368042,2.4775168895721436,2.5635900497436523,2.6399245262145996,2.7195911407470703,2.792224407196045,2.8777008056640625,2.9772732257843018,3.110395908355713,3.2803101539611816,3.4489381313323975,3.585242986679077,3.6930105686187744,3.8161513805389404,3.847442626953125,3.524083137512207,1.7850778102874756,1.7566113471984863,1.5991647243499756,1.1450061798095703,1.4953250885009766,-0.14839240908622742,-0.76529461145401,0.2256651520729065,-0.7434384226799011,0.07448209077119827,-1.879044532775879,-1.2019691467285156,-0.5710886120796204,-1.0337939262390137,-0.3808346390724182,-0.10865875333547592,0.8759588599205017,1.6478817462921143,2.223355293273926,2.6427297592163086,2.8973605632781982
1.9873709678649902,2.0591864585876465,2.1439452171325684,2.198427200317383,2.291551113128662,2.390544891357422,2.4633445739746094,2.5457072257995605,2.6090221405029297,2.693051338195801,2.750938892364502,2.835330009460449,2.9245033264160156,3.0136070251464844,3.172487735748291,3.3485491275787354,3.507291793823242,3.6279072761535645,3.7079970836639404,3.773576498031616,3.6501922607421875,1.8385792970657349,1.6750497817993164,1.468912124633789,1.3083434104919434,0.5727459192276001,1.3413300514221191,-0.3941187262535095,-0.5406327843666077,-0.891299843788147,-0.3115255534648895,-0.6435897350311279,0.46726474165916443,0.7825950384140015,-0.37035882472991943,-0.3948719799518585,-0.5974951386451721,0.5684242248535156,1.3739025592803955,1.9307210445404053,2.3772592544555664,2.6911768913269043,2.9175872802734375
2.047530174255371,2.142291307449341,2.2197017669677734,2.3079752922058105,2.3804588317871094,2.4666147232055664,2.5301320552825928,2.5912299156188965,2.6575355529785156,2.7150087356567383,2.7879185676574707,2.8557920455932617,2.9225642681121826,3.0260438919067383,3.2136154174804688,3.3949337005615234,3.553339958190918,3.64081072807312,3.703967809677124,3.699357509613037,3.2234058380126953,1.5749177932739258,1.4931772947311401,1.7982844114303589,1.1427593231201172,0.8885445594787598,-1.00740647315979,0.29686376452445984,0.03685004264116287,-0.5975379347801208,-1.4832137823104858,-0.7651592493057251,-1.9356521368026733,-1.6055057048797607,-0.8517426252365112,-0.4438503384590149,-0.3879973292350769,1.1566067934036255,1.7243980169296265,2.1326565742492676,2.468043088912964,2.7246477603912354,2.9209299087524414
2.1528196334838867,2.2555127143859863,2.3389499187469482,2.4031260013580322,2.4599547386169434,2.5298619270324707,2.571964740753174,2.6315836906433105,2.6928179264068604,2.74489164352417,2.797175645828247,2.842179298400879,2.914374828338623,3.0559701919555664,3.2355728149414062,3.4117813110351562,3.572434902191162,3.6722633838653564,3.6601614952087402,3.5413496494293213,2.2531723976135254,1.749434232711792,1.574225902557373,1.2532662153244019,0.8700006604194641,-0.12935271859169006,1.2786098718643188,0.08994893729686737,0.0063308048993349075,0.48131316900253296,-0.6548163890838623,-0.5496413111686707,0.621588945388794,0.6921043395996094,-0.5314517021179199,-0.272871732711792,0.6787025928497314,1.501217007637024,1.882145643234253,2.2564268112182617,2.530963897705078,2.736781120300293,2.931929111480713
2.2667365074157715,2.3637564182281494,2.445953369140625,2.491299629211426,2.5438454151153564,2.5907652378082275,2.6358752250671387,2.6748859882354736,2.6882951259613037,2.728198289871216,2.7576744556427,2.82206392288208,2.885782480239868,3.0503122806549072,3.242658853530884,3.4364068508148193,3.5817244052886963,3.6640806198120117,3.5342965126037598,3.1885385513305664,1.5376757383346558,1.7947088479995728,1.2826043367385864,1.0815479755401611,0.9546108841896057,0.30134516954421997,0.037548888474702835,0.8844736218452454,0.9350122213363647,0.22883732616901398,0.46425098180770874,-1.0190505981445312,-0.7013553380966187,-0.9201273918151855,-0.5170833468437195,0.6142901182174683,0.9415885806083679,1.5550928115844727,1.957559585571289,2.337557315826416,2.583078622817993,2.7666263580322266,2.960446834564209
2.3761284351348877,2.468723773956299,2.533961296081543,2.5545153617858887,2.6084771156311035,2.6473307609558105,2.6617817878723145,2.693157911300659,2.6834378242492676,2.7023911476135254,2.7291312217712402,2.763378620147705,2.8528101444244385,3.060579776763916,3.2680258750915527,3.4461753368377686,3.5553884506225586,3.6026406288146973,3.2642178535461426,2.3433923721313477,1.7850821018218994,1.6162676811218262,1.251725435256958,1.0230512619018555,0.6754029989242554,0.5181365013122559,-0.8721301555633545,0.05050092563033104,-0.7702770829200745,-0.44030433893203735,-1.540492057800293,-1.6715188026428223,-0.3527495265007019,0.21964353322982788,0.20038913190364838,0.12171254307031631,1.0348811149597168,1.5832273960113525,2.0458245277404785,2.392259120941162,2.6125693321228027,2.791153907775879,2.986776351928711
2.4786224365234375,2.5556468963623047,2.608673095703125,2.6193628311157227,2.6567065715789795,2.67855167388916,2.6891372203826904,2.681489944458008,2.6739420890808105,2.670332193374634,2.6670637130737305,2.6530263423919678,2.7976391315460205,3.0552728176116943,3.276073455810547,3.414118766784668,3.533047676086426,3.519852876663208,3.0709750652313232,1.6718645095825195,1.6806566715240479,1.3505061864852905,1.1031153202056885,0.7290976047515869,0.385364294052124,0.8272825479507446,0.5867335200309753,0.5194482207298279,0.6373918652534485,-0.5895293354988098,-1.1965343952178955,0.305189311504364,0.45073413848876953,-0.7455551028251648,0.7068524956703186,0.34967440366744995,1.067580223083496,1.5979242324829102,2.111206531524658,2.429900646209717,2.643071174621582,2.8266184329986572,3.0403521060943604
2.5743775367736816,2.639221668243408,2.6899514198303223,2.6856350898742676,2.7071590423583984,2.6985771656036377,2.675682306289673,2.65085768699646,2.644198417663574,2.6445415019989014,2.587742328643799,2.25531268119812,2.6879143714904785,3.075578212738037,3.2710249423980713,3.407332420349121,3.503251791000366,3.4645438194274902,1.6712968349456787,1.6438753604888916,1.650447130203247,1.4006904363632202,1.4460227489471436,0.93818199634552,0.15211576223373413,0.5242202281951904,0.35862454771995544,-0.20748907327651978,-0.4494393765926361,-0.43340957164764404,1.04762864112854,-1.033031702041626,-0.2092565894126892,-0.1633816659450531,0.9164336919784546,0.6370300054550171,1.0199178457260132,1.6455215215682983,2.1478769779205322,2.456791400909424,2.678128719329834,2.900350332260132,3.0897088050842285
2.6660845279693604,2.7245147228240967,2.7615597248077393,2.741039991378784,2.734609365463257,2.6980934143066406,2.684291362762451,2.6400444507598877,2.6280646324157715,2.6253788471221924,2.5678184032440186,1.7242519855499268,2.6002039909362793,3.1088037490844727,3.257333278656006,3.3621559143066406,3.462458372116089,3.411689043045044,1.650651216506958,1.6321748495101929,1.5032155513763428,1.1761114597320557,1.5986123085021973,1.449400544166565,0.6349263191223145,0.4174625277519226,0.061363570392131805,-0.040989406406879425,-0.4035729765892029,-0.5091423988342285,-0.042222850024700165,-0.3603206276893616,-0.5726310610771179,0.7980269193649292,-0.41955775022506714,0.09767617285251617,0.9594281911849976,1.68345308303833,2.1892154216766357,2.4892947673797607,2.7118210792541504,2.9370884895324707,3.1663687229156494
2.7384440898895264,2.7832417488098145,2.804624080657959,2.770969867706299,2.7450475692749023,2.7223663330078125,2.6764416694641113,2.634305715560913,2.6155216693878174,2.6200904846191406,2.6590092182159424,2.067767858505249,2.939295768737793,3.110222578048706,3.2176461219787598,3.323256492614746,3.3817973136901855,3.2602946758270264,1.5598441362380981,1.585954189300537,1.6932669878005981,1.2418404817581177,0.7957757711410522,0.3068464994430542,1.8201894760131836,-0.2225576937198639,-0.36093032360076904,0.528228223323822,0.16649295389652252,0.6078841090202332,-0.6557995080947876,-0.8502860069274902,-0.654110312461853,0.021136697381734848,0.16048793494701385,0.46020305156707764,1.0558050870895386,1.7442898750305176,2.1991753578186035,2.517993927001953,2.781442642211914,3.0293171405792236,3.2475428581237793
2.785810708999634,2.8120269775390625,2.8282458782196045,2.778221607208252,2.754347324371338,2.716825008392334,2.6748223304748535,2.649479389190674,2.6466763019561768,2.643970251083374,2.6579034328460693,2.85064697265625,2.9613089561462402,3.0955657958984375,3.190441608428955,3.2465455532073975,3.2607364654541016,3.09127140045166,2.060776710510254,1.4514726400375366,1.6525064706802368,1.305045247077942,0.70879727602005,-0.39912548661231995,0.41677552461624146,-0.8976737856864929,-0.4607410132884979,-0.33742082118988037,-0.13315348327159882,-1.619779348373413,-1.0767161846160889,-0.6725351214408875,-0.7655015587806702,0.08181913197040558,-0.3891744911670685,0.4420444965362549,1.2144449949264526,1.78583824634552,2.21427059173584,2.5478169918060303,2.8329174518585205,3.0726799964904785,3.2819995880126953
