wind_JJA_night_4x4.json
{"header": {"parameterCategory": 2, "parameterUnit": "m/s", "nx": 55, "ny": 70, "lo1": 118.693, "la1": 26.200841440399998, "lo2": 123.1583090968, "la2": 21.0494, "dx": 0.0826909092, "dy": 0.0746585716, "refTime": "2025-01-01 00:00:00", "forecastTime": 0, "parameterNumber": 3}, "data":
[rows 0 to 18 of 70, columns 0 to 42 of 55]
0.38800880312919617,-0.0873030349612236,-0.046864692121744156,-0.22954033315181732,-0.6555500626564026,-1.1850930452346802,-1.239525556564331,-0.6283414363861084,-0.3641449809074402,0.09151045233011246,-0.17775003612041473,-0.1656249761581421,0.6210682392120361,1.2820885181427002,1.335439682006836,1.7603108882904053,2.1069746017456055,2.310837745666504,2.4829978942871094,2.6147117614746094,2.754202365875244,2.8791425228118896,2.988603115081787,3.0806541442871094,3.1506388187408447,3.2083029747009277,3.253709316253662,3.290135145187378,3.3354578018188477,3.387467384338379,3.429758071899414,3.467815399169922,3.508875846862793,3.552659511566162,3.5886926651000977,3.6259212493896484,3.6723079681396484,3.7234668731689453,3.771664619445801,3.8160409927368164,3.8496837615966797,3.8719024658203125,3.887639045715332
-0.1450202465057373,0.14229121804237366,0.9590601921081543,1.0373597145080566,0.2789098918437958,-0.3874543607234955,-0.9070883989334106,-0.27288562059402466,0.06410227715969086,0.19685563445091248,0.10565702617168427,0.049879688769578934,0.36216676235198975,1.005720615386963,1.5628266334533691,1.6566780805587769,2.1507985591888428,2.2698798179626465,2.455916404724121,2.5918047428131104,2.7293612957000732,2.832953453063965,2.918827533721924,2.9729795455932617,3.0155184268951416,3.0566556453704834,3.0880744457244873,3.1145925521850586,3.1537203788757324,3.195167064666748,3.2152533531188965,3.2354605197906494,3.2567362785339355,3.288558006286621,3.340669631958008,3.3855276107788086,3.4260494709014893,3.4786159992218018,3.5308279991149902,3.5843770503997803,3.622260093688965,3.6528494358062744,3.680187463760376
0.7255440950393677,1.1473480463027954,1.2867519855499268,1.4093852043151855,1.12484872341156,0.03567012399435043,-0.07796812802553177,0.3138100206851959,0.20322096347808838,0.6366164684295654,-0.24130064249038696,0.15660922229290009,0.32203352451324463,1.509743571281433,2.073906898498535,2.214644193649292,2.2210848331451416,2.3621737957000732,2.535125732421875,2.6843607425689697,2.779798984527588,2.885833501815796,2.92598557472229,2.943166732788086,2.9560065269470215,2.9885072708129883,3.0101497173309326,3.0422563552856445,3.0624797344207764,3.0761258602142334,3.093773603439331,3.1077630519866943,3.125990390777588,3.157627582550049,3.203174591064453,3.240196466445923,3.290961742401123,3.372793674468994,3.4356043338775635,3.5140318870544434,3.568216562271118,3.608945369720459,3.6429505348205566
1.8254860639572144,1.7885246276855469,0.9007712602615356,-0.3423376977443695,0.5710753202438354,0.719138503074646,-0.8583343029022217,0.7078531980514526,0.009101874195039272,-0.04243342950940132,0.6748138070106506,0.4138229191303253,0.006441694684326649,2.0296666622161865,2.2291955947875977,2.321356773376465,2.2000885009765625,2.4755842685699463,2.647387981414795,2.758094549179077,2.85626220703125,2.9178407192230225,2.941776752471924,2.9576072692871094,2.9777445793151855,3.013782024383545,3.055251121520996,3.0659403800964355,3.074843645095825,3.102217674255371,3.092686653137207,3.08620023727417,3.079033613204956,3.1264488697052,3.1484575271606445,3.200320243835449,3.268526554107666,3.3320348262786865,3.404146194458008,3.4778976440429688,3.5539021492004395,3.6036994457244873,3.6393609046936035
0.2540808320045471,0.5810785889625549,0.37318873405456543,0.013746349141001701,-0.8431277275085449,-1.0731216669082642,0.7015026807785034,0.5824867486953735,0.08985324949026108,-0.10360847413539886,-0.5246253609657288,-0.057710595428943634,1.586724877357483,2.2097063064575195,2.259596586227417,2.2954812049865723,2.3530073165893555,2.5472490787506104,2.7247579097747803,2.8311057090759277,2.9093430042266846,2.941725730895996,2.9590721130371094,2.9904396533966064,3.0199055671691895,3.0489680767059326,3.060858964920044,3.071683406829834,3.084510564804077,3.0816874504089355,3.06376576423645,3.0466151237487793,3.0389623641967773,3.064423084259033,3.0922324657440186,3.1301181316375732,3.196471691131592,3.2629737854003906,3.356599807739258,3.444582939147949,3.517139434814453,3.5689923763275146,3.589460611343384
-0.7011867761611938,-0.5825679302215576,-0.04029933363199234,0.17849352955818176,0.4906024634838104,0.365129292011261,1.1265249252319336,0.08504583686590195,1.8501931428909302,1.1046756505966187,-0.3301040232181549,0.14607760310173035,2.1160268783569336,2.2425098419189453,2.2548649311065674,2.257896900177002,2.4166200160980225,2.6324167251586914,2.783867597579956,2.877322196960449,2.9329848289489746,2.968611478805542,2.9849765300750732,3.0149497985839844,3.042590379714966,3.056741714477539,3.080650806427002,3.0812556743621826,3.0740890502929688,3.068930149078369,3.042381525039673,3.006411552429199,2.9853689670562744,2.986302137374878,3.0039873123168945,3.045010566711426,3.111035108566284,3.1900200843811035,3.2919270992279053,3.3799850940704346,3.459225654602051,3.514573574066162,3.54504132270813
-0.140691339969635,-0.491599440574646,0.3257397711277008,1.0850193500518799,1.0251891613006592,1.1192013025283813,0.5513747930526733,-0.5205879807472229,-0.29353639483451843,1.453463077545166,1.1480804681777954,1.2679139375686646,2.233015298843384,2.2289700508117676,2.058290958404541,2.2050631046295166,2.4936957359313965,2.6933183670043945,2.827526330947876,2.8964173793792725,2.939213752746582,2.9724740982055664,2.9979729652404785,3.0322940349578857,3.0692782402038574,3.0807876586914062,3.087761163711548,3.072596788406372,3.0522565841674805,3.0272393226623535,2.991213321685791,2.9513168334960938,2.9227840900421143,2.8998005390167236,2.8961269855499268,2.923511028289795,2.9685933589935303,3.066573143005371,3.168429136276245,3.2791190147399902,3.38266921043396,3.4638729095458984,3.495624542236328
0.7492502927780151,0.39908093214035034,0.44082775712013245,-0.30822229385375977,-0.275331974029541,1.0451490879058838,-0.850031316280365,0.3763299584388733,1.1056205034255981,0.1707502007484436,0.4632563889026642,1.1726088523864746,1.939191460609436,1.5929992198944092,1.7908395528793335,2.2258169651031494,2.5364370346069336,2.703861713409424,2.8021936416625977,2.8825182914733887,2.931924819946289,2.967661142349243,3.0098352432250977,3.0664191246032715,3.070528507232666,3.095562219619751,3.0847578048706055,3.065639019012451,3.041426181793213,3.002450704574585,2.9438977241516113,2.911029815673828,2.8493309020996094,2.79889178276062,2.7950143814086914,2.7870607376098633,2.849822759628296,2.923535108566284,3.040081024169922,3.166088581085205,3.295297622680664,3.38356876373291,3.4340949058532715
0.788658618927002,0.6263447999954224,0.14771977066993713,0.2809337377548218,0.8922566771507263,0.2501962184906006,-0.981765866279602,-0.20726405084133148,0.3639146089553833,0.7961708307266235,1.3601224422454834,1.0022976398468018,1.9863011837005615,1.3484190702438354,1.714102029800415,2.3236896991729736,2.557391405105591,2.668567419052124,2.771470546722412,2.8593802452087402,2.933302879333496,2.98445463180542,3.0418481826782227,3.0750041007995605,3.0914359092712402,3.086325168609619,3.070929527282715,3.0507283210754395,3.0235629081726074,2.9803667068481445,2.9202113151550293,2.8542585372924805,2.7656936645507812,2.691124677658081,2.6520795822143555,2.6061758995056152,2.6251797676086426,2.702960968017578,2.8479809761047363,3.0507054328918457,3.2274138927459717,3.342617988586426,3.3948440551757812
0.0951755940914154,0.30631986260414124,-0.004171225242316723,-0.22128409147262573,0.5700961351394653,-0.2444162368774414,-0.1850748062133789,0.22993305325508118,1.07120680809021,1.3348110914230347,0.7822295427322388,0.7680858969688416,1.946514368057251,0.6136816143989563,1.3464616537094116,2.4216115474700928,2.542804718017578,2.6388134956359863,2.7465415000915527,2.862217903137207,2.95509934425354,3.034031867980957,3.0715911388397217,3.1023378372192383,3.1077146530151367,3.1075968742370605,3.0859780311584473,3.0723352432250977,3.0315101146698,2.9695096015930176,2.8903872966766357,2.797680377960205,2.682299852371216,2.573648452758789,2.477684497833252,2.3945560455322266,2.353209972381592,2.400240898132324,2.6048271656036377,2.9031143188476562,3.146726131439209,3.3128976821899414,3.3716464042663574
-1.115322232246399,-0.6439355611801147,-0.27104711532592773,0.08311592042446136,0.05943119898438454,0.3266555070877075,1.0860769748687744,1.6934587955474854,1.6492284536361694,2.199111223220825,1.277420997619629,1.2420159578323364,1.9203983545303345,1.2817373275756836,2.137063503265381,2.3546931743621826,2.4808602333068848,2.6263961791992188,2.7501912117004395,2.8856992721557617,2.9864351749420166,3.0543572902679443,3.1058850288391113,3.1364634037017822,3.1408731937408447,3.1514058113098145,3.1278789043426514,3.0881404876708984,3.0416970252990723,2.960911273956299,2.8463735580444336,2.723336696624756,2.5581789016723633,2.405667781829834,2.2622251510620117,2.1099469661712646,1.969501256942749,1.9948800802230835,2.2795441150665283,2.725742816925049,3.0868752002716064,3.3193202018737793,3.3770203590393066
-1.087613582611084,-0.8762176036834717,-0.39207571744918823,-0.20357690751552582,0.21526959538459778,0.6475298404693604,1.1377087831497192,1.59482741355896,1.38494873046875,2.0735294818878174,2.201112747192383,1.7328048944473267,2.357339859008789,2.2639713287353516,2.2221550941467285,2.34376859664917,2.4939239025115967,2.6348743438720703,2.7754921913146973,2.926928758621216,3.019427537918091,3.1024892330169678,3.1353161334991455,3.1609573364257812,3.179877996444702,3.1772096157073975,3.165091037750244,3.1289265155792236,3.0853748321533203,3.0031166076660156,2.8378329277038574,2.636624813079834,2.4101195335388184,2.173938274383545,1.99321711063385,1.7648186683654785,1.4646846055984497,1.423271894454956,1.8515245914459229,2.562629222869873,3.103437662124634,3.352362632751465,3.4043073654174805
-0.29151517152786255,-0.3933640420436859,-0.2404029369354248,-0.20033563673496246,0.380349725484848,0.8159837126731873,0.6366924047470093,1.2815706729888916,1.2916120290756226,2.1875393390655518,2.088451385498047,2.261321783065796,1.7805575132369995,2.2159905433654785,2.2586963176727295,2.3995580673217773,2.5464632511138916,2.7043306827545166,2.843489646911621,2.9752540588378906,3.0614688396453857,3.135404109954834,3.1742396354675293,3.2153868675231934,3.2333312034606934,3.243696689605713,3.2206549644470215,3.2002315521240234,3.1300718784332275,3.0175130367279053,2.8260726928710938,2.5812220573425293,2.230205535888672,1.7837495803833008,1.6525219678878784,1.1893723011016846,0.7032395005226135,0.764847457408905,1.4018440246582031,2.4747695922851562,3.1350936889648438,3.4258227348327637,3.4540457725524902
0.23387673497200012,-0.1629442423582077,0.028099367395043373,0.5674742460250854,0.908313512802124,0.9832440614700317,0.7753809690475464,0.18180842697620392,1.8825962543487549,2.345125913619995,1.5669457912445068,2.1289546489715576,2.187985420227051,2.1776976585388184,2.2898659706115723,2.4361095428466797,2.6072309017181396,2.7689859867095947,2.9172940254211426,3.026125431060791,3.1334075927734375,3.204432249069214,3.2589271068573,3.306894063949585,3.325070381164551,3.3324522972106934,3.3100385665893555,3.27701735496521,3.193276882171631,3.0106000900268555,2.75152587890625,2.411303997039795,1.931256651878357,1.2782764434814453,1.4390554428100586,1.0360723733901978,0.10536416620016098,0.3043999969959259,1.0505203008651733,2.5196330547332764,3.1968448162078857,3.511597156524658,3.4940714836120605
0.15173150599002838,-0.017810754477977753,-0.28329998254776,0.401272177696228,1.5202479362487793,0.5447372198104858,1.7519904375076294,2.143226146697998,1.9828264713287354,2.199141025543213,1.8432228565216064,2.1416664123535156,2.166538715362549,2.2157843112945557,2.343189239501953,2.5090465545654297,2.686530590057373,2.849525213241577,2.9885568618774414,3.123828649520874,3.211867332458496,3.2850112915039062,3.341742992401123,3.4004175662994385,3.453686475753784,3.456904649734497,3.449244260787964,3.4088103771209717,3.2869787216186523,3.01245379447937,2.572176456451416,2.026996374130249,1.344693660736084,1.0039918422698975,0.043981924653053284,1.2952215671539307,0.5213320255279541,-0.004263416398316622,1.1200659275054932,2.4921677112579346,3.1655921936035156,3.56868577003479,3.501272201538086
-0.35263603925704956,-0.17066238820552826,0.14119772613048553,1.1284863948822021,1.5507383346557617,2.2162344455718994,2.0602173805236816,2.019259452819824,2.003783941268921,2.1129496097564697,2.0778818130493164,2.119748592376709,2.1882588863372803,2.2792811393737793,2.4156570434570312,2.5917670726776123,2.7560875415802,2.9460480213165283,3.0908496379852295,3.194489002227783,3.290822982788086,3.374300479888916,3.453502655029297,3.5347301959991455,3.5930323600769043,3.61962890625,3.62261962890625,3.5773520469665527,3.404036521911621,2.9114012718200684,1.4641379117965698,0.9129836559295654,1.1136982440948486,-0.3891907334327698,-0.5287165641784668,-1.3763461112976074,-1.0833656787872314,1.8643059730529785,1.3047664165496826,0.9085301756858826,3.02903151512146,3.523989677429199,3.4398512840270996
-0.1684105396270752,0.13068096339702606,0.31285104155540466,0.5418403744697571,1.7023011445999146,2.1411712169647217,2.043111801147461,2.0083212852478027,2.0172882080078125,2.065582752227783,2.064375877380371,2.12028169631958,2.2377939224243164,2.3594260215759277,2.5099191665649414,2.6759917736053467,2.853428840637207,3.014270067214966,3.152970314025879,3.2787420749664307,3.3922882080078125,3.4881033897399902,3.5804214477539062,3.679471969604492,3.7377703189849854,3.7629218101501465,3.780430793762207,3.685044765472412,3.5567119121551514,1.6946443319320679,1.1800323724746704,0.0566713884472847,-0.2901351749897003,0.06325455754995346,0.1558588296175003,-0.010724984109401703,0.31016266345977783,0.8019432425498962,1.1727315187454224,0.9299286007881165,2.919555425643921,3.230318546295166,3.317128896713257
0.6613766551017761,0.7052838206291199,0.8605862259864807,1.6026856899261475,2.0260000228881836,2.033031463623047,2.005646228790283,2.0083041191101074,2.0252254009246826,2.02469801902771,2.0668866634368896,2.1782960891723633,2.304386854171753,2.448208808898926,2.62046480178833,2.783285617828369,2.9655892848968506,3.1295857429504395,3.2428579330444336,3.3423166275024414,3.4713869094848633,3.581650972366333,3.6943256855010986,3.801331043243408,3.880530834197998,3.931212902069092,3.8976306915283203,3.6825037002563477,1.8944748640060425,1.6588101387023926,0.44920939207077026,0.12808439135551453,0.40363988280296326,1.2834522724151611,0.7185717821121216,0.6565775871276855,0.22788792848587036,1.851212978363037,1.342085838317871,0.7769255638122559,2.5305135250091553,2.982173442840576,3.2094216346740723
1.4565664529800415,1.4448142051696777,2.0879902839660645,1.9111074209213257,2.003241539001465,2.007479429244995,1.992073893547058,2.0086135864257812,2.03459095954895,2.0612223148345947,2.1384778022766113,2.2429375648498535,2.392242670059204,2.5442862510681152,2.7053945064544678,2.881819248199463,3.0474088191986084,3.194159507751465,3.2962400913238525,3.425104856491089,3.5723423957824707,3.708953380584717,3.837714672088623,3.9383699893951416,4.050775051116943,4.050154685974121,3.9040169715881348,3.39101505279541,1.1098092794418335,1.247663140296936,1.1562058925628662,0.41816189885139465,1.7914910316467285,1.0049784183502197,1.6177623271942139,0.6463674306869507,1.7575199604034424,0.7519981861114502,-0.5912703275680542,1.856886863708496,2.675090789794922,2.930903434753418,3.1588354110717773
