wind_JJA_avg_native.json
{"header": {"parameterCategory": 2, "parameterUnit": "m/s", "nx": 220, "ny": 280, "lo1": 118.693, "la1": 26.2568353691, "lo2": 123.2203272787, "la2": 21.0494, "dx": 0.0206727273, "dy": 0.0186646429, "refTime": "2025-01-01 00:00:00", "forecastTime": 0, "parameterNumber": 2}, "data":
[rows 38 to 56 of 280, columns 126 to 167 of 220]
2.18727707862854,2.1501851081848145,2.1110544204711914,2.070802688598633,2.025249481201172,1.9704915285110474,1.9081542491912842,1.8441119194030762,1.7841455936431885,1.724959135055542,1.6561105251312256,1.5759854316711426,1.4905152320861816,1.3990740776062012,1.3049824237823486,1.209641933441162,1.1080061197280884,1.0017588138580322,0.8952861428260803,0.7889600992202759,0.6845955848693848,0.5802109241485596,0.4739110767841339,0.374245822429657,0.2811277508735657,0.1914178729057312,0.10726745426654816,0.02823778986930847,-0.04293322563171387,-0.10357668250799179,-0.1567075401544571,-0.20291204750537872,-0.23945488035678864,-0.27038878202438354,-0.30022382736206055,-0.32674553990364075,-0.3464685082435608,-0.3608649969100952,-0.3715740442276001,-0.3786822557449341,-0.3842535614967346,-0.3888370394706726
2.2299575805664062,2.1908771991729736,2.147322177886963,2.1017210483551025,2.053420305252075,1.9989246129989624,1.937151312828064,1.8720118999481201,1.8075470924377441,1.7419695854187012,1.6680293083190918,1.582127571105957,1.4900752305984497,1.3964157104492188,1.3001387119293213,1.1977260112762451,1.0871434211730957,0.9737352728843689,0.8646426200866699,0.755608081817627,0.642723798751831,0.5302679538726807,0.42206382751464844,0.32029467821121216,0.22093692421913147,0.12486971169710159,0.037630945444107056,-0.03955414891242981,-0.10873526334762573,-0.17241622507572174,-0.23003974556922913,-0.2783120274543762,-0.3151954114437103,-0.3446943759918213,-0.3726240396499634,-0.3969193696975708,-0.4135132431983948,-0.42530667781829834,-0.4334940016269684,-0.4355924725532532,-0.4343737065792084,-0.43674737215042114
2.273014545440674,2.2302863597869873,2.1833674907684326,2.1348724365234375,2.083167314529419,2.028367519378662,1.9668396711349487,1.8994255065917969,1.8301825523376465,1.757946252822876,1.677306890487671,1.5854847431182861,1.48922860622406,1.3928519487380981,1.2914681434631348,1.1803029775619507,1.0607373714447021,0.9421104192733765,0.830018162727356,0.714725911617279,0.5938706994056702,0.47570013999938965,0.36574041843414307,0.2594335079193115,0.15352341532707214,0.05541326105594635,-0.03184086084365845,-0.10960665345191956,-0.18234284222126007,-0.25095897912979126,-0.30904725193977356,-0.3557582497596741,-0.3937267065048218,-0.42434006929397583,-0.44997650384902954,-0.4708089828491211,-0.48360538482666016,-0.4896203875541687,-0.4937066435813904,-0.4944849908351898,-0.48939716815948486,-0.48482489585876465
2.312797784805298,2.2672314643859863,2.218447208404541,2.167682647705078,2.112299680709839,2.055352210998535,1.992547869682312,1.9225213527679443,1.8497711420059204,1.772519588470459,1.684801459312439,1.5866942405700684,1.4863688945770264,1.3857126235961914,1.277806282043457,1.1591118574142456,1.033522129058838,0.9086011052131653,0.7871294021606445,0.6654056310653687,0.5417235493659973,0.417948842048645,0.30093738436698914,0.190335214138031,0.08358839154243469,-0.015012238174676895,-0.106641985476017,-0.1922881305217743,-0.27076756954193115,-0.3379799723625183,-0.39120855927467346,-0.43710386753082275,-0.47745805978775024,-0.5088592171669006,-0.5315516591072083,-0.5465822219848633,-0.5547202825546265,-0.5576654672622681,-0.5565630793571472,-0.5530303716659546,-0.545341968536377,-0.533961832523346
2.3521151542663574,2.3040223121643066,2.2530579566955566,2.1996936798095703,2.1426165103912354,2.0817971229553223,2.014275550842285,1.9405701160430908,1.8638341426849365,1.7820223569869995,1.6889677047729492,1.5866971015930176,1.4807405471801758,1.3722560405731201,1.257705569267273,1.1335809230804443,1.002677321434021,0.8689024448394775,0.7358407378196716,0.6088503003120422,0.48393452167510986,0.35396808385849,0.22925999760627747,0.1155691146850586,0.0076391249895095825,-0.09458943456411362,-0.19383558630943298,-0.2874424457550049,-0.3673784136772156,-0.4311807453632355,-0.48289811611175537,-0.5273577570915222,-0.5663517713546753,-0.5965214967727661,-0.6144986748695374,-0.6221926212310791,-0.6260539293289185,-0.6270939111709595,-0.6193742752075195,-0.607811689376831,-0.5995099544525146,-0.5879287719726562
2.395144462585449,2.34375,2.290318250656128,2.235185146331787,2.175048589706421,2.1085753440856934,2.035954236984253,1.9583678245544434,1.876173734664917,1.786916971206665,1.6883370876312256,1.582132339477539,1.4693942070007324,1.3529534339904785,1.2313470840454102,1.1003884077072144,0.9625342488288879,0.8219512104988098,0.6808381080627441,0.5458926558494568,0.4150635600090027,0.2801947295665741,0.15247029066085815,0.034609682857990265,-0.07912254333496094,-0.18695464730262756,-0.2916944921016693,-0.38776499032974243,-0.4674657881259918,-0.5304261445999146,-0.5841382741928101,-0.6295331716537476,-0.6622970104217529,-0.6850393414497375,-0.6969563364982605,-0.6986100673675537,-0.6957983374595642,-0.6907249093055725,-0.676112174987793,-0.6600348949432373,-0.649281919002533,-0.6370371580123901
2.4382996559143066,2.389491558074951,2.3332090377807617,2.2714884281158447,2.2048850059509277,2.133328676223755,2.0570321083068848,1.9754139184951782,1.8861522674560547,1.7878814935684204,1.6827787160873413,1.571894645690918,1.4528331756591797,1.3267885446548462,1.195178747177124,1.0572487115859985,0.9138253331184387,0.7671025395393372,0.6177557110786438,0.47198498249053955,0.3321008086204529,0.19616428017616272,0.0688052847981453,-0.05391840264201164,-0.17639310657978058,-0.2925693988800049,-0.3974529504776001,-0.4925134778022766,-0.575407862663269,-0.6437286138534546,-0.6989805698394775,-0.736459493637085,-0.7603199481964111,-0.7771036624908447,-0.7816143035888672,-0.7754695415496826,-0.7632194757461548,-0.7497507333755493,-0.7350904941558838,-0.7172449827194214,-0.699345588684082,-0.6815493106842041
2.482606887817383,2.4348268508911133,2.3744139671325684,2.3062021732330322,2.235013484954834,2.1592116355895996,2.0773472785949707,1.9895009994506836,1.8927665948867798,1.7861634492874146,1.6748639345169067,1.5590612888336182,1.4324195384979248,1.297067403793335,1.154959797859192,1.006891131401062,0.8558669686317444,0.6995038986206055,0.540623664855957,0.3877004086971283,0.24196115136146545,0.10311880707740784,-0.026020467281341553,-0.1530793458223343,-0.28694039583206177,-0.41181352734565735,-0.5175192356109619,-0.6122918128967285,-0.6974962949752808,-0.7673596143722534,-0.8155184984207153,-0.8452826738357544,-0.8632130026817322,-0.8687173128128052,-0.8617103695869446,-0.8496948480606079,-0.835304856300354,-0.8158080577850342,-0.7944655418395996,-0.7724405527114868,-0.7467526197433472,-0.7202205657958984
2.5232584476470947,2.4730172157287598,2.412552833557129,2.3423657417297363,2.2655839920043945,2.1829404830932617,2.094475746154785,1.9990376234054565,1.8951196670532227,1.784482479095459,1.6674238443374634,1.5418667793273926,1.4061901569366455,1.263381004333496,1.1106728315353394,0.9477878212928772,0.7819454669952393,0.6152608394622803,0.45077425241470337,0.2929815351963043,0.1441190540790558,0.001808389788493514,-0.1363414227962494,-0.2779788076877594,-0.42023128271102905,-0.5466155409812927,-0.6560508012771606,-0.7546356916427612,-0.8380258083343506,-0.8965230584144592,-0.9324332475662231,-0.9547138810157776,-0.9635177850723267,-0.959808349609375,-0.9477972984313965,-0.9301339983940125,-0.9079940319061279,-0.880918562412262,-0.8502551317214966,-0.8190120458602905,-0.7888930439949036,-0.7580143213272095
2.5615310668945312,2.507643222808838,2.4495463371276855,2.379340171813965,2.2953085899353027,2.204892158508301,2.110316276550293,2.006664276123047,1.8941876888275146,1.7772877216339111,1.6527025699615479,1.5158971548080444,1.3708851337432861,1.2180306911468506,1.0519485473632812,0.8744646310806274,0.6956034898757935,0.5224857330322266,0.3544301688671112,0.19138431549072266,0.03470529988408089,-0.12028281390666962,-0.2757621705532074,-0.4296608567237854,-0.5741398930549622,-0.7015047073364258,-0.8120166659355164,-0.906658411026001,-0.980975866317749,-1.0284850597381592,-1.054506540298462,-1.0671412944793701,-1.0684473514556885,-1.0598868131637573,-1.0412076711654663,-1.0124467611312866,-0.9776146411895752,-0.939214825630188,-0.9002587795257568,-0.863378643989563,-0.826393723487854,-0.7900409698486328
2.604398012161255,2.5463695526123047,2.484307289123535,2.410134792327881,2.3220434188842773,2.2269845008850098,2.1257402896881104,2.012833595275879,1.8906352519989014,1.760155439376831,1.6226277351379395,1.4782016277313232,1.3219172954559326,1.151202917098999,0.9675493240356445,0.7810598611831665,0.6016992330551147,0.427082359790802,0.2522968649864197,0.07488503307104111,-0.10224239528179169,-0.2779526710510254,-0.4470576345920563,-0.602203369140625,-0.7434045672416687,-0.8686543703079224,-0.9725832343101501,-1.0566215515136719,-1.1213277578353882,-1.1624679565429688,-1.181777000427246,-1.184262752532959,-1.1758286952972412,-1.158342957496643,-1.1274638175964355,-1.0857254266738892,-1.0406033992767334,-0.99372798204422,-0.947192370891571,-0.9030658006668091,-0.8610500693321228,-0.822382390499115
2.6459715366363525,2.5852854251861572,2.5188565254211426,2.4400553703308105,2.348381280899048,2.2483296394348145,2.1380300521850586,2.015622138977051,1.8803130388259888,1.7334953546524048,1.579606294631958,1.4147546291351318,1.2380430698394775,1.0521196126937866,0.8669934272766113,0.6871456503868103,0.5055037140846252,0.31578463315963745,0.11612360179424286,-0.08937735855579376,-0.29009610414505005,-0.4732927083969116,-0.6376727819442749,-0.7863944172859192,-0.9199893474578857,-1.0339875221252441,-1.1282529830932617,-1.2066121101379395,-1.2658649682998657,-1.298947811126709,-1.30997633934021,-1.3029553890228271,-1.2776528596878052,-1.2411049604415894,-1.198302984237671,-1.1516287326812744,-1.1000417470932007,-1.0433728694915771,-0.9897787570953369,-0.9413081407546997,-0.8964225053787231,-0.8555457592010498
2.6878318786621094,2.6240484714508057,2.5532710552215576,2.471940755844116,2.376690149307251,2.2679595947265625,2.1482765674591064,2.0154263973236084,1.8653000593185425,1.6977391242980957,1.515944004058838,1.3229715824127197,1.1219639778137207,0.9316707849502563,0.7585901618003845,0.5791652202606201,0.37263157963752747,0.1454283893108368,-0.08470562100410461,-0.30931389331817627,-0.5117619633674622,-0.688734769821167,-0.8456403017044067,-0.9811878204345703,-1.1025792360305786,-1.2095165252685547,-1.3002256155014038,-1.3715686798095703,-1.4179048538208008,-1.437406301498413,-1.4332624673843384,-1.411191463470459,-1.3718916177749634,-1.3207355737686157,-1.2649065256118774,-1.2088744640350342,-1.1512718200683594,-1.0891227722167969,-1.0290905237197876,-0.9748236536979675,-0.9272931218147278,-0.8851594924926758
2.730526924133301,2.664346933364868,2.588677167892456,2.504396915435791,2.4057817459106445,2.2937889099121094,2.1682980060577393,2.0254228115081787,1.8561348915100098,1.6620080471038818,1.4244518280029297,1.173058032989502,0.9606056213378906,0.7852593064308167,0.619887113571167,0.4031832218170166,0.14371849596500397,-0.11114995181560516,-0.34952324628829956,-0.5641065835952759,-0.7551372051239014,-0.9238831996917725,-1.0648537874221802,-1.1833462715148926,-1.2934540510177612,-1.3924574851989746,-1.4719371795654297,-1.5304851531982422,-1.564324975013733,-1.5683456659317017,-1.5476408004760742,-1.508923888206482,-1.4558801651000977,-1.3945060968399048,-1.3265737295150757,-1.2593722343444824,-1.1939501762390137,-1.1267098188400269,-1.0624101161956787,-1.0047582387924194,-0.9548356533050537,-0.9089295268058777
2.769871234893799,2.700047016143799,2.6199679374694824,2.5317635536193848,2.4312963485717773,2.3223328590393066,2.1961731910705566,2.039989471435547,1.8466813564300537,1.57962965965271,1.266685962677002,1.0981823205947876,0.9606225490570068,0.7556226253509521,0.38751041889190674,0.01464872807264328,-0.2090817391872406,-0.419262558221817,-0.6499888300895691,-0.8464174270629883,-1.0141074657440186,-1.1604220867156982,-1.2819546461105347,-1.3875131607055664,-1.4816827774047852,-1.563300609588623,-1.6265151500701904,-1.6734356880187988,-1.6976985931396484,-1.6905558109283447,-1.6555637121200562,-1.5984550714492798,-1.527505874633789,-1.4523608684539795,-1.3726773262023926,-1.2952765226364136,-1.2250936031341553,-1.1570627689361572,-1.0904841423034668,-1.0289945602416992,-0.9739216566085815,-0.9231377840042114
2.804995059967041,2.7310619354248047,2.651247501373291,2.566873550415039,2.4737601280212402,2.376927375793457,2.2419183254241943,2.0868301391601562,1.8338148593902588,1.5054192543029785,1.147125005722046,0.8396921753883362,0.7422499656677246,0.5865112543106079,0.25696539878845215,-0.12441709637641907,-0.452682763338089,-0.8166847825050354,-1.0343364477157593,-1.1768035888671875,-1.2955968379974365,-1.4084686040878296,-1.5007458925247192,-1.580452799797058,-1.6527372598648071,-1.7145848274230957,-1.7649924755096436,-1.807174801826477,-1.8256762027740479,-1.8063266277313232,-1.7523741722106934,-1.6750320196151733,-1.5884850025177002,-1.5011248588562012,-1.4121452569961548,-1.3251707553863525,-1.2467193603515625,-1.1743872165679932,-1.10531485080719,-1.0408929586410522,-0.9836512804031372,-0.9329559803009033
2.8433303833007812,2.7636725902557373,2.685025215148926,2.6078596115112305,2.5273890495300293,2.433703899383545,2.2976837158203125,2.140878677368164,1.7709002494812012,0.9823390245437622,0.6261136531829834,0.672391414642334,0.7244555354118347,0.6481317281723022,0.37698203325271606,-0.107606440782547,-0.6991584897041321,-1.112744927406311,-1.3291722536087036,-1.4594603776931763,-1.5311015844345093,-1.6140915155410767,-1.67910635471344,-1.741122841835022,-1.7954463958740234,-1.8409242630004883,-1.8812260627746582,-1.920811414718628,-1.9373587369918823,-1.9088572263717651,-1.8369696140289307,-1.7411249876022339,-1.6392375230789185,-1.5387533903121948,-1.4384956359863281,-1.3413814306259155,-1.2542977333068848,-1.1750051975250244,-1.1030185222625732,-1.03952157497406,-0.9821766018867493,-0.9322114586830139
2.8779420852661133,2.801928997039795,2.7276010513305664,2.655320405960083,2.57700252532959,2.4736437797546387,2.3452181816101074,2.055405378341675,1.3262394666671753,0.7147140502929688,0.5593492984771729,0.5967722535133362,0.7230720520019531,0.6788654327392578,0.32322701811790466,-0.048772603273391724,-0.715674638748169,-1.4632370471954346,-1.6564321517944336,-1.686997652053833,-1.7145259380340576,-1.7572393417358398,-1.8133565187454224,-1.8611781597137451,-1.9068670272827148,-1.9374479055404663,-1.9690098762512207,-2.007007122039795,-2.0262017250061035,-1.9943273067474365,-1.907788634300232,-1.792133092880249,-1.6710011959075928,-1.5536134243011475,-1.4408011436462402,-1.3368110656738281,-1.2446551322937012,-1.160639762878418,-1.086938500404358,-1.0257233381271362,-0.9715450406074524,-0.9226723909378052
2.918062210083008,2.8554511070251465,2.790858268737793,2.720637559890747,2.634998083114624,2.525956630706787,2.3422324657440186,1.7887115478515625,0.9523196220397949,0.5209664702415466,0.43670517206192017,0.5139459371566772,0.7987861633300781,0.7105301022529602,0.10496386885643005,-0.37625324726104736,-0.9648823738098145,-1.6197556257247925,-1.7092679738998413,-1.6694092750549316,-1.747883915901184,-1.8077397346496582,-1.8668380975723267,-1.9188705682754517,-1.9651269912719727,-1.9948863983154297,-2.025045394897461,-2.065072774887085,-2.09201979637146,-2.059743881225586,-1.9546312093734741,-1.8173550367355347,-1.680299997329712,-1.5482419729232788,-1.4252021312713623,-1.3153653144836426,-1.2196910381317139,-1.1358329057693481,-1.0654618740081787,-1.008056879043579,-0.9565284252166748,-0.9077093601226807
