wind_DJF_avg_4x4.json
{"header": {"parameterCategory": 2, "parameterUnit": "m/s", "nx": 55, "ny": 70, "lo1": 118.693, "la1": 26.200841440399998, "lo2": 123.1583090968, "la2": 21.0494, "dx": 0.0826909092, "dy": 0.0746585716, "refTime": "2025-01-01 00:00:00", "forecastTime": 0, "parameterNumber": 2}, "data":
[rows 38 to 56 of 70, columns 0 to 42 of 55]
-5.279595375061035,-5.2014055252075195,-5.168789386749268,-5.042975425720215,-4.909908771514893,-4.7833709716796875,-4.6252360343933105,-4.453197479248047,-4.240316390991211,-3.990710735321045,-3.5381717681884766,-3.6371591091156006,-3.3834848403930664,-3.0832018852233887,-2.766954183578491,-2.4076170921325684,-1.9684251546859741,-1.236642599105835,0.0787457823753357,0.20296919345855713,0.4413034915924072,0.14941120147705078,0.1431778371334076,0.05418097972869873,0.250677227973938,-0.04622393846511841,0.20391108095645905,-0.3372827172279358,-0.8530169725418091,-0.6061158776283264,-0.5394327640533447,-0.618820071220398,-0.4663459360599518,-0.5693867206573486,0.08263647556304932,-0.9891847968101501,-1.6621878147125244,-2.2455077171325684,-2.6870758533477783,-3.0308656692504883,-3.336805820465088,-3.6058223247528076,-3.8277199268341064
-5.213939666748047,-5.128105163574219,-5.085650444030762,-4.949346542358398,-4.806712627410889,-4.65963077545166,-4.487557411193848,-4.301632404327393,-4.070459365844727,-3.6952247619628906,-3.6331100463867188,-3.4725098609924316,-3.2067766189575195,-2.8950626850128174,-2.553804636001587,-2.169518232345581,-1.7413840293884277,-1.1224526166915894,0.14105373620986938,0.23286743462085724,0.5419462323188782,0.28545817732810974,-0.4253120422363281,0.4491196572780609,0.40188223123550415,0.278764933347702,-0.18873967230319977,-0.16069012880325317,-0.8511872291564941,-1.022204875946045,-0.5656333565711975,-0.4869326949119568,-0.26435908675193787,0.3778521418571472,-1.1105660200119019,-1.4555912017822266,-1.8683305978775024,-2.3611907958984375,-2.7817113399505615,-3.1069164276123047,-3.4063448905944824,-3.678933620452881,-3.8954975605010986
-5.149294376373291,-5.05202579498291,-5.0040740966796875,-4.846108436584473,-4.696678161621094,-4.535531997680664,-4.350374221801758,-4.142801761627197,-3.8990824222564697,-3.495396614074707,-3.4795594215393066,-3.297903299331665,-3.015090227127075,-2.7030420303344727,-2.345940589904785,-1.9492237567901611,-1.5328041315078735,-0.9389932155609131,0.252810537815094,0.5221142172813416,0.4037480354309082,0.7059133648872375,0.5528837442398071,0.5505309104919434,0.47166866064071655,0.21024084091186523,0.35371217131614685,-0.9134620428085327,-0.6326924562454224,-0.5307120680809021,-0.4876391589641571,-0.3849380910396576,-1.0137356519699097,0.6626768112182617,-1.4919942617416382,-1.7631535530090332,-2.0992186069488525,-2.518178939819336,-2.9240384101867676,-3.206022024154663,-3.486260414123535,-3.7637271881103516,-3.967719793319702
-5.0853190422058105,-4.9758172035217285,-4.917543411254883,-4.7403364181518555,-4.5824432373046875,-4.4026780128479,-4.2120866775512695,-3.9844188690185547,-3.6730589866638184,-3.5339150428771973,-3.315885543823242,-3.1033849716186523,-2.8251442909240723,-2.5128259658813477,-2.1515350341796875,-1.75224769115448,-1.3623956441879272,-0.49934518337249756,0.32907527685165405,0.6435776948928833,0.5020195245742798,0.3819732666015625,0.6351528763771057,0.640868604183197,0.3048463463783264,0.2551008462905884,-0.19907408952713013,-0.7470661401748657,-0.7143938541412354,-0.49448996782302856,-0.6344241499900818,-0.928387463092804,-0.9991976022720337,-0.029613137245178223,-1.639583706855774,-1.9963867664337158,-2.3367700576782227,-2.705280303955078,-3.023730754852295,-3.332627296447754,-3.5949089527130127,-3.8545050621032715,-4.064912796020508
-5.022377967834473,-4.900544166564941,-4.822780609130859,-4.635183811187744,-4.464747428894043,-4.272800445556641,-4.063360214233398,-3.8195042610168457,-3.4301247596740723,-3.370363712310791,-3.185199499130249,-2.924217700958252,-2.6418070793151855,-2.3296728134155273,-1.9623627662658691,-1.5844074487686157,-1.2234781980514526,-0.1485387086868286,0.471011221408844,0.5174302458763123,0.7622848749160767,0.8854334950447083,0.6882731914520264,0.6505041122436523,0.42758265137672424,0.6054154634475708,-0.874417245388031,-0.8202527761459351,-0.9069232940673828,-0.7042038440704346,-0.483710914850235,-0.8859546184539795,-1.0364081859588623,-1.5816291570663452,-2.1023221015930176,-2.295135498046875,-2.604956865310669,-2.901615619659424,-3.190194606781006,-3.45806622505188,-3.7248260974884033,-3.9609196186065674,-4.149689674377441
-4.958295822143555,-4.827264785766602,-4.738470077514648,-4.533414840698242,-4.346567153930664,-4.149575233459473,-3.923022985458374,-3.662538528442383,-3.367687225341797,-3.2464232444763184,-3.0300211906433105,-2.754770517349243,-2.4659061431884766,-2.1498236656188965,-1.787250280380249,-1.4182474613189697,-1.0857162475585938,0.10477858781814575,0.3987090289592743,0.6638854146003723,0.4026108980178833,0.961408793926239,0.7283381819725037,0.2958504855632782,0.1974506378173828,0.7010645866394043,-0.6875542402267456,-0.6206532716751099,-0.8119388818740845,-0.08774427324533463,-0.5348096489906311,-0.1381624937057495,-1.1247618198394775,-2.3951210975646973,-2.593076229095459,-2.654177665710449,-2.88525390625,-3.12075138092041,-3.339509963989258,-3.6023001670837402,-3.846588134765625,-4.061953067779541,-4.246074676513672
-4.8982157707214355,-4.75894832611084,-4.655035018920898,-4.437556743621826,-4.243966579437256,-4.030396938323975,-3.791273593902588,-3.505671501159668,-3.3097965717315674,-3.1272084712982178,-2.8748526573181152,-2.597336769104004,-2.3036739826202393,-1.9814260005950928,-1.6233482360839844,-1.2486498355865479,-0.9014942646026611,0.15242815017700195,0.8079316020011902,0.6490499973297119,0.4670042097568512,0.6953639984130859,0.5967562794685364,0.3263484537601471,0.5786255598068237,0.5743394494056702,-1.275809645652771,-0.39265763759613037,-0.852838933467865,-0.5153477787971497,-0.23621124029159546,-0.03777652978897095,-2.1251771450042725,-2.8385400772094727,-2.9450936317443848,-3.0013461112976074,-3.1671500205993652,-3.3262131214141846,-3.5238726139068604,-3.764861583709717,-3.98634672164917,-4.191394805908203,-4.339508056640625
-4.845776557922363,-4.697625160217285,-4.579119682312012,-4.344573497772217,-4.143074035644531,-3.9211580753326416,-3.6755871772766113,-3.383711576461792,-3.217628002166748,-3.00728702545166,-2.7353739738464355,-2.4496450424194336,-2.156160354614258,-1.8289223909378052,-1.46732497215271,-1.0920759439468384,-0.7086917161941528,0.21885687112808228,0.9967395663261414,0.6512336730957031,0.67145836353302,0.9050223231315613,1.109096884727478,0.46534326672554016,0.3748992085456848,-0.16055572032928467,-1.462094783782959,-0.5423150062561035,-0.6014049053192139,0.14174258708953857,0.011915415525436401,-2.141037702560425,-3.157839298248291,-3.2455902099609375,-3.2521166801452637,-3.3235793113708496,-3.4366953372955322,-3.5454280376434326,-3.723860263824463,-3.9292714595794678,-4.127869129180908,-4.301783561706543,-4.458337306976318
-4.797167778015137,-4.63786506652832,-4.5082011222839355,-4.261938095092773,-4.049712181091309,-3.8194353580474854,-3.5691044330596924,-3.318852663040161,-3.132932186126709,-2.8941006660461426,-2.6120433807373047,-2.3227481842041016,-2.0193662643432617,-1.6893770694732666,-1.3309463262557983,-0.9591950178146362,-0.5284313559532166,0.26289433240890503,0.952079176902771,0.940442681312561,0.8146047592163086,0.9643609523773193,0.8833046555519104,1.08005690574646,0.22773033380508423,-0.275318443775177,-0.3797113299369812,-0.9422023296356201,-0.45566385984420776,-0.20100855827331543,-0.7400526404380798,-3.1555190086364746,-3.6056652069091797,-3.5629961490631104,-3.5476841926574707,-3.6411807537078857,-3.6683573722839355,-3.7589190006256104,-3.895127534866333,-4.09765625,-4.263927459716797,-4.425903797149658,-4.561583518981934
-4.748903274536133,-4.583100318908691,-4.445128440856934,-4.189135551452637,-3.96834135055542,-3.7357754707336426,-3.4799294471740723,-3.264963388442993,-3.045774459838867,-2.791088104248047,-2.5109691619873047,-2.215930223464966,-1.9039379358291626,-1.5695600509643555,-1.2191166877746582,-0.8477104902267456,-0.3880225121974945,0.2804938554763794,0.8094063997268677,0.9150747656822205,0.9547299146652222,1.2557423114776611,0.5901608467102051,0.6672887206077576,0.16165637969970703,-0.49164801836013794,-1.23787260055542,-0.7312212586402893,0.06855523586273193,-0.2852168083190918,-2.47686505317688,-3.627110481262207,-3.8540239334106445,-3.824460029602051,-3.825493812561035,-3.8814730644226074,-3.923880100250244,-3.9776549339294434,-4.091224193572998,-4.24514627456665,-4.406370162963867,-4.563291072845459,-4.659923076629639
-4.708767890930176,-4.535039901733398,-4.3896331787109375,-4.123334884643555,-3.899843215942383,-3.6683454513549805,-3.419041156768799,-3.210322380065918,-2.9773240089416504,-2.7097315788269043,-2.4322452545166016,-2.124643564224243,-1.8139841556549072,-1.4758528470993042,-1.1278085708618164,-0.7631323337554932,-0.29340678453445435,0.28636837005615234,0.6703798174858093,0.9549412727355957,1.0032439231872559,0.8866978287696838,0.6688240766525269,0.7337862849235535,0.26423540711402893,-0.818202018737793,0.18762201070785522,-0.11742323637008667,-0.5151081681251526,-2.4955222606658936,-3.1991639137268066,-3.9141898155212402,-4.033117771148682,-4.038634300231934,-3.423189640045166,-4.084597587585449,-4.149842262268066,-4.186093330383301,-4.2833251953125,-4.414724349975586,-4.556437969207764,-4.688615322113037,-4.768162727355957
-4.680143356323242,-4.500675201416016,-4.350632667541504,-4.070999622344971,-3.8502321243286133,-3.6131672859191895,-3.377655029296875,-3.1646623611450195,-2.9199600219726562,-2.6450788974761963,-2.3564233779907227,-2.0623483657836914,-1.7429091930389404,-1.4101965427398682,-1.0702968835830688,-0.7020568251609802,-0.22485870122909546,0.3227120637893677,0.8034003973007202,1.1918147802352905,0.8917566537857056,0.7965322136878967,1.004015326499939,0.5383980870246887,0.4588080048561096,-1.0742676258087158,-0.02913069725036621,-0.35910847783088684,-0.7807132005691528,-2.870220422744751,-3.635728359222412,-4.11104154586792,-4.199641704559326,-4.242344856262207,-4.276542663574219,-4.361376762390137,-4.35669469833374,-4.385213851928711,-4.462746620178223,-4.585260391235352,-4.703402042388916,-4.793984889984131,-4.882357597351074
-4.663730621337891,-4.4810028076171875,-4.322873115539551,-4.0350141525268555,-3.8114547729492188,-3.579892873764038,-3.363208055496216,-3.1267006397247314,-2.875903606414795,-2.603956937789917,-2.314818859100342,-2.0274698734283447,-1.7139544486999512,-1.386665940284729,-1.0410406589508057,-0.6697590947151184,-0.18998298048973083,0.32701778411865234,0.78573077917099,1.2118135690689087,1.8492071628570557,1.1102855205535889,0.9937444925308228,0.691146194934845,-0.3002937436103821,-2.182741165161133,-0.4769376218318939,-0.19655972719192505,-2.0019750595092773,-3.2578349113464355,-3.9446659088134766,-4.268303871154785,-4.394830703735352,-4.408006191253662,-4.541532039642334,-4.556334495544434,-4.537968635559082,-4.568314075469971,-4.638731956481934,-4.747302532196045,-4.838999271392822,-4.909578323364258,-4.993633270263672
-4.658589839935303,-4.472315788269043,-4.306872367858887,-4.01593017578125,-3.7901604175567627,-3.5733909606933594,-3.3628711700439453,-3.112060546875,-2.862238883972168,-2.589326858520508,-2.3091325759887695,-2.0210745334625244,-1.7030620574951172,-1.3851145505905151,-1.0550252199172974,-0.6782368421554565,-0.21754705905914307,0.27578040957450867,0.7118960618972778,1.115019679069519,1.4751830101013184,1.6130281686782837,1.7796730995178223,1.0957884788513184,-1.011117935180664,-3.3577523231506348,-0.528095006942749,-0.6179648637771606,-2.8162593841552734,-3.6603217124938965,-4.18172025680542,-4.433525085449219,-4.568617820739746,-4.624048709869385,-4.742869853973389,-4.750555992126465,-4.7233734130859375,-4.732508659362793,-4.811995983123779,-4.886748313903809,-4.953634262084961,-5.0358076095581055,-5.093357086181641
-4.661761283874512,-4.479119777679443,-4.294214248657227,-4.012673854827881,-3.7974023818969727,-3.59096622467041,-3.369511365890503,-3.1286044120788574,-2.8763632774353027,-2.609220266342163,-2.3302574157714844,-2.0416107177734375,-1.7472758293151855,-1.4390077590942383,-1.1064469814300537,-0.7502209544181824,-0.30947238206863403,0.135893315076828,0.5347821712493896,0.8886786103248596,1.099678874015808,1.223016619682312,1.43476402759552,1.7761051654815674,-0.35726600885391235,-3.141918182373047,-1.1394401788711548,-2.6048734188079834,-3.4687461853027344,-4.033163547515869,-4.420462608337402,-4.634743690490723,-4.746072292327881,-4.8533220291137695,-4.915132522583008,-4.921149253845215,-4.8972978591918945,-4.928642272949219,-4.970697402954102,-5.033713340759277,-5.086785316467285,-5.151083946228027,-5.199446678161621
-4.685571193695068,-4.503657341003418,-4.311516761779785,-4.040997505187988,-3.835308790206909,-3.6248583793640137,-3.40175724029541,-3.169713020324707,-2.9227638244628906,-2.6582252979278564,-2.3878726959228516,-2.120847463607788,-1.8397414684295654,-1.5503655672073364,-1.235774040222168,-0.8915271759033203,-0.4889369606971741,-0.10735896229743958,0.23540693521499634,0.5111415982246399,0.6637470722198486,0.8037128448486328,0.867580771446228,0.864022970199585,-0.7348809242248535,-3.689248561859131,-1.880974292755127,-2.561424493789673,-3.8351409435272217,-4.366550445556641,-4.6590189933776855,-4.844307899475098,-4.943807601928711,-5.061363697052002,-5.097306728363037,-5.077290058135986,-5.068414211273193,-5.078245639801025,-5.110823631286621,-5.157062530517578,-5.216327667236328,-5.255190849304199,-5.293844223022461
-4.722772598266602,-4.544384002685547,-4.3382744789123535,-4.083965301513672,-3.8895654678344727,-3.690981149673462,-3.4769186973571777,-3.2495269775390625,-3.011026382446289,-2.7511086463928223,-2.5033748149871826,-2.248037576675415,-2.0022876262664795,-1.7344775199890137,-1.443665623664856,-1.126863956451416,-0.7846258878707886,-0.4684816002845764,-0.22132515907287598,-0.058701783418655396,-0.025328457355499268,-0.14924511313438416,-0.5606472492218018,-1.1993664503097534,-2.6351003646850586,-4.48423957824707,-3.0849366188049316,-2.5462827682495117,-4.114047050476074,-4.632091522216797,-4.90946102142334,-5.067498207092285,-5.189193248748779,-5.265059471130371,-5.257570266723633,-5.243064880371094,-5.203284740447998,-5.221284866333008,-5.240329742431641,-5.294312477111816,-5.327564716339111,-5.367424964904785,-5.404636383056641
-4.7776198387146,-4.601507186889648,-4.386993885040283,-4.134403705596924,-3.961116313934326,-3.7776052951812744,-3.573559284210205,-3.358748435974121,-3.144953489303589,-2.912703275680542,-2.6761035919189453,-2.4510812759399414,-2.2262558937072754,-1.9949918985366821,-1.7555992603302002,-1.4869036674499512,-1.2196805477142334,-0.9949399828910828,-0.8760421872138977,-0.8621801733970642,-1.0221768617630005,-1.3265166282653809,-1.7595881223678589,-1.923493504524231,-2.6036815643310547,-3.7969374656677246,-3.445863723754883,-3.5030274391174316,-4.506984710693359,-4.949532985687256,-5.158113479614258,-5.306872844696045,-5.393625259399414,-5.435178279876709,-5.471850395202637,-5.398242950439453,-5.3119354248046875,-5.326482772827148,-5.370437145233154,-5.42398738861084,-5.446416854858398,-5.469239234924316,-5.501845359802246
-4.847827911376953,-4.679736137390137,-4.453562259674072,-4.229811668395996,-4.06298303604126,-3.879384994506836,-3.701368808746338,-3.5067782402038574,-3.3122050762176514,-3.0956475734710693,-2.907287120819092,-2.7188267707824707,-2.525890827178955,-2.3352346420288086,-2.1404407024383545,-1.9371230602264404,-1.7371323108673096,-1.6362487077713013,-1.6366322040557861,-1.7572474479675293,-1.9537911415100098,-2.1518349647521973,-2.278113603591919,-2.9146008491516113,-4.007843017578125,-3.4337315559387207,-2.794018268585205,-4.352819442749023,-5.031698226928711,-5.300837516784668,-5.448572158813477,-5.5384931564331055,-5.560637474060059,-5.536432266235352,-5.371208190917969,-4.015830993652344,-5.257774353027344,-5.448098182678223,-5.507266998291016,-5.542880058288574,-5.549002170562744,-5.57979679107666,-5.579256057739258
