wind_DJF_night_4x4.json
{"header": {"parameterCategory": 2, "parameterUnit": "m/s", "nx": 55, "ny": 70, "lo1": 118.693, "la1": 26.200841440399998, "lo2": 123.1583090968, "la2": 21.0494, "dx": 0.0826909092, "dy": 0.0746585716, "refTime": "2025-01-01 00:00:00", "forecastTime": 0, "parameterNumber": 3}, "data":
[rows 38 to 56 of 70, columns 0 to 42 of 55]
-9.462299346923828,-9.537202835083008,-9.675298690795898,-9.781078338623047,-9.86868953704834,-9.950887680053711,-10.02953052520752,-10.111946105957031,-10.132745742797852,-10.08821964263916,-9.696773529052734,-10.179533958435059,-10.208988189697266,-10.066404342651367,-9.846063613891602,-9.490188598632812,-8.875892639160156,-7.742827415466309,-3.195439338684082,-3.0594377517700195,-2.6065361499786377,-1.096928358078003,-0.37346190214157104,0.42313405871391296,-1.6237701177597046,-0.14541907608509064,-0.965013861656189,-0.35921257734298706,0.15801706910133362,-0.8482454419136047,-0.0492427833378315,-0.7770277261734009,-0.701574444770813,-1.3760899305343628,-2.9918577671051025,-6.261099815368652,-6.699894428253174,-6.448596954345703,-6.129314422607422,-5.815236568450928,-5.513669013977051,-5.247994899749756,-5.0268964767456055
-9.389184951782227,-9.46242904663086,-9.605777740478516,-9.707457542419434,-9.790393829345703,-9.864943504333496,-9.945345878601074,-9.997953414916992,-10.010931968688965,-9.769828796386719,-10.127055168151855,-10.104486465454102,-10.026398658752441,-9.880714416503906,-9.623090744018555,-9.224536895751953,-8.463762283325195,-7.61149263381958,-3.817124605178833,-2.4774863719940186,-2.560896873474121,-1.4839401245117188,-0.04419102147221565,-0.9921463131904602,-0.5136675834655762,-0.13011938333511353,-0.6333809494972229,-0.35652613639831543,0.9258502721786499,0.2835234999656677,-0.4604584574699402,-0.2994026243686676,0.15410970151424408,-0.7158100605010986,-5.898599147796631,-6.651902198791504,-6.859130859375,-6.524886131286621,-6.150240421295166,-5.817024230957031,-5.519984245300293,-5.241405010223389,-5.035445690155029
-9.315698623657227,-9.385295867919922,-9.525985717773438,-9.626825332641602,-9.71381950378418,-9.78753662109375,-9.846424102783203,-9.867644309997559,-9.824932098388672,-9.528182029724121,-9.916035652160645,-9.944425582885742,-9.855425834655762,-9.67795467376709,-9.398452758789062,-8.957894325256348,-8.129737854003906,-7.05230188369751,-2.8425216674804688,-2.6425256729125977,-2.242908477783203,-2.1826353073120117,-1.8023507595062256,0.26686909794807434,-0.8440408706665039,-0.41163113713264465,0.05510244891047478,-0.30146467685699463,0.10677783191204071,-0.35821783542633057,0.6458133459091187,-2.2099852561950684,-0.2447170466184616,-0.8234815001487732,-6.33342170715332,-6.938173294067383,-6.946378707885742,-6.586438179016113,-6.173293113708496,-5.855648040771484,-5.550422191619873,-5.25056791305542,-5.020754814147949
-9.241997718811035,-9.306811332702637,-9.45433235168457,-9.55416488647461,-9.626609802246094,-9.692108154296875,-9.741459846496582,-9.757793426513672,-9.631265640258789,-10.005473136901855,-9.794679641723633,-9.754351615905762,-9.64922046661377,-9.465983390808105,-9.164917945861816,-8.685219764709473,-7.8916916847229,-5.398874282836914,-3.353381395339966,-2.901297092437744,-2.3782246112823486,-2.422518730163574,0.08494783937931061,-1.1733096837997437,-0.18838173151016235,-0.4428948163986206,0.3265307545661926,-1.0368294715881348,0.5197283029556274,-0.393848180770874,-0.6633684635162354,-1.267757534980774,-1.3168706893920898,-2.696519613265991,-6.799170017242432,-7.155325412750244,-7.011445999145508,-6.574015140533447,-6.223592758178711,-5.868568420410156,-5.567251205444336,-5.261345863342285,-5.03571891784668
-9.1730318069458,-9.231439590454102,-9.383577346801758,-9.480742454528809,-9.54068374633789,-9.597613334655762,-9.62165641784668,-9.610116004943848,-9.27071762084961,-9.63170051574707,-9.642847061157227,-9.57055950164795,-9.448543548583984,-9.24050521850586,-8.934820175170898,-8.42064380645752,-7.682751655578613,-4.640224456787109,-3.342085599899292,-2.0545289516448975,-2.0013370513916016,-1.4514081478118896,-0.2676140367984772,-1.0290526151657104,-1.2860281467437744,0.45229554176330566,0.8765386939048767,0.635781466960907,0.8276088833808899,0.8230299949645996,-1.4140300750732422,-1.7667746543884277,-1.1473280191421509,-5.167693138122559,-7.321585655212402,-7.332363605499268,-7.029840469360352,-6.616968631744385,-6.230210781097412,-5.883749485015869,-5.573025226593018,-5.299075126647949,-5.087575912475586
-9.111177444458008,-9.159383773803711,-9.312929153442383,-9.390254020690918,-9.454732894897461,-9.49051570892334,-9.502179145812988,-9.381340026855469,-9.367602348327637,-9.493610382080078,-9.469345092773438,-9.371017456054688,-9.230752944946289,-9.016912460327148,-8.708521842956543,-8.18294906616211,-7.50490665435791,-5.021302223205566,-2.500180959701538,-1.9648058414459229,-1.7128546237945557,-0.8269894123077393,-2.020524024963379,-1.1221920251846313,-0.06499478220939636,-0.4103683531284332,0.35115641355514526,-0.32015711069107056,0.7557929754257202,-1.029183030128479,-1.7095317840576172,-2.2072010040283203,-2.5141701698303223,-6.902124881744385,-7.558220863342285,-7.453686714172363,-7.033576011657715,-6.618503570556641,-6.272663593292236,-5.917962074279785,-5.573356628417969,-5.3120341300964355,-5.125850677490234
-9.046262741088867,-9.083455085754395,-9.23570442199707,-9.306188583374023,-9.344513893127441,-9.367107391357422,-9.344963073730469,-9.169821739196777,-9.327125549316406,-9.340993881225586,-9.280364036560059,-9.170682907104492,-9.010566711425781,-8.792470932006836,-8.481218338012695,-7.970940113067627,-7.308714866638184,-6.861474990844727,-2.575796127319336,-2.2488813400268555,-2.18387508392334,-2.624527931213379,-1.3893033266067505,-1.91721510887146,-0.8084625005722046,0.46509844064712524,-0.5708914995193481,-0.35155636072158813,-1.0034080743789673,-1.4949697256088257,-0.7413785457611084,-0.6653234958648682,-5.771355628967285,-7.507297515869141,-7.656378746032715,-7.443570613861084,-7.025789737701416,-6.640765190124512,-6.242906093597412,-5.902894973754883,-5.541440963745117,-5.333111763000488,-5.143438816070557
-8.971747398376465,-8.998434066772461,-9.156599044799805,-9.219742774963379,-9.23281192779541,-9.23177719116211,-9.141070365905762,-9.087794303894043,-9.195474624633789,-9.169590950012207,-9.071910858154297,-8.954569816589355,-8.782454490661621,-8.559775352478027,-8.248356819152832,-7.768643379211426,-7.24033784866333,-6.99699592590332,-4.7734808921813965,-2.2047972679138184,-1.30661940574646,-0.46477991342544556,-1.5615977048873901,-0.6699457764625549,0.12868183851242065,0.7769055962562561,-0.5492112040519714,-0.41072243452072144,0.29456332325935364,-0.8230308294296265,-2.401801586151123,-3.2108755111694336,-7.097249984741211,-7.741455554962158,-7.713454723358154,-7.421474456787109,-6.981598854064941,-6.598963260650635,-6.2138848304748535,-5.895709991455078,-5.59293270111084,-5.352530479431152,-5.12640380859375
-8.876480102539062,-8.897767066955566,-9.066158294677734,-9.112300872802734,-9.118170738220215,-9.081806182861328,-8.957494735717773,-9.005827903747559,-9.031349182128906,-8.974510192871094,-8.871026039123535,-8.734228134155273,-8.5511474609375,-8.338288307189941,-8.021856307983398,-7.579439640045166,-7.207178115844727,-6.88568639755249,-5.223565578460693,-1.8003809452056885,-1.4828987121582031,-2.6634092330932617,-1.8535528182983398,-0.7142320275306702,-0.7493717074394226,-1.1115436553955078,-1.2043864727020264,-0.3432197868824005,-0.6043664813041687,-1.3026988506317139,-3.0160624980926514,-5.848245620727539,-7.499197006225586,-7.781498432159424,-7.6401591300964355,-7.279550075531006,-6.895562171936035,-6.522790431976318,-6.198545455932617,-5.867724418640137,-5.576243877410889,-5.323626518249512,-5.11850118637085
-8.766023635864258,-8.781298637390137,-8.953487396240234,-8.998601913452148,-8.988929748535156,-8.906002044677734,-8.808830261230469,-8.874690055847168,-8.863544464111328,-8.786239624023438,-8.668495178222656,-8.513078689575195,-8.336357116699219,-8.117996215820312,-7.802770614624023,-7.383108615875244,-7.128187656402588,-6.7066569328308105,-5.330805778503418,-1.582740068435669,-1.7009692192077637,-2.3043012619018555,-1.5283913612365723,-1.1485207080841064,0.03024165891110897,0.6915342807769775,2.9873554706573486,-1.4379849433898926,-0.8024011254310608,-1.0280051231384277,-4.7813310623168945,-7.054417610168457,-7.693661212921143,-7.760570526123047,-7.454638481140137,-7.14372444152832,-6.806295394897461,-6.486970901489258,-6.1499128341674805,-5.837560176849365,-5.578188896179199,-5.291057586669922,-5.100152015686035
-8.644302368164062,-8.648265838623047,-8.823028564453125,-8.865113258361816,-8.83265209197998,-8.726242065429688,-8.705995559692383,-8.735306739807129,-8.673985481262207,-8.578897476196289,-8.450267791748047,-8.296589851379395,-8.111298561096191,-7.893893241882324,-7.564178466796875,-7.187409400939941,-6.998255252838135,-6.548951148986816,-5.508618354797363,-3.204888343811035,-1.9290803670883179,-1.423205018043518,-1.2412419319152832,-1.649259090423584,-0.6399516463279724,1.7541786432266235,-0.774511456489563,0.029002832248806953,-1.1331415176391602,-4.7520551681518555,-6.297942161560059,-7.501848220825195,-7.774260997772217,-7.689609527587891,-5.525399684906006,-7.025444984436035,-6.747845649719238,-6.408233642578125,-6.08997917175293,-5.794927597045898,-5.521225929260254,-5.2696733474731445,-5.10916805267334
-8.498374938964844,-8.489398956298828,-8.674935340881348,-8.709210395812988,-8.651312828063965,-8.554893493652344,-8.577133178710938,-8.570429801940918,-8.487682342529297,-8.370824813842773,-8.235577583312988,-8.088398933410645,-7.900041103363037,-7.667065620422363,-7.347789287567139,-7.020203590393066,-6.849468231201172,-6.427894592285156,-5.625347137451172,-3.9853715896606445,-1.8400812149047852,-1.636849045753479,-1.6879645586013794,-0.8842754364013672,-1.1653079986572266,-0.7610158920288086,-0.033779386430978775,0.13558807969093323,-1.3388274908065796,-5.834537029266357,-7.091355323791504,-7.740976333618164,-7.798000812530518,-7.493913650512695,-7.1674885749816895,-6.906515121459961,-6.644726276397705,-6.340071201324463,-6.0761871337890625,-5.7701263427734375,-5.506636142730713,-5.29119873046875,-5.112907409667969
-8.351827621459961,-8.334244728088379,-8.528055191040039,-8.54733657836914,-8.457810401916504,-8.404256820678711,-8.409422874450684,-8.372169494628906,-8.283336639404297,-8.161845207214355,-8.029770851135254,-7.864996910095215,-7.6757121086120605,-7.424546718597412,-7.139815807342529,-6.83964729309082,-6.658018112182617,-6.220211505889893,-5.475939750671387,-4.4530029296875,-3.309462070465088,-2.490272045135498,-2.2352185249328613,-1.9195261001586914,-0.9429486989974976,-2.162226438522339,-1.6619737148284912,-1.1514701843261719,-4.716205596923828,-6.634863376617432,-7.605159282684326,-7.856272220611572,-7.693522930145264,-7.329986095428467,-7.037131309509277,-6.780505180358887,-6.533897876739502,-6.272707462310791,-6.005462169647217,-5.719384670257568,-5.489009380340576,-5.288393020629883,-5.087131500244141
-8.209482192993164,-8.183538436889648,-8.389577865600586,-8.384452819824219,-8.282519340515137,-8.26708698272705,-8.246541976928711,-8.179062843322754,-8.070667266845703,-7.956042766571045,-7.807812690734863,-7.6305646896362305,-7.435131072998047,-7.174412727355957,-6.881370544433594,-6.610095024108887,-6.400990009307861,-5.966073513031006,-5.322956085205078,-4.505613327026367,-3.7090935707092285,-3.496628999710083,-3.1660592555999756,-2.183798313140869,-0.2552828788757324,-0.6167110204696655,-1.567295789718628,-1.5556256771087646,-6.131392478942871,-7.362547397613525,-7.891871452331543,-7.871717929840088,-7.544330596923828,-7.202004432678223,-6.908139228820801,-6.661924839019775,-6.4206953048706055,-6.173431396484375,-5.917129993438721,-5.661890983581543,-5.4472761154174805,-5.230058670043945,-5.061163425445557
-8.056160926818848,-8.014602661132812,-8.225589752197266,-8.189739227294922,-8.118685722351074,-8.113697052001953,-8.078832626342773,-7.985421657562256,-7.861794948577881,-7.73208475112915,-7.588831424713135,-7.396398544311523,-7.194197177886963,-6.915602684020996,-6.61443567276001,-6.3514404296875,-6.110158920288086,-5.669552326202393,-5.081899642944336,-4.40241813659668,-3.683215856552124,-3.574005603790283,-3.941610097885132,-3.7095675468444824,-1.4476532936096191,-3.5425333976745605,-0.40824979543685913,-3.990776300430298,-7.117329120635986,-7.868910789489746,-8.002876281738281,-7.723305702209473,-7.365221977233887,-7.053855895996094,-6.77178955078125,-6.554312705993652,-6.361410140991211,-6.11628532409668,-5.840950965881348,-5.617755889892578,-5.400791645050049,-5.216149806976318,-5.057961940765381
-7.8816237449646,-7.827470302581787,-8.025470733642578,-7.989764213562012,-7.948038578033447,-7.923350811004639,-7.869044780731201,-7.777082920074463,-7.657284259796143,-7.509510040283203,-7.335715293884277,-7.149679183959961,-6.915664196014404,-6.630046844482422,-6.3382720947265625,-6.065694332122803,-5.791662216186523,-5.360380172729492,-4.812695026397705,-4.23172664642334,-3.6765151023864746,-3.4927592277526855,-3.55324649810791,-3.2634799480438232,-1.4321564435958862,-1.1030781269073486,-0.415627658367157,-5.723973751068115,-7.658873081207275,-8.098127365112305,-7.975955963134766,-7.597916603088379,-7.21457052230835,-6.905398845672607,-6.662568092346191,-6.460494518280029,-6.244411945343018,-6.044730186462402,-5.818963527679443,-5.573517799377441,-5.36980676651001,-5.21137809753418,-5.050078868865967
-7.702154159545898,-7.631125450134277,-7.821968078613281,-7.81760311126709,-7.782148838043213,-7.745492458343506,-7.656953811645508,-7.540915489196777,-7.42253303527832,-7.262356758117676,-7.0771660804748535,-6.866134166717529,-6.617607593536377,-6.337419033050537,-6.044456958770752,-5.7659101486206055,-5.4721527099609375,-5.061306476593018,-4.549557209014893,-4.043415069580078,-3.560210943222046,-3.379822254180908,-3.6192197799682617,-4.256264686584473,-3.4711391925811768,0.4699137806892395,-2.789933681488037,-6.313477516174316,-8.148582458496094,-8.155081748962402,-7.836757659912109,-7.461493492126465,-7.108108997344971,-6.835718154907227,-6.643237113952637,-6.392302513122559,-6.182204723358154,-5.961309432983398,-5.730860233306885,-5.546237468719482,-5.358763694763184,-5.192114353179932,-5.040617942810059
-7.496854782104492,-7.4243550300598145,-7.624638080596924,-7.639121055603027,-7.5941162109375,-7.528042316436768,-7.4521331787109375,-7.335596561431885,-7.18985652923584,-7.011968612670898,-6.803781986236572,-6.590222358703613,-6.310134410858154,-6.020826816558838,-5.736937046051025,-5.476580619812012,-5.1803297996521,-4.786477088928223,-4.33320426940918,-3.9353346824645996,-3.646568775177002,-3.7459702491760254,-4.260272026062012,-4.6681647300720215,-3.229785203933716,-3.5836105346679688,-3.000922679901123,-8.132286071777344,-8.430704116821289,-8.1284761428833,-7.701462268829346,-7.314345359802246,-7.010014533996582,-6.81527042388916,-6.583943843841553,-6.132872581481934,-6.054256439208984,-5.888643264770508,-5.704020023345947,-5.508524417877197,-5.345396995544434,-5.164786338806152,-5.054840087890625
-7.300832748413086,-7.228421688079834,-7.449648857116699,-7.467137813568115,-7.410300254821777,-7.334860324859619,-7.219021320343018,-7.084798812866211,-6.931400299072266,-6.759331226348877,-6.5452094078063965,-6.302685260772705,-6.023174285888672,-5.735418319702148,-5.460851669311523,-5.1956586837768555,-4.911069869995117,-4.557910919189453,-4.2039031982421875,-3.939661979675293,-3.860623598098755,-4.021791458129883,-4.157980918884277,-3.637587070465088,-3.325137138366699,-2.1125519275665283,-3.824678421020508,-9.512258529663086,-8.609353065490723,-8.031728744506836,-7.576077938079834,-7.184018611907959,-6.941381931304932,-6.741002082824707,-6.579812049865723,-4.2509565353393555,-6.024907112121582,-5.846296310424805,-5.649173736572266,-5.461658954620361,-5.308374881744385,-5.162441253662109,-5.0398712158203125
