wind_JJA_day_3x3.json
{"header": {"parameterCategory": 2, "parameterUnit": "m/s", "nx": 74, "ny": 94, "lo1": 118.693, "la1": 26.2568353691, "lo2": 123.2203272787, "la2": 21.0494, "dx": 0.0620181819, "dy": 0.0559939287, "refTime": "2025-01-01 00:00:00", "forecastTime": 0, "parameterNumber": 3}, "data":
[rows 38 to 56 of 94, columns 0 to 42 of 74]
2.1459689140319824,2.1055967807769775,2.097356081008911,2.1460306644439697,2.1200342178344727,2.1141202449798584,2.1053664684295654,2.1062216758728027,2.100200653076172,2.084319591522217,2.0835723876953125,2.089517116546631,2.088331699371338,2.085308790206909,2.0988502502441406,2.0750906467437744,2.0456771850585938,2.013634204864502,2.001211643218994,2.0271759033203125,2.0692858695983887,2.0953619480133057,2.090801239013672,2.0331850051879883,1.931994915008545,1.755280613899231,1.499783992767334,1.1632968187332153,0.4748389720916748,0.06612734496593475,0.21132631599903107,0.3200511038303375,0.3795783817768097,0.2681237459182739,0.5937369465827942,-0.3996354937553406,-0.1434805691242218,-0.5654553174972534,1.4393346309661865,1.191212773323059,1.4888927936553955,0.0007631506305187941,-0.016160931438207626
2.090545415878296,2.0773284435272217,2.0848050117492676,2.137247085571289,2.111755609512329,2.0900614261627197,2.0806515216827393,2.086646795272827,2.0654067993164062,2.0550501346588135,2.056643486022949,2.051443099975586,2.0654995441436768,2.0731093883514404,2.0665411949157715,2.0490965843200684,2.020644187927246,1.990857720375061,1.9769926071166992,2.016434669494629,2.0623605251312256,2.113781452178955,2.090695381164551,2.0098233222961426,1.8856478929519653,1.6760530471801758,1.3735239505767822,1.1089327335357666,0.3137734532356262,0.23251497745513916,0.06797756999731064,0.3495423495769501,0.5018181204795837,0.39320582151412964,-0.011876339092850685,0.1201535314321518,0.0442621186375618,1.0298564434051514,0.652470588684082,-0.3861059546470642,-0.9482953548431396,0.8328106999397278,-0.6855384111404419
2.067798614501953,2.0646841526031494,2.076073408126831,2.1077511310577393,2.0793306827545166,2.069324016571045,2.0695056915283203,2.0491509437561035,2.041677474975586,2.040004253387451,2.032114267349243,2.022045612335205,2.0315558910369873,2.045975685119629,2.0454609394073486,2.026198625564575,1.9961915016174316,1.9623301029205322,1.9555792808532715,2.010307788848877,2.066378116607666,2.1005895137786865,2.085116386413574,1.9980794191360474,1.8450559377670288,1.603515386581421,1.2975962162017822,0.6380429267883301,0.361122190952301,0.4098418354988098,0.5817427635192871,0.45747312903404236,0.8324927091598511,0.09395644813776016,-0.4688888192176819,0.2923271656036377,-0.6144588589668274,-0.26006990671157837,0.5270014405250549,1.3644678592681885,0.8663054704666138,0.8491718769073486,0.574911892414093
2.0188658237457275,2.024557113647461,2.043069839477539,2.077712297439575,2.061279535293579,2.0573461055755615,2.0377261638641357,2.0313398838043213,2.0297131538391113,2.027068614959717,2.022369623184204,2.0117855072021484,2.012716293334961,2.0114026069641113,2.019554853439331,1.9884257316589355,1.9314438104629517,1.9024889469146729,1.9350612163543701,1.9948694705963135,2.066619634628296,2.105530023574829,2.074288845062256,1.98421311378479,1.8078887462615967,1.5449830293655396,1.0756213665008545,0.4835814833641052,0.29928499460220337,0.6158483028411865,0.6116998195648193,0.6380265355110168,0.08926069736480713,-0.21255487203598022,0.1791418343782425,-0.9054923057556152,-0.2583952248096466,-0.6402360200881958,0.059321142733097076,-0.40729203820228577,0.2839432954788208,0.4183698296546936,-0.8147822022438049
1.9879697561264038,1.9994317293167114,2.021944999694824,2.0629608631134033,2.0316896438598633,2.034496307373047,2.0374059677124023,2.0205295085906982,2.0130138397216797,2.009796142578125,1.9978268146514893,1.9811574220657349,1.9859520196914673,1.9792931079864502,1.9711405038833618,1.919020175933838,1.868992567062378,1.8304405212402344,1.8997812271118164,1.9967354536056519,2.0805563926696777,2.092135190963745,2.078902006149292,1.9836105108261108,1.7766962051391602,1.4458903074264526,0.8008874654769897,0.25212886929512024,0.4852796792984009,0.7406284809112549,0.7764236330986023,0.7563862800598145,0.1321391463279724,0.09655201435089111,-0.3188176155090332,0.07627898454666138,-0.5554962158203125,-0.6211227774620056,-0.10818289965391159,-0.6977816820144653,-1.2751426696777344,-1.0705503225326538,-0.6877416968345642
1.9816465377807617,1.9946379661560059,2.0104124546051025,2.02805495262146,2.004746675491333,2.005764961242676,2.0077762603759766,2.0055267810821533,1.9976205825805664,1.9871852397918701,1.9681315422058105,1.9526243209838867,1.9505462646484375,1.926945686340332,1.9248464107513428,1.8653388023376465,1.7722091674804688,1.7700749635696411,1.8816224336624146,1.9999333620071411,2.082036018371582,2.1048927307128906,2.07550048828125,1.9363549947738647,1.7823597192764282,1.0642036199569702,0.40540456771850586,0.5648578405380249,0.6299046277999878,0.5658403038978577,0.9158715009689331,0.6908432245254517,0.6917886734008789,0.05820474773645401,-0.2232266664505005,-0.5676175951957703,0.23738263547420502,-0.6639001369476318,-0.6616742610931396,-1.0634682178497314,-0.9689417481422424,-0.7035952210426331,-0.02338913269340992
1.971875786781311,1.9855144023895264,1.998004674911499,2.008866548538208,1.9946132898330688,2.00325083732605,2.0032737255096436,1.9812242984771729,1.9783813953399658,1.9646220207214355,1.9490714073181152,1.9374006986618042,1.9274287223815918,1.874917984008789,1.8403306007385254,1.7723658084869385,1.6508973836898804,1.7330188751220703,1.8959522247314453,2.0062766075134277,2.0713376998901367,2.0869150161743164,2.050062656402588,1.9222608804702759,1.8673820495605469,0.5366363525390625,0.723018229007721,0.7670068144798279,0.7956124544143677,0.7767420411109924,0.8944486975669861,0.7144492268562317,0.7664344310760498,0.47907304763793945,-0.44119176268577576,0.22582930326461792,0.47158291935920715,1.5198924541473389,0.19128738343715668,1.2648652791976929,1.0846526622772217,-0.49975958466529846,1.2952849864959717
1.960888147354126,1.9723176956176758,1.980994462966919,1.9932503700256348,1.9917153120040894,1.9990127086639404,1.985997200012207,1.9629803895950317,1.9459619522094727,1.9444278478622437,1.9300566911697388,1.9041221141815186,1.8884623050689697,1.834792971611023,1.811793327331543,1.5756003856658936,1.5462709665298462,1.775195598602295,1.932955026626587,2.0412120819091797,2.0909712314605713,2.0757970809936523,2.018540859222412,1.881477952003479,1.4077160358428955,0.9631654620170593,0.7288623452186584,0.8281026482582092,0.7872602343559265,0.7719255089759827,0.9693264961242676,0.3714260756969452,0.03263610601425171,-0.24272556602954865,-0.547646701335907,-1.0994644165039062,-0.8484535813331604,-2.2124581336975098,-1.2925559282302856,-0.8992612361907959,-1.24193274974823,0.16228258609771729,-1.291027545928955
1.9527593851089478,1.9668562412261963,1.9867125749588013,2.003610134124756,1.9724161624908447,1.9793342351913452,1.9501285552978516,1.9234317541122437,1.911592960357666,1.8946311473846436,1.8810381889343262,1.8569302558898926,1.8627004623413086,1.7940466403961182,1.828016757965088,1.3161417245864868,1.5627819299697876,1.8543128967285156,2.03159499168396,2.0978870391845703,2.0977468490600586,2.0753486156463623,1.9944343566894531,1.8159232139587402,1.0157744884490967,0.8708771467208862,0.8706194162368774,0.9537355899810791,0.7788625955581665,0.7667198181152344,0.7672742009162903,0.5006911754608154,0.262874037027359,-0.41954711079597473,-0.8922684192657471,-1.326014518737793,-1.2228901386260986,-0.3709067106246948,-1.721171498298645,-1.901078224182129,-0.5172727704048157,-0.5279902219772339,0.7625779509544373
1.9475022554397583,1.9601213932037354,1.9827550649642944,2.0044474601745605,1.9698649644851685,1.9773120880126953,1.9327298402786255,1.9134541749954224,1.8768235445022583,1.8380517959594727,1.8156757354736328,1.7795393466949463,1.7845306396484375,1.5736478567123413,1.6737213134765625,1.2072302103042603,1.4642231464385986,2.0227439403533936,2.1114702224731445,2.1155283451080322,2.0928354263305664,2.056323766708374,1.9709376096725464,1.9049898386001587,1.1764583587646484,1.0716708898544312,0.9546240568161011,0.9049465656280518,0.9209370613098145,0.9757599830627441,0.9167183637619019,0.4346761703491211,0.16602878272533417,-0.8530628085136414,-0.8615055680274963,-1.5479284524917603,-0.0570373572409153,-0.9752193689346313,-0.7416121959686279,-1.8814995288848877,-1.420705795288086,-0.5549194812774658,-0.5606657266616821
1.9505305290222168,1.9659441709518433,1.9854029417037964,2.0044431686401367,1.9772597551345825,1.9546513557434082,1.903677225112915,1.8619341850280762,1.8256319761276245,1.7785652875900269,1.749922752380371,1.7158584594726562,1.6997615098953247,1.9849188327789307,1.2609331607818604,1.2256548404693604,1.9254475831985474,2.111112356185913,2.071188449859619,2.081468343734741,2.0660462379455566,2.036095142364502,1.9564481973648071,1.7752184867858887,1.2911734580993652,1.1527698040008545,0.8713178634643555,0.9180757999420166,0.7622277140617371,0.746990442276001,0.7348567247390747,0.1420302391052246,-0.24449236690998077,1.0441745519638062,0.8050761222839355,-0.9913272261619568,-0.6585759520530701,-1.0756686925888062,-1.2873860597610474,1.532680869102478,-0.7293576002120972,0.005223541986197233,-0.16169747710227966
1.952423334121704,1.9684181213378906,1.9893879890441895,2.0045485496520996,1.959738850593567,1.9276199340820312,1.87662935256958,1.839573860168457,1.7825793027877808,1.7439558506011963,1.7101612091064453,1.6713676452636719,1.6493327617645264,1.6393247842788696,2.0432424545288086,2.6546785831451416,2.0559897422790527,2.0273523330688477,2.0288050174713135,2.0381031036376953,2.045320510864258,2.0207505226135254,1.931281328201294,1.5856773853302002,1.2663853168487549,1.12845778465271,0.9951944351196289,1.000328779220581,0.5632405281066895,0.6231274604797363,0.616640567779541,1.1328082084655762,-0.02568996697664261,-0.785415530204773,0.016674520447850227,-0.983002781867981,-1.5379085540771484,-0.813809335231781,-0.8737050294876099,-1.6466920375823975,0.012758960016071796,1.2883379459381104,0.6726087927818298
1.9510293006896973,1.9601619243621826,1.974420189857483,1.974625587463379,1.934706687927246,1.8947432041168213,1.8725674152374268,1.8115919828414917,1.7616209983825684,1.7263085842132568,1.6969574689865112,1.6457756757736206,1.6683785915374756,1.602398157119751,1.767871618270874,2.0783591270446777,1.9593887329101562,2.0183236598968506,2.0152976512908936,2.0213260650634766,2.0349318981170654,1.996174693107605,1.8859449625015259,1.7859079837799072,1.5226163864135742,0.9954103231430054,0.9562844634056091,0.9561796188354492,0.6185687184333801,0.9155959486961365,0.459972083568573,0.35988175868988037,0.7420865893363953,0.8734763264656067,0.4597228765487671,-0.6597026586532593,-0.21446631848812103,-0.7952648401260376,-0.7106603384017944,1.0271999835968018,0.2995991110801697,-0.4876807630062103,0.8897850513458252
1.9432175159454346,1.944626808166504,1.9473586082458496,1.9521937370300293,1.8999053239822388,1.866816759109497,1.834279179573059,1.7961043119430542,1.7598665952682495,1.7295405864715576,1.6990412473678589,1.636612892150879,1.6978051662445068,1.4944380521774292,1.8012588024139404,1.9593685865402222,1.9556076526641846,1.9866666793823242,2.0057663917541504,2.0220799446105957,2.019892454147339,1.9806371927261353,1.8749810457229614,1.693398118019104,1.1706868410110474,0.9958000183105469,0.8935261964797974,0.8909421563148499,1.0202560424804688,0.921334445476532,0.3134421110153198,-0.34530603885650635,0.2593218684196472,-0.0532803013920784,-1.341627836227417,0.9778338670730591,-0.8433294892311096,1.5777292251586914,0.017857985571026802,1.2820239067077637,1.7723467350006104,0.7609992623329163,-0.6279176473617554
1.929645299911499,1.9196007251739502,1.913148045539856,1.9119172096252441,1.8559085130691528,1.8082892894744873,1.7882846593856812,1.7787115573883057,1.7625900506973267,1.7314131259918213,1.6983230113983154,1.6572694778442383,1.724498987197876,1.6226036548614502,1.8965308666229248,1.9053012132644653,1.9359604120254517,1.966360092163086,2.0054781436920166,2.011967897415161,1.989967942237854,1.959004521369934,1.8570454120635986,1.76549232006073,0.7790318727493286,0.896777868270874,0.7928155660629272,0.9008774757385254,1.0374480485916138,0.7054032683372498,-0.04963075742125511,0.303525447845459,0.4513891339302063,0.4268361032009125,1.4866234064102173,-0.555920422077179,1.5146591663360596,-0.8208575248718262,-0.5713929533958435,-0.720909833908081,-0.2313692569732666,1.6523635387420654,0.06910499930381775
1.9143831729888916,1.901904582977295,1.8926655054092407,1.8909497261047363,1.8341948986053467,1.8026278018951416,1.7849986553192139,1.7638096809387207,1.7390048503875732,1.7191956043243408,1.700788974761963,1.6459354162216187,1.7061407566070557,1.823056936264038,1.8728768825531006,1.9248026609420776,1.9596731662750244,1.986811876296997,1.9819667339324951,1.9919154644012451,1.9723539352416992,1.936806321144104,1.8460534811019897,1.6555848121643066,0.9878605008125305,0.8907034397125244,0.6576682329177856,0.812080979347229,0.52259361743927,0.6861146092414856,0.5720522403717041,0.2630060613155365,0.5279465317726135,0.6404603719711304,-0.7118186950683594,1.4865765571594238,0.6854097843170166,-0.47508949041366577,-0.9853148460388184,-0.033835332840681076,0.6388668417930603,0.048324957489967346,0.7687979340553284
1.889434576034546,1.8795266151428223,1.8761190176010132,1.8828288316726685,1.8283777236938477,1.812045693397522,1.7705166339874268,1.7391387224197388,1.7257342338562012,1.7093371152877808,1.7118196487426758,1.6900891065597534,1.5978105068206787,1.8481308221817017,1.8998656272888184,1.950137734413147,1.974982500076294,1.9778831005096436,1.982621192932129,1.9907888174057007,1.9793641567230225,1.9547568559646606,1.84837806224823,1.2519081830978394,0.8644853830337524,0.8969637751579285,0.8518210649490356,0.7934877276420593,0.45860692858695984,0.2398291826248169,1.5681066513061523,0.051257163286209106,0.09570950269699097,-0.19859419763088226,1.04960298538208,0.5750020146369934,-2.252979278564453,0.6500474214553833,1.4623937606811523,-0.9144508242607117,-0.30463841557502747,-0.9560391306877136,-0.15413053333759308
1.8687398433685303,1.8609848022460938,1.8660598993301392,1.8864214420318604,1.8348543643951416,1.7929002046585083,1.753913164138794,1.7318624258041382,1.7126743793487549,1.7018311023712158,1.7210577726364136,1.7781459093093872,1.950882911682129,1.889268159866333,1.9042105674743652,1.9370381832122803,1.9724948406219482,1.9944955110549927,1.9856603145599365,1.9787026643753052,1.962101936340332,1.9393484592437744,1.8789517879486084,1.340301513671875,1.041346549987793,0.750039279460907,0.7849942445755005,0.8012745380401611,0.40944817662239075,0.5194753408432007,0.5852214097976685,0.6827836036682129,0.37612295150756836,-0.07015891373157501,1.1660025119781494,-1.0502464771270752,0.05647799372673035,-0.001165266614407301,1.471266746520996,1.4688076972961426,0.9317669868469238,0.43406885862350464,-0.11022625118494034
1.8683098554611206,1.863094687461853,1.8692415952682495,1.902252197265625,1.8466211557388306,1.8038008213043213,1.7714061737060547,1.7525503635406494,1.7334425449371338,1.712642788887024,1.735255479812622,1.7916438579559326,1.8338987827301025,1.8720061779022217,1.9244450330734253,1.96554434299469,2.0013082027435303,2.0070502758026123,1.9836982488632202,1.968590259552002,1.9585585594177246,1.9267034530639648,1.8914079666137695,1.3433079719543457,1.23720121383667,1.0749242305755615,0.602993369102478,0.5611129999160767,0.4546632170677185,0.4505157470703125,0.6117092370986938,0.6123269200325012,0.11684604734182358,1.424519658088684,0.37004417181015015,1.469957709312439,0.3385618329048157,-0.43112409114837646,0.6633121967315674,0.19471150636672974,1.3437124490737915,1.16652250289917,1.1199443340301514
