wind_DJF_avg_native.json
{"header": {"parameterCategory": 2, "parameterUnit": "m/s", "nx": 220, "ny": 280, "lo1": 118.693, "la1": 26.2568353691, "lo2": 123.2203272787, "la2": 21.0494, "dx": 0.0206727273, "dy": 0.0186646429, "refTime": "2025-01-01 00:00:00", "forecastTime": 0, "parameterNumber": 2}, "data":
[rows 114 to 132 of 280, columns 172 to 214 of 220]
-3.1415183544158936,-3.213412284851074,-3.273913860321045,-3.336428165435791,-3.401341438293457,-3.463930606842041,-3.514582633972168,-3.5629115104675293,-3.617306709289551,-3.6796231269836426,-3.7398951053619385,-3.7928085327148438,-3.8369956016540527,-3.874441623687744,-3.915789842605591,-3.956824779510498,-3.9897804260253906,-4.019676208496094,-4.052685737609863,-4.08231258392334,-4.112495422363281,-4.147077560424805,-4.185741424560547,-4.227679252624512,-4.261822700500488,-4.281581878662109,-4.296820163726807,-4.319358825683594,-4.352074146270752,-4.386396884918213,-4.4045891761779785,-4.4163103103637695,-4.438465118408203,-4.462847709655762,-4.480315208435059,-4.500673294067383,-4.516341686248779,-4.529885292053223,-4.541522979736328,-4.538479804992676,-4.534679412841797,-4.5396528244018555,-4.555672645568848
-3.1656789779663086,-3.233647346496582,-3.2955288887023926,-3.363875389099121,-3.430309772491455,-3.489861249923706,-3.5362048149108887,-3.5805788040161133,-3.6360559463500977,-3.6983702182769775,-3.7532529830932617,-3.8022828102111816,-3.8495559692382812,-3.8889310359954834,-3.9255244731903076,-3.9641385078430176,-4.000311851501465,-4.031464576721191,-4.0595927238464355,-4.089024543762207,-4.125627517700195,-4.159571647644043,-4.192971229553223,-4.2328386306762695,-4.263155937194824,-4.280370712280273,-4.298911094665527,-4.326010704040527,-4.359237194061279,-4.390692710876465,-4.4099931716918945,-4.425721645355225,-4.4477338790893555,-4.471868515014648,-4.490139961242676,-4.508594989776611,-4.5225419998168945,-4.535640716552734,-4.5491132736206055,-4.548768520355225,-4.545168876647949,-4.549386978149414,-4.5651960372924805
-3.1898996829986572,-3.2561895847320557,-3.3201980590820312,-3.3900508880615234,-3.4572200775146484,-3.5149950981140137,-3.5600147247314453,-3.603811264038086,-3.65580153465271,-3.712332248687744,-3.7649431228637695,-3.813851833343506,-3.861668586730957,-3.9000773429870605,-3.9329209327697754,-3.9738245010375977,-4.017601490020752,-4.047247886657715,-4.068722248077393,-4.1027679443359375,-4.143013000488281,-4.171502113342285,-4.199723243713379,-4.234877586364746,-4.262242794036865,-4.2829718589782715,-4.305371284484863,-4.333723068237305,-4.367871284484863,-4.3972649574279785,-4.415780544281006,-4.4331278800964355,-4.4537129402160645,-4.479667663574219,-4.502406597137451,-4.519168853759766,-4.531214714050293,-4.546353340148926,-4.561336040496826,-4.559571266174316,-4.553652763366699,-4.55739688873291,-4.573047637939453
-3.21706485748291,-3.2815279960632324,-3.3470726013183594,-3.4160947799682617,-3.48110294342041,-3.5368995666503906,-3.580487012863159,-3.6255195140838623,-3.6747004985809326,-3.7262063026428223,-3.7775158882141113,-3.8281941413879395,-3.8783655166625977,-3.9123010635375977,-3.9434494972229004,-3.985041618347168,-4.02577018737793,-4.056793212890625,-4.083243370056152,-4.121939182281494,-4.1576924324035645,-4.182370185852051,-4.210540771484375,-4.241631507873535,-4.266881942749023,-4.286710262298584,-4.309572219848633,-4.340909004211426,-4.377442359924316,-4.405523300170898,-4.420304298400879,-4.437018394470215,-4.460204124450684,-4.488303184509277,-4.511436462402344,-4.5285258293151855,-4.542452812194824,-4.560100555419922,-4.574891090393066,-4.570213317871094,-4.56223201751709,-4.565106391906738,-4.580482482910156
-3.2435030937194824,-3.308131217956543,-3.3759918212890625,-3.443934202194214,-3.5042426586151123,-3.5554957389831543,-3.598788261413574,-3.646256685256958,-3.6933913230895996,-3.7395260334014893,-3.788358211517334,-3.840742588043213,-3.89144229888916,-3.9218528270721436,-3.953674554824829,-3.9928765296936035,-4.02793025970459,-4.064431190490723,-4.10024356842041,-4.140138149261475,-4.171526908874512,-4.195524215698242,-4.223911285400391,-4.249857425689697,-4.2725324630737305,-4.292812347412109,-4.316102027893066,-4.3497209548950195,-4.3876848220825195,-4.414198875427246,-4.426833629608154,-4.445010185241699,-4.468502998352051,-4.493928909301758,-4.51873779296875,-4.538331508636475,-4.553430080413818,-4.575071811676025,-4.59160041809082,-4.583148002624512,-4.572062969207764,-4.573887348175049,-4.588974952697754
-3.2698421478271484,-3.3345587253570557,-3.40224027633667,-3.470562696456909,-3.528580665588379,-3.5743136405944824,-3.6171746253967285,-3.664003372192383,-3.7114627361297607,-3.757699489593506,-3.8035030364990234,-3.852808952331543,-3.897808790206909,-3.929514169692993,-3.966423273086548,-4.002513885498047,-4.034761905670166,-4.075298309326172,-4.115414619445801,-4.153787136077881,-4.183316230773926,-4.206991195678711,-4.234714984893799,-4.259448051452637,-4.2819013595581055,-4.302867889404297,-4.328649520874023,-4.36265754699707,-4.395778179168701,-4.41879940032959,-4.433538436889648,-4.454583168029785,-4.475882053375244,-4.49924898147583,-4.52754545211792,-4.54947566986084,-4.564484596252441,-4.588593482971191,-4.607143402099609,-4.596696376800537,-4.582405090332031,-4.583179950714111,-4.598343372344971
-3.29695200920105,-3.3576979637145996,-3.426772117614746,-3.4953479766845703,-3.5498461723327637,-3.5935440063476562,-3.635775089263916,-3.6792945861816406,-3.728011131286621,-3.777961254119873,-3.8225393295288086,-3.866074562072754,-3.903989791870117,-3.937755823135376,-3.9790327548980713,-4.01728630065918,-4.050119876861572,-4.090238094329834,-4.129990577697754,-4.165670394897461,-4.194953918457031,-4.2183098793029785,-4.244222164154053,-4.2698893547058105,-4.292897701263428,-4.314486503601074,-4.344425201416016,-4.376966953277588,-4.403278350830078,-4.423338890075684,-4.439188003540039,-4.461776256561279,-4.485272407531738,-4.508896827697754,-4.534290790557861,-4.556784629821777,-4.574650764465332,-4.599920749664307,-4.61850643157959,-4.6074323654174805,-4.591861248016357,-4.592455863952637,-4.6080522537231445
-3.3233482837677,-3.3838963508605957,-3.452230215072632,-3.5154099464416504,-3.5686397552490234,-3.614898681640625,-3.655841827392578,-3.6955020427703857,-3.742185592651367,-3.793642044067383,-3.838648796081543,-3.87896990776062,-3.9135966300964355,-3.9469542503356934,-3.98799729347229,-4.029078483581543,-4.0670485496521,-4.106429100036621,-4.141849517822266,-4.1759514808654785,-4.20658016204834,-4.230839252471924,-4.25435209274292,-4.276865005493164,-4.300846576690674,-4.330194473266602,-4.364109992980957,-4.391561508178711,-4.411318778991699,-4.429164886474609,-4.446862697601318,-4.4706034660339355,-4.497646331787109,-4.521729469299316,-4.541330337524414,-4.564736843109131,-4.587610244750977,-4.612142562866211,-4.627653121948242,-4.6157732009887695,-4.600994110107422,-4.602272033691406,-4.617826461791992
-3.3462440967559814,-3.410292625427246,-3.4768800735473633,-3.5342416763305664,-3.5850467681884766,-3.6328201293945312,-3.6725847721099854,-3.709530830383301,-3.7525975704193115,-3.8029308319091797,-3.85121750831604,-3.891596794128418,-3.923253059387207,-3.9570093154907227,-3.99647855758667,-4.036423206329346,-4.078367233276367,-4.117535591125488,-4.152133464813232,-4.1853156089782715,-4.214301586151123,-4.2411417961120605,-4.2664055824279785,-4.289111137390137,-4.317115306854248,-4.349053382873535,-4.37971305847168,-4.403264045715332,-4.419267654418945,-4.436777114868164,-4.458597183227539,-4.483218193054199,-4.510218620300293,-4.535453796386719,-4.552831649780273,-4.574552536010742,-4.597978115081787,-4.622677803039551,-4.637070655822754,-4.624455451965332,-4.61053466796875,-4.612337112426758,-4.627485275268555
-3.3713173866271973,-3.4335930347442627,-3.4960076808929443,-3.55035400390625,-3.6015267372131348,-3.649081230163574,-3.6872005462646484,-3.7226831912994385,-3.7640671730041504,-3.8148193359375,-3.8648173809051514,-3.905005931854248,-3.9356517791748047,-3.9690451622009277,-4.006139755249023,-4.0459370613098145,-4.08833122253418,-4.125881195068359,-4.161966323852539,-4.193018913269043,-4.22178840637207,-4.253807067871094,-4.279990196228027,-4.304106712341309,-4.336490631103516,-4.364980220794678,-4.389860153198242,-4.415197849273682,-4.431024551391602,-4.449056625366211,-4.475711822509766,-4.4992241859436035,-4.521749019622803,-4.546589374542236,-4.565019130706787,-4.585421085357666,-4.608733177185059,-4.634411811828613,-4.6473188400268555,-4.633307933807373,-4.6202239990234375,-4.622746467590332,-4.637241363525391
-3.3994359970092773,-3.4586119651794434,-3.5150980949401855,-3.565467357635498,-3.6167876720428467,-3.662626266479492,-3.700737476348877,-3.7373948097229004,-3.779714345932007,-3.8308327198028564,-3.8776469230651855,-3.91780948638916,-3.9513707160949707,-3.985029697418213,-4.02137565612793,-4.061028003692627,-4.100983142852783,-4.136714935302734,-4.170491695404053,-4.198810577392578,-4.232269287109375,-4.269977569580078,-4.295330047607422,-4.317721366882324,-4.349432945251465,-4.374938011169434,-4.3994317054748535,-4.425911903381348,-4.441763877868652,-4.46090030670166,-4.486982345581055,-4.5111613273620605,-4.534333229064941,-4.555255889892578,-4.5758056640625,-4.598272323608398,-4.618044853210449,-4.642416000366211,-4.655544281005859,-4.642548084259033,-4.630239963531494,-4.633205413818359,-4.6470947265625
-3.4258947372436523,-3.4830660820007324,-3.5402274131774902,-3.588932514190674,-3.63525390625,-3.6759588718414307,-3.710881233215332,-3.7497854232788086,-3.7990760803222656,-3.8522253036499023,-3.894753932952881,-3.93137788772583,-3.965071201324463,-3.999319076538086,-4.039164066314697,-4.080019474029541,-4.115994453430176,-4.147225379943848,-4.175900459289551,-4.2069902420043945,-4.247710227966309,-4.284567832946777,-4.306709289550781,-4.32927131652832,-4.360136032104492,-4.385727882385254,-4.409472465515137,-4.431629657745361,-4.449066162109375,-4.471922397613525,-4.4971442222595215,-4.5233049392700195,-4.545562267303467,-4.56394624710083,-4.587874889373779,-4.612421989440918,-4.628111839294434,-4.645872116088867,-4.658965587615967,-4.64930534362793,-4.638222694396973,-4.642025470733643,-4.655764579772949
-3.447713851928711,-3.508307933807373,-3.567591905593872,-3.6116943359375,-3.655461311340332,-3.6943087577819824,-3.725989818572998,-3.763784885406494,-3.8150010108947754,-3.869248867034912,-3.9097588062286377,-3.9448814392089844,-3.979090690612793,-4.014491558074951,-4.056588649749756,-4.09505558013916,-4.127235412597656,-4.1565165519714355,-4.1854987144470215,-4.221392631530762,-4.261834144592285,-4.2934770584106445,-4.315008163452148,-4.339141845703125,-4.370798587799072,-4.398965835571289,-4.421940803527832,-4.438086032867432,-4.456155776977539,-4.485681056976318,-4.5125226974487305,-4.537781715393066,-4.557930946350098,-4.574695587158203,-4.598467826843262,-4.6237287521362305,-4.637623310089111,-4.650622367858887,-4.66269588470459,-4.653670787811279,-4.644087791442871,-4.649358749389648,-4.6630730628967285
-3.470446825027466,-3.532057762145996,-3.5863046646118164,-3.6282193660736084,-3.6717963218688965,-3.7122106552124023,-3.7471022605895996,-3.7854034900665283,-3.832451820373535,-3.8832178115844727,-3.9231948852539062,-3.9576256275177,-3.993372917175293,-4.033288955688477,-4.075077056884766,-4.107357025146484,-4.135770797729492,-4.166699409484863,-4.197906970977783,-4.234208106994629,-4.271941184997559,-4.300559997558594,-4.324431896209717,-4.350319862365723,-4.380776882171631,-4.408028602600098,-4.430300712585449,-4.446219444274902,-4.466652870178223,-4.497104644775391,-4.522278785705566,-4.546891689300537,-4.567758560180664,-4.584605693817139,-4.6054182052612305,-4.629611968994141,-4.644524574279785,-4.658003330230713,-4.669132232666016,-4.658892631530762,-4.650298118591309,-4.656285762786865,-4.670003890991211
-3.4941530227661133,-3.550544261932373,-3.596827268600464,-3.639406681060791,-3.68815279006958,-3.732985496520996,-3.7666473388671875,-3.8048529624938965,-3.8524012565612793,-3.8979287147521973,-3.938986301422119,-3.978381633758545,-4.0145063400268555,-4.051220893859863,-4.087028503417969,-4.117176055908203,-4.146925926208496,-4.1793975830078125,-4.213039398193359,-4.248795032501221,-4.282073497772217,-4.307928085327148,-4.334072113037109,-4.363467693328857,-4.393023490905762,-4.416634559631348,-4.436298370361328,-4.455827713012695,-4.47840690612793,-4.501762390136719,-4.525698661804199,-4.553462505340576,-4.574619293212891,-4.593454360961914,-4.615126609802246,-4.638053894042969,-4.652475357055664,-4.666289806365967,-4.678491592407227,-4.668656349182129,-4.658669471740723,-4.663661003112793,-4.67723274230957
-3.5185630321502686,-3.5680036544799805,-3.6087377071380615,-3.652212381362915,-3.7030625343322754,-3.7475638389587402,-3.783198356628418,-3.8275065422058105,-3.877042770385742,-3.9180195331573486,-3.9581432342529297,-3.9984302520751953,-4.0319414138793945,-4.065157890319824,-4.097658157348633,-4.128327369689941,-4.163752555847168,-4.199639320373535,-4.232954025268555,-4.2638959884643555,-4.291946887969971,-4.317342758178711,-4.343070030212402,-4.372297763824463,-4.401904106140137,-4.425470352172852,-4.443228721618652,-4.465768814086914,-4.490609169006348,-4.509827613830566,-4.532079696655273,-4.5580620765686035,-4.580069541931152,-4.603754997253418,-4.626513957977295,-4.646085739135742,-4.658617973327637,-4.674284934997559,-4.688511848449707,-4.67848014831543,-4.6674699783325195,-4.671686172485352,-4.684993267059326
-3.5411038398742676,-3.5884761810302734,-3.6283624172210693,-3.6697354316711426,-3.7168943881988525,-3.7598984241485596,-3.8007736206054688,-3.84892201423645,-3.8977084159851074,-3.9366331100463867,-3.9738643169403076,-4.011877059936523,-4.047488212585449,-4.082409858703613,-4.112724304199219,-4.144697666168213,-4.183899879455566,-4.222282409667969,-4.253696918487549,-4.278939723968506,-4.305562973022461,-4.331962585449219,-4.354339122772217,-4.379509449005127,-4.408516883850098,-4.433804035186768,-4.452120780944824,-4.475462436676025,-4.50105619430542,-4.520267486572266,-4.541261672973633,-4.564017295837402,-4.585666656494141,-4.612085342407227,-4.634782791137695,-4.651602745056152,-4.666018962860107,-4.683457374572754,-4.694711685180664,-4.684166431427002,-4.674684047698975,-4.679368019104004,-4.692744731903076
-3.5592916011810303,-3.6067676544189453,-3.650256872177124,-3.6954169273376465,-3.7391154766082764,-3.778254985809326,-3.820894718170166,-3.8672685623168945,-3.910188674926758,-3.9481048583984375,-3.986543893814087,-4.026557922363281,-4.06502103805542,-4.098176002502441,-4.129186630249023,-4.167881965637207,-4.206444263458252,-4.238681793212891,-4.265585899353027,-4.289236068725586,-4.318119049072266,-4.346832275390625,-4.3681535720825195,-4.388374328613281,-4.416388511657715,-4.443840980529785,-4.462270736694336,-4.484498023986816,-4.509675025939941,-4.530781269073486,-4.551365375518799,-4.573223114013672,-4.594174385070801,-4.618396282196045,-4.640092849731445,-4.657487869262695,-4.674469470977783,-4.691275596618652,-4.699653625488281,-4.689594268798828,-4.681809425354004,-4.687469005584717,-4.700861930847168
-3.5723648071289062,-3.619992256164551,-3.671114444732666,-3.719749689102173,-3.758639097213745,-3.7978715896606445,-3.842439651489258,-3.886418342590332,-3.9268622398376465,-3.963334798812866,-4.0017876625061035,-4.043059349060059,-4.081645965576172,-4.1138691902160645,-4.14809513092041,-4.190214157104492,-4.226016044616699,-4.252087593078613,-4.276051998138428,-4.3008222579956055,-4.3274431228637695,-4.353471279144287,-4.377387523651123,-4.400460243225098,-4.426473617553711,-4.451054573059082,-4.470394611358643,-4.493508338928223,-4.519298553466797,-4.542402744293213,-4.561479091644287,-4.581705093383789,-4.602901458740234,-4.625558853149414,-4.646133899688721,-4.662463188171387,-4.679847717285156,-4.698076248168945,-4.70668888092041,-4.69716739654541,-4.690512657165527,-4.696558952331543,-4.709400177001953
