wind_JJA_day_3x3.json
{"header": {"parameterCategory": 2, "parameterUnit": "m/s", "nx": 74, "ny": 94, "lo1": 118.693, "la1": 26.2568353691, "lo2": 123.2203272787, "la2": 21.0494, "dx": 0.0620181819, "dy": 0.0559939287, "refTime": "2025-01-01 00:00:00", "forecastTime": 0, "parameterNumber": 2}, "data":
[rows 57 to 75 of 94, columns 0 to 42 of 74]
0.6513022184371948,0.6204732060432434,0.6413102746009827,0.7669970989227295,0.8088414669036865,0.8458651900291443,0.9059505462646484,0.9401258826255798,0.9910342693328857,1.0482301712036133,1.1108300685882568,1.2090779542922974,1.2793049812316895,1.3471366167068481,1.4210755825042725,1.5305882692337036,1.6147398948669434,1.6802799701690674,1.7002387046813965,1.7751532793045044,1.866269826889038,2.0612666606903076,2.4479987621307373,2.5566954612731934,2.765397548675537,2.685987949371338,1.6843438148498535,1.6525027751922607,1.1020196676254272,1.0181190967559814,1.218438744544983,1.2565333843231201,0.6397190093994141,1.639169692993164,1.361431360244751,-0.004428269807249308,0.17988672852516174,-0.6742904186248779,-0.8080286979675293,-1.529870867729187,-1.326993703842163,-0.8081526756286621,-1.4741123914718628
0.6473469734191895,0.620049774646759,0.6448107361793518,0.7802238464355469,0.8242843151092529,0.8753028512001038,0.9174360632896423,0.969708263874054,1.017509937286377,1.0781340599060059,1.1417709589004517,1.2214605808258057,1.287644386291504,1.3560779094696045,1.4241282939910889,1.5110952854156494,1.6010984182357788,1.6608564853668213,1.6893843412399292,1.736882209777832,1.8205010890960693,2.0026886463165283,2.2507762908935547,2.018812656402588,2.4339447021484375,2.131096124649048,1.6007733345031738,1.4476125240325928,1.127806544303894,1.077194094657898,0.6846498847007751,1.3568191528320312,0.888924241065979,1.6598200798034668,0.6556049585342407,1.6865768432617188,0.2524568438529968,-0.8993675708770752,-0.6651871800422668,-1.1771636009216309,-0.4182646870613098,-1.3844406604766846,-1.4843884706497192
0.6552007794380188,0.6283125281333923,0.6542413830757141,0.8000755310058594,0.8465573787689209,0.8940438628196716,0.9515243768692017,0.9934364557266235,1.0589959621429443,1.1004283428192139,1.1710379123687744,1.2291337251663208,1.3010506629943848,1.3645882606506348,1.4242762327194214,1.4976933002471924,1.574216365814209,1.6306867599487305,1.6862075328826904,1.70920729637146,1.7987635135650635,1.9621424674987793,2.2025885581970215,2.7812108993530273,2.3285908699035645,2.207824468612671,1.7173409461975098,1.510610580444336,1.2058424949645996,0.9930305480957031,1.2344629764556885,1.0584304332733154,1.4220216274261475,0.4055927097797394,1.4456467628479004,-0.11683222651481628,0.6835910081863403,0.7481173276901245,-1.5480610132217407,-1.2660019397735596,-0.6502731442451477,-1.6395928859710693,-1.5573803186416626
0.6754027605056763,0.6435410976409912,0.6694186329841614,0.8160274028778076,0.8701338171958923,0.9341838955879211,0.9792162775993347,1.0232250690460205,1.0679494142532349,1.1216623783111572,1.2061101198196411,1.2488751411437988,1.2934415340423584,1.3626422882080078,1.4297393560409546,1.4886422157287598,1.5364099740982056,1.5971895456314087,1.6488375663757324,1.702978491783142,1.7643334865570068,1.8958574533462524,2.147310495376587,2.5729904174804688,2.5113112926483154,2.3564610481262207,2.504380226135254,1.7490234375,1.5399913787841797,1.038103699684143,0.9249531030654907,0.9269693493843079,1.4270267486572266,1.421064853668213,0.7507917881011963,0.4546833038330078,-0.727856457233429,-0.4358903765678406,-1.1433485746383667,-0.5900045037269592,-0.027896597981452942,-1.5481328964233398,-1.2111830711364746
0.7001301050186157,0.6657416820526123,0.6961159706115723,0.8381376266479492,0.8743703365325928,0.9584881067276001,1.0231690406799316,1.0402352809906006,1.0904861688613892,1.1593395471572876,1.191925048828125,1.2433511018753052,1.299770474433899,1.3587489128112793,1.429092288017273,1.4718669652938843,1.519666314125061,1.5726927518844604,1.6137028932571411,1.652658462524414,1.709843397140503,1.8486108779907227,2.06319522857666,2.4196243286132812,2.953043222427368,2.9492249488830566,2.6090853214263916,1.7690762281417847,1.4978806972503662,1.1625397205352783,1.2458375692367554,0.9804257154464722,1.6690996885299683,1.383551836013794,0.69081711769104,0.749238908290863,-0.7369234561920166,-1.1888021230697632,-1.0936294794082642,-0.8245676159858704,-1.4323770999908447,-2.10446834564209,-1.462701439857483
0.7189069986343384,0.6939681172370911,0.7292704582214355,0.8625734448432922,0.8999324440956116,0.9910520315170288,1.0295833349227905,1.053574800491333,1.1296966075897217,1.1649291515350342,1.1947153806686401,1.2451398372650146,1.2882574796676636,1.3349272012710571,1.3955327272415161,1.4358055591583252,1.4731459617614746,1.5140941143035889,1.5781633853912354,1.6095318794250488,1.6870454549789429,1.7896037101745605,1.9816292524337769,2.2942302227020264,2.727921962738037,2.7183544635772705,2.215400218963623,1.8827849626541138,1.5363184213638306,1.359013557434082,1.3788878917694092,0.897918164730072,1.3200221061706543,2.1695425510406494,-0.6470670700073242,0.8457227945327759,0.34776484966278076,-0.834812343120575,-0.9203677177429199,-0.86595618724823,-1.3556678295135498,-1.7492499351501465,-1.3946032524108887
0.7532582879066467,0.7302694320678711,0.7702901363372803,0.9069130420684814,0.9441844820976257,1.0048434734344482,1.0491292476654053,1.0848140716552734,1.1215555667877197,1.1589852571487427,1.184054970741272,1.2264608144760132,1.2593709230422974,1.3006962537765503,1.350799322128296,1.393408179283142,1.4373279809951782,1.4905022382736206,1.5280734300613403,1.5910468101501465,1.6532540321350098,1.726318597793579,1.9059031009674072,2.1548688411712646,2.498913288116455,2.773630142211914,2.439274311065674,2.140194892883301,1.453669548034668,1.5075812339782715,1.261464238166809,0.8270910978317261,1.4043116569519043,1.6975507736206055,1.2656641006469727,1.007967472076416,0.3771509528160095,-0.6531698703765869,-1.4138935804367065,-1.1261177062988281,-1.3558969497680664,-1.5015668869018555,-1.1937315464019775
0.7942193746566772,0.767658531665802,0.8123968243598938,0.9510453343391418,0.9905182123184204,1.0339950323104858,1.0810166597366333,1.10276198387146,1.120680570602417,1.127334475517273,1.1617251634597778,1.2004249095916748,1.2306848764419556,1.2666957378387451,1.304274082183838,1.3604744672775269,1.3840597867965698,1.4354801177978516,1.4953668117523193,1.5355119705200195,1.5992138385772705,1.6917555332183838,1.8318212032318115,2.043787956237793,2.2844924926757812,2.842681407928467,2.3660545349121094,1.9316647052764893,1.4732801914215088,1.5987945795059204,1.191392421722412,0.8269574046134949,1.256244421005249,0.6179659366607666,1.0395170450210571,0.4534232020378113,-0.013600114732980728,-1.4631257057189941,-1.39756441116333,-1.932113528251648,-1.683996558189392,-1.2865865230560303,-0.9522514343261719
0.8365592956542969,0.8051456212997437,0.8439736366271973,0.9882854223251343,1.0322943925857544,1.0638941526412964,1.0919325351715088,1.120743989944458,1.1056907176971436,1.1047236919403076,1.1466872692108154,1.1809120178222656,1.1918258666992188,1.215599775314331,1.2664704322814941,1.2936525344848633,1.345865249633789,1.3997567892074585,1.459428310394287,1.492020606994629,1.5587184429168701,1.6254072189331055,1.7645165920257568,1.931244969367981,2.1000375747680664,2.0410327911376953,2.0629196166992188,1.9397170543670654,1.6064338684082031,1.192308783531189,1.2005451917648315,0.7141788005828857,1.266595482826233,0.9047632813453674,0.5655325651168823,0.5207845568656921,-0.058025967329740524,-1.2196977138519287,-1.259834885597229,-1.4932715892791748,-1.3754909038543701,-1.0175557136535645,-0.6726676225662231
0.8778469562530518,0.8340715765953064,0.8736096620559692,1.0192432403564453,1.0450971126556396,1.0808320045471191,1.093704104423523,1.0951404571533203,1.091047763824463,1.0999009609222412,1.1247992515563965,1.1254961490631104,1.1532741785049438,1.1859986782073975,1.226144552230835,1.228672742843628,1.284761905670166,1.3411668539047241,1.3896845579147339,1.4474135637283325,1.4936884641647339,1.5668865442276,1.6777790784835815,1.8046913146972656,1.9812736511230469,2.193680763244629,2.215413808822632,2.0090789794921875,1.4990676641464233,1.6511313915252686,1.5975522994995117,0.7796813249588013,1.1899534463882446,1.6464942693710327,0.15053308010101318,-0.7240415811538696,-1.0331906080245972,-1.386777639389038,-1.1142728328704834,-1.2379573583602905,-1.009810447692871,-0.6795341372489929,-0.3259183466434479
0.8919384479522705,0.8559840321540833,0.901175856590271,1.0408902168273926,1.0664067268371582,1.0767449140548706,1.0796055793762207,1.0707215070724487,1.0692636966705322,1.0805268287658691,1.0768146514892578,1.0796961784362793,1.1003241539001465,1.1502013206481934,1.1699141263961792,1.2033345699310303,1.2206737995147705,1.2810280323028564,1.3280682563781738,1.355167031288147,1.4208227396011353,1.4936401844024658,1.5886801481246948,1.7020974159240723,1.8611936569213867,2.0584020614624023,2.3225231170654297,1.9014875888824463,2.110152244567871,1.7884721755981445,1.6001784801483154,1.066482424736023,1.06890070438385,1.6303949356079102,1.2115482091903687,0.06853725016117096,-0.9668315052986145,-1.2814891338348389,-1.0739059448242188,-0.8917725086212158,-0.6098978519439697,-0.2720903158187866,0.05435264855623245
0.9026895761489868,0.8669548034667969,0.9102524518966675,1.0540118217468262,1.06939697265625,1.070016622543335,1.0716050863265991,1.053903579711914,1.053222894668579,1.0673792362213135,1.0555707216262817,1.0410354137420654,1.066540002822876,1.102190375328064,1.1217471361160278,1.143201470375061,1.1630382537841797,1.221048355102539,1.253495216369629,1.2989914417266846,1.3610703945159912,1.4061397314071655,1.5103145837783813,1.610373854637146,1.7371432781219482,1.9172756671905518,2.165619134902954,2.539837121963501,2.8747239112854004,1.9194153547286987,1.711846947669983,1.1991817951202393,1.447893738746643,0.4681720733642578,1.617071270942688,0.8449507355690002,-0.44186165928840637,-0.6220648288726807,-0.7248815894126892,-0.5086150169372559,-0.1757679432630539,0.18152683973312378,0.5252192616462708
0.9000330567359924,0.8639246821403503,0.9083849191665649,1.0574458837509155,1.0650591850280762,1.0579397678375244,1.0505526065826416,1.0411796569824219,1.0451539754867554,1.0328434705734253,1.0376663208007812,1.0259499549865723,1.0306644439697266,1.0489869117736816,1.0769962072372437,1.077006220817566,1.1134893894195557,1.1632901430130005,1.1732797622680664,1.2242417335510254,1.2685775756835938,1.3283711671829224,1.409745454788208,1.4966444969177246,1.616063117980957,1.769798994064331,1.9901882410049438,2.240093946456909,2.4418458938598633,2.698282241821289,2.18989896774292,1.5331354141235352,1.4429702758789062,0.658568263053894,1.5888447761535645,1.0061683654785156,-0.1983402818441391,-0.5436565279960632,-0.44584041833877563,-0.06411104649305344,0.3296816051006317,0.6785666346549988,0.9519126415252686
0.892547607421875,0.8481149673461914,0.8907045722007751,1.0384024381637573,1.0259432792663574,1.03587007522583,1.0382407903671265,1.0172114372253418,1.0031126737594604,0.9935078024864197,0.9965204000473022,1.004737377166748,1.0061993598937988,0.9979048371315002,1.0037184953689575,1.0270752906799316,1.0712213516235352,1.0900160074234009,1.1158638000488281,1.164462685585022,1.189117431640625,1.242558240890503,1.295727252960205,1.415216326713562,1.5237812995910645,1.6036711931228638,1.7759511470794678,2.09011173248291,2.116302013397217,2.3243632316589355,2.5118284225463867,2.075256824493408,1.5138118267059326,0.894287645816803,1.112537145614624,0.6138579845428467,-0.23353426158428192,-0.35100772976875305,0.0406343936920166,0.5029901266098022,0.8791677951812744,1.1550570726394653,1.3709956407546997
0.8854593634605408,0.8323782086372375,0.8721098899841309,1.0051710605621338,1.0063390731811523,1.0143013000488281,1.0242459774017334,0.9960483312606812,0.9580927491188049,0.9457486867904663,0.9496349096298218,0.9665278792381287,0.9512258768081665,0.963322639465332,0.9330333471298218,0.9869614839553833,0.9901796579360962,1.0222071409225464,1.0471363067626953,1.1078886985778809,1.1268360614776611,1.179589867591858,1.2267918586730957,1.311742901802063,1.4086920022964478,1.4632524251937866,1.5819063186645508,1.7539713382720947,1.8690398931503296,1.9669585227966309,2.133951425552368,2.0936059951782227,1.15757417678833,0.6267890334129333,1.4571462869644165,1.0659841299057007,-0.05766933411359787,-0.018850021064281464,0.6276946067810059,1.0637933015823364,1.3761045932769775,1.6043058633804321,1.774890422821045
0.8707223534584045,0.8181291222572327,0.8602131605148315,0.9895536303520203,0.9909927845001221,1.0006204843521118,1.0025851726531982,0.9797162413597107,0.9433300495147705,0.8955075740814209,0.8922474384307861,0.9284543991088867,0.9145619869232178,0.9158990383148193,0.9397246837615967,0.9160898327827454,0.9301549196243286,0.973175585269928,1.0103342533111572,1.038804531097412,1.065537691116333,1.1017745733261108,1.1530827283859253,1.218512773513794,1.3030771017074585,1.352881908416748,1.4359519481658936,1.5559933185577393,1.6840745210647583,1.8146487474441528,1.9354056119918823,2.034656286239624,1.5492385625839233,1.0057990550994873,1.4964076280593872,1.1413979530334473,-0.07608521729707718,0.6704144477844238,1.2582939863204956,1.5919976234436035,1.8190910816192627,1.976749300956726,2.0920932292938232
0.8563298583030701,0.8044493794441223,0.8538628816604614,0.9878624081611633,0.9868375062942505,0.9801172614097595,0.9708635210990906,0.9426533579826355,0.8975151777267456,0.8857616186141968,0.8815828561782837,0.8741651177406311,0.8595675826072693,0.9058915376663208,0.9125804901123047,0.898373007774353,0.8881837725639343,0.9220364689826965,0.9436641931533813,0.9463118314743042,0.9874431490898132,1.0192792415618896,1.06479811668396,1.133845329284668,1.1804596185684204,1.237970232963562,1.3305999040603638,1.4176884889602661,1.5101417303085327,1.6528279781341553,1.8182218074798584,2.031768798828125,2.1832406520843506,1.272542119026184,1.5356229543685913,1.5596613883972168,1.3616364002227783,1.3335901498794556,1.7168776988983154,1.970168948173523,2.1371164321899414,2.2444581985473633,2.353438138961792
0.8440982699394226,0.7935136556625366,0.8496196866035461,0.989368200302124,0.9627223014831543,0.9503855109214783,0.9474124908447266,0.9164724349975586,0.870743989944458,0.8524004220962524,0.8697137236595154,0.8413934707641602,0.8458519577980042,0.8497969508171082,0.8720760345458984,0.8668099641799927,0.8518370389938354,0.8691549301147461,0.8902390003204346,0.8833472728729248,0.898216962814331,0.940568208694458,0.9737266898155212,1.029329776763916,1.0668253898620605,1.1381163597106934,1.2188717126846313,1.3166013956069946,1.4145070314407349,1.5399444103240967,1.6944162845611572,1.9127957820892334,2.0988950729370117,1.4878443479537964,0.886169970035553,1.3840869665145874,0.7352174520492554,1.438781499862671,1.8911232948303223,2.1543102264404297,2.3390631675720215,2.4647059440612793,2.536625385284424
0.8406625986099243,0.7905722856521606,0.8401408791542053,0.9844416379928589,0.9733508229255676,0.9303280115127563,0.8930323719978333,0.8852684497833252,0.8570711612701416,0.8319098949432373,0.8205417394638062,0.812995433807373,0.8285648226737976,0.8160016536712646,0.8189370632171631,0.8262826204299927,0.8295446038246155,0.8300176858901978,0.8386891484260559,0.8532446026802063,0.8740096688270569,0.8706219792366028,0.901115894317627,0.9307845234870911,0.9829405546188354,1.031928300857544,1.1263350248336792,1.2115604877471924,1.3285601139068604,1.4622232913970947,1.6383631229400635,1.8456441164016724,2.0264244079589844,1.7500585317611694,1.3713324069976807,1.5707590579986572,0.5419864654541016,1.3347063064575195,2.024197578430176,2.318997621536255,2.487647533416748,2.6082234382629395,2.671140670776367
