wind_JJA_night_4x4.json
{"header": {"parameterCategory": 2, "parameterUnit": "m/s", "nx": 55, "ny": 70, "lo1": 118.693, "la1": 26.200841440399998, "lo2": 123.1583090968, "la2": 21.0494, "dx": 0.0826909092, "dy": 0.0746585716, "refTime": "2025-01-01 00:00:00", "forecastTime": 0, "parameterNumber": 2}, "data":
[rows 19 to 37 of 70, columns 0 to 42 of 55]
1.0372024774551392,1.6946388483047485,1.9166004657745361,1.9814456701278687,1.9584885835647583,1.9019759893417358,1.8516932725906372,1.8319228887557983,1.7845994234085083,1.7837797403335571,1.7845895290374756,1.7800276279449463,1.7646336555480957,1.7905428409576416,1.7878187894821167,1.7991117238998413,1.8407225608825684,1.903659462928772,1.9541712999343872,2.004406213760376,2.0731041431427,2.1430037021636963,2.217176914215088,2.2831575870513916,2.3957948684692383,2.468080759048462,2.3042895793914795,1.5418791770935059,0.318919837474823,0.0021840715780854225,-0.44488149881362915,0.3992823362350464,-0.1201300173997879,-0.731981635093689,0.7305948734283447,0.1129213348031044,0.7547178268432617,0.5655014514923096,0.17970125377178192,0.13044661283493042,0.437673419713974,0.4726865887641907,0.3489842116832733
1.0473666191101074,1.7164162397384644,1.9233951568603516,1.972618818283081,1.9257603883743286,1.8892123699188232,1.831084132194519,1.797980546951294,1.7658528089523315,1.7671887874603271,1.7639753818511963,1.7581713199615479,1.731988549232483,1.735514521598816,1.748584270477295,1.770160436630249,1.81892991065979,1.8758952617645264,1.913688063621521,1.9665459394454956,1.9928114414215088,2.0418477058410645,2.0667688846588135,2.1161348819732666,2.211341381072998,2.0180416107177734,1.2449443340301514,0.5816551446914673,-0.47621217370033264,-0.3877769112586975,-1.0476655960083008,-0.9409544467926025,0.7114757895469666,-1.051276445388794,0.20343226194381714,1.1881484985351562,0.8855044841766357,0.8282934427261353,0.6735399961471558,0.6396210193634033,0.7445711493492126,0.6315431594848633,0.43822067975997925
1.490176796913147,1.8803033828735352,1.9648282527923584,1.923569917678833,1.8740484714508057,1.8572890758514404,1.8106001615524292,1.7889219522476196,1.7510521411895752,1.7423239946365356,1.7256370782852173,1.7120152711868286,1.6966787576675415,1.6841480731964111,1.7002577781677246,1.7252483367919922,1.7802501916885376,1.84553062915802,1.8754451274871826,1.9017539024353027,1.898012638092041,1.899498701095581,1.8707307577133179,1.9500895738601685,1.8876763582229614,1.0315865278244019,0.3776358664035797,0.5925809144973755,-0.4095659554004669,-0.24958176910877228,-0.30103957653045654,0.1484997272491455,0.16195788979530334,-0.5584158301353455,0.38929304480552673,0.7986440658569336,0.8270464539527893,1.014864444732666,1.2068288326263428,1.0882112979888916,1.1351124048233032,0.8389286398887634,0.5423921942710876
1.869992971420288,1.8572354316711426,1.8796308040618896,1.8722316026687622,1.8264447450637817,1.8231451511383057,1.8083324432373047,1.7781609296798706,1.7560455799102783,1.7382709980010986,1.7243345975875854,1.671986699104309,1.640496015548706,1.6380072832107544,1.6467046737670898,1.682005524635315,1.7496821880340576,1.81083083152771,1.8301633596420288,1.80116868019104,1.7423925399780273,1.6815491914749146,1.6685431003570557,1.7257673740386963,1.1695764064788818,0.12084043025970459,0.19892650842666626,-0.1437169760465622,-0.35656797885894775,0.2597721517086029,-1.0851061344146729,-0.18236277997493744,-0.4593587815761566,0.89387446641922,0.020501740276813507,0.1052841916680336,0.8518363237380981,0.5841402411460876,1.1349077224731445,1.3353962898254395,1.384765386581421,0.9542400240898132,0.6026930212974548
1.7168843746185303,1.7409815788269043,1.8282346725463867,1.8411049842834473,1.8219857215881348,1.7936880588531494,1.7670087814331055,1.7531152963638306,1.7245407104492188,1.6805723905563354,1.6561521291732788,1.6197737455368042,1.580608606338501,1.5903972387313843,1.6021724939346313,1.656663179397583,1.730376958847046,1.76170814037323,1.7333486080169678,1.6574145555496216,1.5666913986206055,1.4538532495498657,1.4566962718963623,1.357723593711853,0.25993189215660095,0.2280873954296112,-1.3256914615631104,-0.5441115498542786,-0.35168159008026123,-0.21673426032066345,-1.0327668190002441,-0.4536654055118561,0.04089953005313873,0.24104084074497223,-0.21491165459156036,-0.11749035120010376,0.9553622603416443,0.8723652362823486,0.8628631830215454,1.188500165939331,1.2811328172683716,0.9176590442657471,0.5977542400360107
1.591457724571228,1.6807010173797607,1.7945013046264648,1.8089244365692139,1.7930772304534912,1.7726303339004517,1.7306866645812988,1.699052333831787,1.6739140748977661,1.6267502307891846,1.5968554019927979,1.552178978919983,1.5110721588134766,1.5299246311187744,1.5624592304229736,1.6280152797698975,1.7070242166519165,1.69842529296875,1.6514333486557007,1.511476755142212,1.3564810752868652,1.2029510736465454,1.2490715980529785,0.7275630831718445,-0.5214762091636658,0.0011521433480083942,-0.15781675279140472,-1.2346365451812744,-0.6792188286781311,-0.79233318567276,-0.6335684657096863,-0.37188446521759033,1.340543508529663,-0.6754089593887329,0.42688560485839844,0.24473440647125244,0.08384136110544205,0.48631665110588074,0.7342616319656372,1.0568923950195312,1.1254692077636719,0.8142849206924438,0.5679901242256165
1.6027297973632812,1.6422433853149414,1.7411402463912964,1.77150297164917,1.773647427558899,1.7440212965011597,1.7043607234954834,1.6567542552947998,1.6213388442993164,1.5639984607696533,1.5279998779296875,1.4816462993621826,1.4528318643569946,1.481502652168274,1.53284752368927,1.6026660203933716,1.6576322317123413,1.6521122455596924,1.5396733283996582,1.3536808490753174,1.1126703023910522,0.9277470111846924,1.0395898818969727,0.2550627589225769,-0.561682939529419,-1.1756004095077515,-0.1350567489862442,-0.5113051533699036,-0.5165109634399414,-1.3371957540512085,-0.6416351795196533,0.20943927764892578,-1.4322097301483154,-1.1378287076950073,1.0339101552963257,0.7042574882507324,0.5543109178543091,-0.2144804298877716,0.8279297351837158,1.0498533248901367,0.9636815786361694,0.7070993185043335,0.5195501446723938
1.541109561920166,1.5840020179748535,1.7093937397003174,1.7435307502746582,1.7329416275024414,1.7170825004577637,1.6695023775100708,1.6233032941818237,1.5519495010375977,1.5051422119140625,1.4723678827285767,1.4633865356445312,1.433734655380249,1.4614819288253784,1.5041651725769043,1.5885202884674072,1.637798547744751,1.5847822427749634,1.394803762435913,1.1544677019119263,0.8300442099571228,0.632942259311676,0.6094622015953064,0.06037616729736328,0.1790720671415329,-0.145211324095726,-0.8184505701065063,-0.6636797189712524,-1.573906660079956,-0.390654981136322,-0.18141917884349823,-0.4450339078903198,-0.1735081821680069,0.4234512746334076,-0.21224409341812134,0.05664989352226257,0.42452865839004517,0.4275698661804199,1.2156336307525635,1.059540867805481,0.8256291747093201,0.5980755686759949,0.4644714891910553
1.5197498798370361,1.5600796937942505,1.6992987394332886,1.7194435596466064,1.7003071308135986,1.6698875427246094,1.6229597330093384,1.5578986406326294,1.492351770401001,1.461658000946045,1.4314850568771362,1.422298550605774,1.4188979864120483,1.4505711793899536,1.4941182136535645,1.56797194480896,1.5977959632873535,1.4863148927688599,1.257453441619873,0.9122422933578491,0.5015692114830017,0.3903849422931671,0.24787794053554535,0.186640664935112,0.1976088434457779,-0.8656042814254761,-1.1126056909561157,-1.2356147766113281,-0.4120839834213257,-0.8347304463386536,0.29931890964508057,-0.5563871264457703,-0.4677661657333374,0.6129433512687683,0.028735391795635223,-0.024032484740018845,0.17819669842720032,0.7452508807182312,0.9992733001708984,0.9409770369529724,0.6689432859420776,0.5031647682189941,0.4174475073814392
1.5060784816741943,1.5462512969970703,1.6857380867004395,1.6988955736160278,1.668957233428955,1.6275999546051025,1.5647388696670532,1.4919551610946655,1.4375684261322021,1.4008948802947998,1.3932595252990723,1.376539707183838,1.4029300212860107,1.4332352876663208,1.4978060722351074,1.5765137672424316,1.5538294315338135,1.3633861541748047,1.0703762769699097,0.6571845412254333,0.18392710387706757,0.14434058964252472,0.17018280923366547,0.4137353003025055,0.14371329545974731,-1.3281359672546387,-0.6032717823982239,-0.9799525737762451,-1.0075953006744385,-0.2796250581741333,-0.4143117368221283,-0.9808534979820251,-0.11627820134162903,0.0017862097593024373,0.7752761840820312,0.4363155961036682,0.6187940835952759,0.7281495332717896,0.9396652579307556,0.7657188177108765,0.5444272756576538,0.4326426386833191,0.3989425599575043
1.5024030208587646,1.535243272781372,1.6620961427688599,1.6690146923065186,1.624866247177124,1.5668563842773438,1.4982818365097046,1.4420433044433594,1.3893959522247314,1.353135347366333,1.3425049781799316,1.3538404703140259,1.3800121545791626,1.4097411632537842,1.4800622463226318,1.5364294052124023,1.4662132263183594,1.2342641353607178,0.851011335849762,0.3579162359237671,-0.11709427088499069,0.10684600472450256,0.08768939971923828,0.2068713754415512,-0.12473668158054352,-1.903550624847412,-0.45365315675735474,-0.8617206811904907,-0.7370141744613647,0.06529682129621506,-0.7677584290504456,-0.9557651281356812,0.15990601480007172,0.04594051465392113,0.8114800453186035,0.534476637840271,0.40916725993156433,0.9166547060012817,0.8874631524085999,0.639508843421936,0.4584321081638336,0.3826170861721039,0.37995773553848267
1.498695969581604,1.5215764045715332,1.6530687808990479,1.6328151226043701,1.569812536239624,1.503815770149231,1.425182580947876,1.3722189664840698,1.323805809020996,1.3017816543579102,1.3102879524230957,1.3173826932907104,1.3418240547180176,1.3675010204315186,1.4450366497039795,1.4656407833099365,1.3555691242218018,1.081194281578064,0.6029476523399353,0.05500825494527817,-0.32366058230400085,-0.04058602824807167,0.00024533458054065704,-0.011494828388094902,-0.45442482829093933,-1.7379637956619263,-0.4034879803657532,0.11934561282396317,-0.5930772423744202,-0.08844642341136932,-0.9645205736160278,-1.1734097003936768,0.5597652792930603,0.4702101945877075,0.19775015115737915,0.2809616029262543,0.9739893674850464,1.039055347442627,0.8331122398376465,0.5530699491500854,0.3943083882331848,0.3641185164451599,0.3688511252403259
1.4891611337661743,1.489380955696106,1.6050009727478027,1.5872668027877808,1.5178537368774414,1.4499452114105225,1.3716628551483154,1.3191494941711426,1.2680294513702393,1.2596304416656494,1.2772988080978394,1.2829110622406006,1.282222032546997,1.3312386274337769,1.3967174291610718,1.3817827701568604,1.2368406057357788,0.8616890907287598,0.3395393192768097,-0.25226762890815735,-0.05689091980457306,0.003604549914598465,-0.06829468160867691,0.06266181915998459,0.47409969568252563,-1.0319316387176514,-1.1743862628936768,0.6980136632919312,-1.0131399631500244,-0.9151682257652283,-0.05435429513454437,-1.3787426948547363,0.21112114191055298,0.14578112959861755,0.22582890093326569,0.5372817516326904,1.3028500080108643,1.0578290224075317,0.7646385431289673,0.4922591745853424,0.3571372926235199,0.35291001200675964,0.3695410192012787
1.458035945892334,1.4441673755645752,1.5574631690979004,1.5449413061141968,1.4812252521514893,1.408540964126587,1.3258432149887085,1.2568069696426392,1.2249704599380493,1.20522940158844,1.2238163948059082,1.2340095043182373,1.2207361459732056,1.301613211631775,1.3176348209381104,1.279056191444397,1.0880688428878784,0.6199554204940796,0.01726442761719227,-0.36142924427986145,-0.12463779747486115,0.12277349829673767,-0.09547921270132065,-0.7690297961235046,0.9626783728599548,-0.6566246151924133,-0.6632277369499207,-0.47665393352508545,0.17445378005504608,-0.6498973369598389,-0.09267840534448624,1.082223892211914,0.6683287024497986,0.6578492522239685,0.4026689827442169,0.888860821723938,1.0181453227996826,0.9825667142868042,0.7027029395103455,0.44641926884651184,0.3617480397224426,0.36560821533203125,0.39930322766304016
1.411186695098877,1.391974925994873,1.496709942817688,1.494640588760376,1.4300262928009033,1.3443076610565186,1.26267671585083,1.2157630920410156,1.1714870929718018,1.1359949111938477,1.170192003250122,1.154504656791687,1.1430621147155762,1.2403709888458252,1.2644577026367188,1.1864006519317627,0.9155250787734985,0.3345838785171509,-0.4968591332435608,-0.4114741086959839,-0.23580582439899445,-0.11636053770780563,-0.27804428339004517,-0.2010508030653,-0.05478954315185547,-0.5364463925361633,0.6449980735778809,-0.37381792068481445,0.25899970531463623,-0.5282788872718811,-0.9981936812400818,1.1641387939453125,0.4611088037490845,0.41278666257858276,-0.5781692862510681,1.7705256938934326,1.182891845703125,0.9568386673927307,0.6370458602905273,0.4092610478401184,0.3702274560928345,0.40362104773521423,0.4177930951118469
1.3577234745025635,1.3361237049102783,1.443343162536621,1.4359543323516846,1.3598103523254395,1.281774640083313,1.2002345323562622,1.1485645771026611,1.1083993911743164,1.0997004508972168,1.0858030319213867,0.9580735564231873,1.0433083772659302,1.208391547203064,1.1986256837844849,1.0655313730239868,0.7586686611175537,0.10758458822965622,-0.5723299980163574,-0.4364945888519287,-0.21060195565223694,-0.11593542993068695,-0.18642491102218628,-0.3038235902786255,-1.0220191478729248,-0.7689069509506226,0.5448295474052429,-1.0106275081634521,0.5188536643981934,-0.4222154915332794,-0.16686633229255676,1.0558996200561523,0.38491547107696533,0.8915165662765503,-0.46870529651641846,1.4528698921203613,1.1832696199417114,0.9288616180419922,0.5694789290428162,0.426994264125824,0.4035436511039734,0.4313892126083374,0.4548484683036804
1.3021368980407715,1.2833364009857178,1.3872681856155396,1.3831944465637207,1.3220341205596924,1.2332916259765625,1.1560862064361572,1.100848913192749,1.065231442451477,1.0347651243209839,1.0324592590332031,0.7832587957382202,0.967199981212616,1.1817240715026855,1.1230074167251587,0.94791579246521,0.5784028768539429,-0.11576968431472778,-0.6390364766120911,-0.4721488654613495,-0.19528698921203613,-0.21855711936950684,-0.8577227592468262,-0.5258238315582275,-1.1305320262908936,-1.1390081644058228,0.8491774797439575,-0.6028836369514465,0.6572197675704956,-0.928831934928894,0.814164400100708,1.2385039329528809,0.24823325872421265,-0.2910900115966797,1.8659272193908691,1.744348168373108,1.2942471504211426,0.8970330953598022,0.5654832124710083,0.4521177411079407,0.4224814772605896,0.46072524785995483,0.49546945095062256
1.2417991161346436,1.2165664434432983,1.3306567668914795,1.3264178037643433,1.2794737815856934,1.1982676982879639,1.1244549751281738,1.0945086479187012,1.0565308332443237,1.0264334678649902,1.0372315645217896,0.7934705018997192,1.2054826021194458,1.1486284732818604,1.042809009552002,0.8160480260848999,0.4038826525211334,-0.3218073546886444,-0.6971029043197632,-0.5792281627655029,-0.22201117873191833,-0.1690150499343872,-1.0188016891479492,-1.291846752166748,-0.8852133750915527,-0.7260189056396484,0.7980039715766907,0.04818391427397728,-0.5662631988525391,-0.17955957353115082,0.966557502746582,-0.0452270470559597,0.5819217562675476,-0.7980332374572754,1.0403119325637817,1.2656784057617188,1.279869556427002,0.8538522124290466,0.5627231001853943,0.4752941429615021,0.47784456610679626,0.5249708890914917,0.5533747673034668
1.166982889175415,1.1419250965118408,1.2651140689849854,1.2658731937408447,1.2160295248031616,1.152395248413086,1.1211957931518555,1.0944945812225342,1.047472357749939,1.0554656982421875,1.0851867198944092,1.1309641599655151,1.1671100854873657,1.1059013605117798,0.9650492668151855,0.6885088682174683,0.2282126396894455,-0.5382795333862305,-1.0278077125549316,-0.6237608790397644,-0.35143259167671204,-0.10809330642223358,-1.1415114402770996,-1.811239242553711,-1.710118055343628,0.25517064332962036,-1.2329609394073486,-0.8782870173454285,0.03187568113207817,0.35815712809562683,-0.39549538493156433,0.5094923377037048,0.7123199701309204,-0.23627427220344543,1.3963598012924194,1.6034283638000488,1.1809899806976318,0.7789618968963623,0.5618160963058472,0.5165509581565857,0.5464622974395752,0.5744510293006897,0.6072733402252197
