wind_JJA_avg_4x4.json
{"header": {"parameterCategory": 2, "parameterUnit": "m/s", "nx": 55, "ny": 70, "lo1": 118.693, "la1": 26.200841440399998, "lo2": 123.1583090968, "la2": 21.0494, "dx": 0.0826909092, "dy": 0.0746585716, "refTime": "2025-01-01 00:00:00", "forecastTime": 0, "parameterNumber": 3}, "data":
[rows 0 to 18 of 70, columns 0 to 42 of 55]
0.5021112561225891,0.25732699036598206,0.16986365616321564,0.00556366890668869,-0.12028059363365173,-0.22772559523582458,-0.12284353375434875,0.006983935832977295,0.06602048873901367,0.34459054470062256,0.1516234576702118,0.5048137307167053,1.799311876296997,2.5070433616638184,2.37332820892334,2.5929245948791504,2.7190701961517334,2.7222015857696533,2.8240785598754883,2.91902232170105,3.0170016288757324,3.090724468231201,3.1426210403442383,3.1848433017730713,3.211550235748291,3.229175090789795,3.2362661361694336,3.235508918762207,3.240872859954834,3.2452127933502197,3.242053270339966,3.2332046031951904,3.2235419750213623,3.218806266784668,3.2113614082336426,3.2054643630981445,3.2069125175476074,3.214108943939209,3.2218289375305176,3.2282609939575195,3.236348867416382,3.2426998615264893,3.247305154800415
0.3231304883956909,0.34739845991134644,0.5380175709724426,0.4698197841644287,0.06876131892204285,-0.07063902169466019,-0.16294637322425842,0.3164311349391937,0.5599437952041626,0.5400902628898621,0.5298084020614624,0.6453421115875244,1.7132649421691895,2.4191415309906006,2.514883518218994,2.341566801071167,2.6669843196868896,2.7329354286193848,2.886413335800171,2.9871859550476074,3.060678482055664,3.0995044708251953,3.1215901374816895,3.1302084922790527,3.13301420211792,3.136014938354492,3.13057804107666,3.1173295974731445,3.1103973388671875,3.103851795196533,3.084052324295044,3.059006690979004,3.031008720397949,3.017983913421631,3.020285129547119,3.0192184448242188,3.013681650161743,3.023245334625244,3.034367084503174,3.0451295375823975,3.0597457885742188,3.077639579772949,3.091912269592285
0.5650262832641602,0.7387290596961975,0.7655489444732666,0.812196671962738,0.6954869031906128,0.2637642025947571,0.46330422163009644,0.6662530303001404,0.7120330333709717,0.701172411441803,-0.030623801052570343,0.6590615510940552,1.5846586227416992,2.6093266010284424,2.7615535259246826,2.72696590423584,2.632233142852783,2.831031322479248,2.979189872741699,3.0620155334472656,3.0906991958618164,3.113649368286133,3.10062837600708,3.0788323879241943,3.0602142810821533,3.0524446964263916,3.0302720069885254,3.011059284210205,2.987473487854004,2.9679207801818848,2.938335418701172,2.9062657356262207,2.8771114349365234,2.867314338684082,2.8606369495391846,2.855865001678467,2.8595118522644043,2.8774871826171875,2.8946051597595215,2.9249637126922607,2.9559173583984375,2.979318141937256,2.9988369941711426
1.0046427249908447,1.0096064805984497,0.798930287361145,0.15517260134220123,0.7874032855033875,0.695850133895874,0.09468942880630493,0.8838499784469604,0.7967221140861511,0.6782176494598389,1.0909994840621948,0.8245078325271606,1.2166346311569214,2.79370379447937,2.817060708999634,2.7287564277648926,2.6708202362060547,2.9431943893432617,3.062345504760742,3.092653751373291,3.0982015132904053,3.0937447547912598,3.075775623321533,3.059689998626709,3.047760248184204,3.0335779190063477,3.0140581130981445,2.9831576347351074,2.948826313018799,2.92939829826355,2.88675856590271,2.8472812175750732,2.8026862144470215,2.792172908782959,2.7724671363830566,2.7660884857177734,2.773291826248169,2.788816452026367,2.819404125213623,2.8567962646484375,2.906050682067871,2.9374163150787354,2.9636268615722656
0.6704118251800537,0.7750905752182007,0.662596583366394,0.6714836955070496,-0.059113919734954834,-0.20093756914138794,0.6359585523605347,0.5023384094238281,0.6983140110969543,0.9648101925849915,0.3205784261226654,0.8884015083312988,2.6248230934143066,2.7883501052856445,2.73458194732666,2.6321773529052734,2.841174602508545,3.039008140563965,3.101595401763916,3.1085379123687744,3.1016149520874023,3.0732674598693848,3.0560269355773926,3.0359978675842285,3.0299813747406006,3.017315626144409,2.9868853092193604,2.948914051055908,2.9136953353881836,2.8687987327575684,2.8168582916259766,2.7646875381469727,2.7206034660339355,2.69673490524292,2.679439067840576,2.657543182373047,2.6682426929473877,2.6896095275878906,2.7356605529785156,2.786668062210083,2.8387813568115234,2.8704800605773926,2.8874969482421875
0.008980900049209595,0.15144756436347961,0.5145615935325623,0.5119437575340271,0.2188030630350113,0.24957352876663208,1.1326801776885986,0.6503787040710449,1.7475756406784058,1.3130643367767334,0.664035975933075,1.0837440490722656,2.7451729774475098,2.762834310531616,2.4975013732910156,2.6539835929870605,2.9636573791503906,3.07421875,3.084686279296875,3.0795533657073975,3.0648961067199707,3.0426907539367676,3.027268171310425,3.018328905105591,3.009730339050293,2.986630439758301,2.965855360031128,2.92433500289917,2.8681702613830566,2.8144659996032715,2.7503342628479004,2.679999828338623,2.617382526397705,2.575554132461548,2.5547738075256348,2.5411040782928467,2.5498476028442383,2.5806164741516113,2.6412110328674316,2.701059579849243,2.749342679977417,2.790106773376465,2.8107504844665527
0.22205987572669983,0.3278212547302246,0.6929681301116943,1.00686514377594,0.8787322044372559,0.8610055446624756,0.9864603877067566,0.49969610571861267,0.7796335816383362,1.7703372240066528,1.603886365890503,1.801234245300293,2.6146092414855957,2.6991467475891113,2.2882843017578125,2.7712087631225586,3.038980007171631,3.039180278778076,3.037540912628174,3.034271240234375,3.0164029598236084,3.001319169998169,2.9955925941467285,2.9908933639526367,2.9855544567108154,2.962550163269043,2.930389881134033,2.8734898567199707,2.8055686950683594,2.738243341445923,2.666297197341919,2.578782081604004,2.5044355392456055,2.4410605430603027,2.40386700630188,2.393219470977783,2.3970284461975098,2.446686267852783,2.5099573135375977,2.584047317504883,2.645310640335083,2.7013511657714844,2.7242534160614014
0.7714106440544128,0.7851215600967407,0.7067998647689819,0.3462904691696167,0.5167937278747559,0.8708970546722412,0.11445572972297668,0.8668920993804932,1.8273637294769287,1.1216685771942139,1.687910556793213,1.5981494188308716,2.4346067905426025,1.6634578704833984,2.0417752265930176,2.9389262199401855,2.9720678329467773,2.9573898315429688,2.955730438232422,2.9692764282226562,2.973180055618286,2.9700398445129395,2.9725494384765625,2.9835894107818604,2.9618237018585205,2.9399375915527344,2.8914642333984375,2.8278918266296387,2.751187324523926,2.665004253387451,2.5636589527130127,2.4676380157470703,2.3602473735809326,2.2761075496673584,2.2371737957000732,2.2033851146698,2.2349839210510254,2.281059741973877,2.367461681365967,2.458859920501709,2.5481858253479004,2.6112732887268066,2.6364433765411377
0.8971391320228577,0.8122239112854004,0.6934204697608948,0.7917394638061523,1.132591962814331,0.8494195342063904,0.15858811140060425,0.9208328127861023,1.3125889301300049,1.484738826751709,1.9852672815322876,1.4572018384933472,2.612362861633301,1.68196439743042,2.3748884201049805,2.8999924659729004,2.8502118587493896,2.8490641117095947,2.870375633239746,2.8990540504455566,2.929104804992676,2.9473509788513184,2.9681880474090576,2.964560031890869,2.945143699645996,2.9148614406585693,2.8489394187927246,2.7740302085876465,2.681870460510254,2.580449104309082,2.458130359649658,2.322251796722412,2.1855039596557617,2.0903425216674805,2.0315680503845215,1.9913253784179688,2.011187791824341,2.063722610473633,2.1745643615722656,2.3173437118530273,2.4423584938049316,2.5267155170440674,2.553438663482666
0.6361588835716248,0.8451513051986694,0.6101856231689453,0.6276471614837646,1.169342279434204,0.8152650594711304,0.7495605945587158,1.442035436630249,2.2678375244140625,2.2195160388946533,1.4960665702819824,1.670242190361023,2.2490251064300537,1.390765905380249,2.0476696491241455,2.7495908737182617,2.7418527603149414,2.759553909301758,2.801877498626709,2.8538575172424316,2.8966317176818848,2.9416451454162598,2.9478609561920166,2.9461445808410645,2.9257822036743164,2.8850464820861816,2.813669443130493,2.7208545207977295,2.612208843231201,2.478839874267578,2.3229987621307373,2.165801525115967,2.004164695739746,1.883108139038086,1.789155125617981,1.7385413646697998,1.7406671047210693,1.8013975620269775,1.9535282850265503,2.1467552185058594,2.3258602619171143,2.442988872528076,2.4759321212768555
0.18745028972625732,0.47176891565322876,0.44013404846191406,0.616672933101654,0.9249886274337769,0.929843008518219,2.138427257537842,2.8551483154296875,2.8517544269561768,3.356166362762451,1.9580034017562866,1.7280519008636475,2.819749355316162,1.9605001211166382,2.482563018798828,2.6022205352783203,2.6322624683380127,2.695528984069824,2.757188320159912,2.827059745788574,2.8882648944854736,2.9232406616210938,2.9381957054138184,2.9367270469665527,2.9036664962768555,2.8623664379119873,2.776594638824463,2.660510540008545,2.531017780303955,2.3637869358062744,2.1656017303466797,1.9669554233551025,1.7761753797531128,1.6325321197509766,1.5160870552062988,1.4306596517562866,1.3865671157836914,1.4405478239059448,1.6284990310668945,1.9499988555908203,2.2366943359375,2.404651403427124,2.4433534145355225
0.03317415714263916,0.2566984295845032,0.5674598217010498,0.5520164966583252,1.165947675704956,1.5157221555709839,2.2646117210388184,2.560852289199829,2.7121617794036865,3.253516674041748,2.750878095626831,2.19278621673584,3.0559942722320557,2.6603569984436035,2.4707279205322266,2.5211894512176514,2.597282886505127,2.66286039352417,2.730889320373535,2.821282386779785,2.8826560974121094,2.9239797592163086,2.9265408515930176,2.92252254486084,2.8931379318237305,2.823119640350342,2.7255940437316895,2.605297327041626,2.4512600898742676,2.2492947578430176,2.002133846282959,1.7447710037231445,1.5054782629013062,1.3140079975128174,1.1868600845336914,1.0666345357894897,0.8905748128890991,0.8405568599700928,1.193884015083313,1.763323426246643,2.2123637199401855,2.4065113067626953,2.4422366619110107
0.25112542510032654,0.45779579877853394,0.5112546682357788,1.0992071628570557,1.5916986465454102,1.7405449151992798,1.5409736633300781,1.767223596572876,2.7596731185913086,3.0955300331115723,2.514799118041992,2.884613513946533,2.2915186882019043,2.5126593112945557,2.4531991481781006,2.5103566646575928,2.5809240341186523,2.6614484786987305,2.7452564239501953,2.8315491676330566,2.8749146461486816,2.906200885772705,2.9167795181274414,2.906421422958374,2.8803036212921143,2.8031435012817383,2.6878626346588135,2.544788360595703,2.351608991622925,2.1022379398345947,1.8092044591903687,1.4910134077072144,1.1452434062957764,0.8045350909233093,0.7557082772254944,0.48136380314826965,-0.027833998203277588,0.1204516589641571,0.7875578999519348,1.6910512447357178,2.2532711029052734,2.4738810062408447,2.509615421295166
0.653917133808136,0.49501898884773254,0.6736258268356323,2.0288431644439697,2.2077770233154297,2.0917718410491943,1.768691062927246,1.255788803100586,2.800029754638672,3.0445873737335205,2.1711273193359375,2.734555959701538,2.541257381439209,2.4249987602233887,2.4375815391540527,2.499492645263672,2.588782787322998,2.6875600814819336,2.773677110671997,2.8405685424804688,2.8936262130737305,2.9176268577575684,2.9217329025268555,2.9074034690856934,2.8589653968811035,2.777881383895874,2.649116277694702,2.477726459503174,2.2418456077575684,1.9256720542907715,1.5623501539230347,1.1544859409332275,0.6225489974021912,-0.006890356540679932,0.36159732937812805,0.2436615526676178,-0.6141886711120605,-0.41008156538009644,0.4733203053474426,1.7930636405944824,2.405531883239746,2.599863052368164,2.58286714553833
0.8330544829368591,0.8660135269165039,0.8473653793334961,1.8334171772003174,3.3286468982696533,1.836266040802002,2.9039664268493652,2.9042468070983887,2.7512378692626953,2.8510916233062744,2.3706846237182617,2.5478546619415283,2.44962739944458,2.400461196899414,2.4380884170532227,2.523688316345215,2.617410659790039,2.711456298828125,2.796816349029541,2.8718113899230957,2.9090027809143066,2.923182487487793,2.928893804550171,2.902790069580078,2.8645853996276855,2.7725183963775635,2.6259961128234863,2.42256498336792,2.140673875808716,1.75661039352417,1.3061623573303223,0.6852933764457703,-0.162136971950531,-0.11084485054016113,-0.5571256279945374,0.1741001307964325,-0.3246949315071106,-0.9759948253631592,0.1446867287158966,1.903796672821045,2.5694432258605957,2.7295262813568115,2.6430957317352295
0.8655678033828735,1.0143810510635376,1.517494797706604,2.5548763275146484,3.3279836177825928,3.4752907752990723,3.0431084632873535,2.775017023086548,2.6623129844665527,2.6741394996643066,2.509495258331299,2.436005115509033,2.4022998809814453,2.4006006717681885,2.4567058086395264,2.5479087829589844,2.6482317447662354,2.753262996673584,2.8391408920288086,2.8887062072753906,2.924530029296875,2.940077066421509,2.9370505809783936,2.931107997894287,2.8857626914978027,2.778639078140259,2.6099841594696045,2.3865020275115967,2.0701770782470703,1.6392382383346558,0.3423158824443817,0.0705220103263855,0.034649789333343506,-0.9075713157653809,-1.0784391164779663,-1.0109072923660278,-1.2558016777038574,0.41164565086364746,0.538820207118988,0.788653552532196,2.6762070655822754,2.754150390625,2.6535651683807373
0.8477882742881775,1.0225679874420166,1.4242334365844727,1.9136266708374023,3.159132480621338,3.1078128814697266,2.817009449005127,2.671271800994873,2.59622859954834,2.5243401527404785,2.4128518104553223,2.3649768829345703,2.3843069076538086,2.4123826026916504,2.4851231575012207,2.580833911895752,2.682483196258545,2.777717113494873,2.8617405891418457,2.9063758850097656,2.9429028034210205,2.969261646270752,2.9703855514526367,2.9632387161254883,2.8931283950805664,2.7666103839874268,2.585150957107544,2.3168411254882812,2.074915885925293,0.9070609211921692,0.3483717143535614,-0.48697930574417114,-0.7637141942977905,-0.45187926292419434,-0.45291706919670105,-0.46622949838638306,-0.19739475846290588,0.23197530210018158,0.6600714325904846,0.850239634513855,2.5799856185913086,2.564004898071289,2.609187602996826
1.4224976301193237,1.6770228147506714,1.9491939544677734,2.8849072456359863,3.0607495307922363,2.852511167526245,2.675060987472534,2.5687472820281982,2.495290756225586,2.402088165283203,2.3332502841949463,2.3397068977355957,2.3811864852905273,2.43788480758667,2.5329830646514893,2.6296792030334473,2.736921787261963,2.8297481536865234,2.878476858139038,2.9198720455169678,2.962517023086548,2.9907970428466797,2.9958250522613525,2.974748134613037,2.8979482650756836,2.7631330490112305,2.540135145187378,2.210679292678833,1.101921558380127,0.8206285238265991,-0.18726691603660583,-0.44862598180770874,-0.19278059899806976,0.4460412263870239,-0.0186501145362854,0.045409977436065674,0.08731139451265335,0.8131476640701294,1.1588363647460938,0.9185793399810791,2.0412092208862305,2.4200353622436523,2.5907583236694336
2.521559953689575,2.5381319522857666,3.3367104530334473,2.9452335834503174,2.8577992916107178,2.6953697204589844,2.564347267150879,2.479557514190674,2.4080865383148193,2.345855236053467,2.3222875595092773,2.3339648246765137,2.401334524154663,2.4779157638549805,2.5720019340515137,2.672062873840332,2.761697769165039,2.844217300415039,2.895111083984375,2.938436985015869,2.9924111366271973,3.028669834136963,3.0306661128997803,2.990755558013916,2.90712833404541,2.725332736968994,2.438384771347046,1.9999313354492188,0.5664845108985901,0.3776841163635254,0.45682910084724426,-0.046889349818229675,0.46251219511032104,0.38415083289146423,0.4565839171409607,0.13536381721496582,0.7112848162651062,0.7198753356933594,-0.022565454244613647,1.6815361976623535,2.2713279724121094,2.477614164352417,2.6269583702087402
