wind_JJA_day_4x4.json
{"header": {"parameterCategory": 2, "parameterUnit": "m/s", "nx": 55, "ny": 70, "lo1": 118.693, "la1": 26.200841440399998, "lo2": 123.1583090968, "la2": 21.0494, "dx": 0.0826909092, "dy": 0.0746585716, "refTime": "2025-01-01 00:00:00", "forecastTime": 0, "parameterNumber": 2}, "data":
[rows 19 to 37 of 70, columns 0 to 42 of 55]
-1.2810633182525635,-0.8335062265396118,-0.4149806499481201,-0.030075231567025185,0.19077163934707642,0.3680044114589691,0.5138422250747681,0.6289483308792114,0.7363840937614441,0.8363487124443054,0.9537547826766968,1.0731940269470215,1.195264458656311,1.301926612854004,1.41208815574646,1.5219082832336426,1.6648502349853516,1.8131517171859741,1.946016788482666,2.1210434436798096,2.353742837905884,2.6233325004577637,2.9636197090148926,3.3885369300842285,3.8977785110473633,4.402907848358154,4.778840065002441,4.045322418212891,3.0100390911102295,2.0118956565856934,1.6698898077011108,0.8987853527069092,0.761328399181366,0.7498352527618408,-0.6310138702392578,-0.7948437929153442,-1.5511150360107422,-1.9253382682800293,-3.4179768562316895,-2.5977182388305664,-1.9319570064544678,-1.5365383625030518,-1.2792155742645264
-0.39556974172592163,-0.09930352866649628,-0.08703242987394333,0.18302185833454132,0.349016398191452,0.49459579586982727,0.6136459708213806,0.7241039872169495,0.8286808133125305,0.9442779421806335,1.0465521812438965,1.1481741666793823,1.2409087419509888,1.3488423824310303,1.4461944103240967,1.5659836530685425,1.7063111066818237,1.8653076887130737,2.020817518234253,2.215912103652954,2.4516172409057617,2.75402569770813,3.124723196029663,3.600700855255127,4.141149997711182,4.550690650939941,4.785597801208496,2.908719539642334,2.1664812564849854,1.3167641162872314,1.014174461364746,0.5027959942817688,-0.9976904988288879,0.7623351812362671,0.030508369207382202,-1.178362488746643,-1.5530117750167847,-2.06990385055542,-3.7513880729675293,-2.548190116882324,-1.7608671188354492,-1.364949345588684,-1.1511237621307373
0.019606871530413628,0.18812638521194458,0.17417381703853607,0.3200758695602417,0.4809449017047882,0.5997568368911743,0.7056440114974976,0.8103755116462708,0.9017196297645569,0.9949173331260681,1.09796142578125,1.1799626350402832,1.2680764198303223,1.3659226894378662,1.4694290161132812,1.6030058860778809,1.767648458480835,1.905662178993225,2.0921268463134766,2.3056066036224365,2.5595903396606445,2.882725954055786,3.28432035446167,3.8230197429656982,4.303604602813721,4.410635948181152,3.090466022491455,2.414076805114746,1.9432616233825684,1.4227538108825684,1.281482458114624,0.7976755499839783,-0.42046695947647095,0.34365561604499817,-1.6472563743591309,-1.137319564819336,-1.357346773147583,-1.824754238128662,-2.8048908710479736,-2.0967562198638916,-1.2640982866287231,-1.0714988708496094,-0.987899124622345
0.26328933238983154,0.3685307204723358,0.2918315827846527,0.43767064809799194,0.5748031735420227,0.6989503502845764,0.7873668670654297,0.8830151557922363,0.9648779034614563,1.0512810945510864,1.135324239730835,1.2005980014801025,1.2992392778396606,1.3816217184066772,1.4963339567184448,1.649666428565979,1.8150625228881836,1.9611438512802124,2.168610095977783,2.399158477783203,2.661036491394043,2.9999313354492188,3.4675374031066895,4.003379821777344,4.201343536376953,2.810340166091919,2.2874228954315186,1.8638513088226318,1.6654744148254395,0.9606580138206482,1.1910746097564697,-0.2020435780286789,0.9063373804092407,-1.4849064350128174,-0.805782675743103,-1.3585941791534424,-1.0149168968200684,-0.6957041025161743,-1.0679796934127808,-0.44982102513313293,-0.7465978860855103,-0.8198924660682678,-0.8210226893424988
0.28354066610336304,0.3555184304714203,0.38546282052993774,0.5340917110443115,0.6592892408370972,0.7647418975830078,0.8637489676475525,0.9384321570396423,1.0145641565322876,1.0808025598526,1.1579433679580688,1.2433192729949951,1.323137640953064,1.4156526327133179,1.5483672618865967,1.694064736366272,1.8601796627044678,2.034541368484497,2.2445003986358643,2.474710702896118,2.770381212234497,3.1574227809906006,3.654907703399658,4.150637626647949,4.098270416259766,2.6937766075134277,2.0639986991882324,1.4034472703933716,1.0968773365020752,-0.27183249592781067,0.3384522795677185,0.14489996433258057,-0.31886982917785645,-1.3420894145965576,-0.36956536769866943,-0.18740861117839813,-0.5407673120498657,-1.7473872900009155,-0.8913947343826294,-0.21716143190860748,-0.5662791132926941,-0.6897373199462891,-0.7214924097061157
0.3412778079509735,0.42258474230766296,0.503304660320282,0.6140070557594299,0.7370986938476562,0.834505558013916,0.9185816645622253,0.9876259565353394,1.040996789932251,1.1066935062408447,1.174615502357483,1.263735055923462,1.3417271375656128,1.4527864456176758,1.5756498575210571,1.740055799484253,1.9093395471572876,2.1040663719177246,2.312466621398926,2.5714895725250244,2.886171340942383,3.329150915145874,3.864428997039795,4.107705593109131,2.6090760231018066,2.3882508277893066,1.7312262058258057,1.654018759727478,1.2516422271728516,1.372316837310791,1.2202211618423462,0.6311031579971313,-1.6523079872131348,0.7875696420669556,-1.3642826080322266,-1.82846999168396,-1.6396479606628418,-1.1584895849227905,-0.480995237827301,-0.363619327545166,-0.5499451160430908,-0.6486923694610596,-0.6759426593780518
0.4579012393951416,0.5209490060806274,0.5738568902015686,0.6891621351242065,0.7917173504829407,0.8909282088279724,0.9619675874710083,1.0201170444488525,1.076175332069397,1.1278340816497803,1.195948600769043,1.2791473865509033,1.3722217082977295,1.4594329595565796,1.6102619171142578,1.7796547412872314,1.9812273979187012,2.1757822036743164,2.3849706649780273,2.660867929458618,3.0346035957336426,3.541093349456787,3.998244285583496,3.537292003631592,2.778761863708496,1.9970685243606567,1.4705220460891724,1.5408053398132324,1.6226379871368408,0.5355133414268494,-0.5900555849075317,-0.6077535152435303,-0.11795078217983246,1.0305064916610718,-1.1418004035949707,-1.1356017589569092,-1.7843589782714844,-1.4532945156097412,0.41088181734085083,-0.31168001890182495,-0.5562456250190735,-0.6468620300292969,-0.6628696322441101
0.48443058133125305,0.5403677821159363,0.6256440877914429,0.7488345503807068,0.849401593208313,0.9519212245941162,1.004155158996582,1.043717622756958,1.113688588142395,1.1511070728302002,1.2145683765411377,1.2918400764465332,1.3858052492141724,1.5073997974395752,1.6590018272399902,1.8418807983398438,2.0395846366882324,2.2411179542541504,2.4805924892425537,2.7763524055480957,3.2047455310821533,3.7291667461395264,3.8610029220581055,2.5975236892700195,2.5760865211486816,1.6322801113128662,1.555342435836792,1.618762493133545,0.9954564571380615,-0.3430326581001282,1.4502575397491455,0.92145174741745,0.20315729081630707,-1.3991917371749878,-0.5358411073684692,-0.5927753448486328,-1.5958278179168701,-0.8563959002494812,0.3270112872123718,-0.3724713921546936,-0.609917938709259,-0.6743584275245667,-0.6702234148979187
0.5509525537490845,0.6241055727005005,0.6939684748649597,0.8108469843864441,0.8975470066070557,0.9644285440444946,1.023515224456787,1.079880714416504,1.1225686073303223,1.1728298664093018,1.2384369373321533,1.3338689804077148,1.4545929431915283,1.5707387924194336,1.7059377431869507,1.8918416500091553,2.092059373855591,2.3118388652801514,2.5863001346588135,2.9299683570861816,3.4155778884887695,3.941037178039551,3.029519557952881,2.966310977935791,2.144541025161743,1.4552685022354126,1.1508910655975342,1.330545425415039,0.7895931005477905,1.763695240020752,-0.9078938961029053,1.4390060901641846,0.057801853865385056,-1.7249228954315186,-1.3013734817504883,-1.4553415775299072,-1.6007426977157593,0.006520358845591545,-0.30466702580451965,-0.5651013851165771,-0.7004073858261108,-0.7044819593429565,-0.6787698268890381
0.6114899516105652,0.6779784560203552,0.7415322065353394,0.8555904626846313,0.9325076341629028,0.9949607253074646,1.051248550415039,1.0740975141525269,1.1285862922668457,1.1863714456558228,1.2674622535705566,1.4032477140426636,1.5286524295806885,1.6594691276550293,1.7729803323745728,1.9553412199020386,2.153280019760132,2.3903145790100098,2.7114696502685547,3.106574058532715,3.6656343936920166,3.100208282470703,2.7887187004089355,2.656035900115967,2.227243423461914,1.4138575792312622,2.0482161045074463,1.7462782859802246,1.4563913345336914,1.4296884536743164,0.946750283241272,1.0933170318603516,-0.16884759068489075,-0.38456660509109497,-0.9995750784873962,-1.168867826461792,-1.5891872644424438,-0.8672235012054443,-0.7203172445297241,-0.7765995860099792,-0.7922251224517822,-0.7471010088920593,-0.6915029287338257
0.6660705208778381,0.7294368147850037,0.7875456213951111,0.8865355849266052,0.9573814868927002,1.0081058740615845,1.059285044670105,1.0826435089111328,1.1396985054016113,1.1905957460403442,1.3006103038787842,1.4473520517349243,1.6055268049240112,1.69966721534729,1.8095240592956543,1.9753472805023193,2.209820508956909,2.4687745571136475,2.8305182456970215,3.301924705505371,3.928699254989624,3.164100170135498,2.6193251609802246,2.435032844543457,2.193880081176758,1.5495110750198364,1.7009949684143066,1.8881103992462158,1.5530571937561035,-0.2920345067977905,0.988274097442627,0.9064573645591736,-1.1062290668487549,-0.19782662391662598,-1.0180659294128418,-1.8989214897155762,-2.0275719165802,-1.1617496013641357,-0.9382482171058655,-0.9028348922729492,-0.8605055809020996,-0.7880198955535889,-0.7107630968093872
0.7154542803764343,0.7683869004249573,0.8247134685516357,0.9185061454772949,0.9705440998077393,1.0091966390609741,1.0540895462036133,1.089250087738037,1.1454010009765625,1.2127498388290405,1.3387187719345093,1.511035680770874,1.676982045173645,1.737182378768921,1.8165405988693237,1.9959046840667725,2.2374982833862305,2.550374984741211,2.970153570175171,3.5360848903656006,4.150656223297119,3.6563704013824463,3.1904239654541016,2.5005180835723877,2.4337878227233887,1.8908270597457886,1.9398810863494873,1.666748046875,1.4754114151000977,1.740178108215332,1.7185219526290894,0.7659486532211304,-0.644127368927002,-1.7917150259017944,-0.9727192521095276,-1.4089657068252563,-2.0701045989990234,-1.229453206062317,-1.0431971549987793,-0.9734869599342346,-0.8981780409812927,-0.7990065217018127,-0.7035391926765442
0.7510119676589966,0.7855771780014038,0.8456214070320129,0.9200541377067566,0.965884804725647,1.0030450820922852,1.0416675806045532,1.083864688873291,1.1263978481292725,1.2313129901885986,1.369694709777832,1.5637378692626953,1.7584812641143799,1.7515990734100342,1.7935993671417236,1.9859510660171509,2.2725284099578857,2.6257505416870117,3.1289186477661133,3.8592844009399414,2.9669618606567383,3.256424903869629,2.9992337226867676,2.226426601409912,1.5650418996810913,1.0330004692077637,1.7481361627578735,0.7338860630989075,1.329905390739441,1.5496232509613037,0.7189061045646667,1.0158787965774536,-1.3919086456298828,-0.13642451167106628,-1.1653053760528564,-2.0752193927764893,-1.423229455947876,-1.2180014848709106,-1.1151795387268066,-1.0180890560150146,-0.9059665203094482,-0.7928438782691956,-0.6765544414520264
0.7875419855117798,0.8049288988113403,0.8493273258209229,0.9079692959785461,0.9410691261291504,0.9688107967376709,1.008800745010376,1.0431550741195679,1.1094666719436646,1.2202059030532837,1.394799828529358,1.6571614742279053,1.8343228101730347,1.7020723819732666,1.7716034650802612,1.9827146530151367,2.3143484592437744,2.721745014190674,3.249384880065918,3.737133026123047,3.194951057434082,2.862220525741577,2.426288604736328,2.469190835952759,2.234828472137451,1.4403225183486938,1.7427408695220947,0.7969226241111755,-0.47370538115501404,2.0726001262664795,-0.12477108091115952,-0.8660106062889099,-1.5592418909072876,-1.7390202283859253,-1.9114819765090942,-1.9578857421875,-1.2889506816864014,-1.2503578662872314,-1.142836093902588,-1.027097225189209,-0.890491783618927,-0.7474183440208435,-0.6367698907852173
0.7983114719390869,0.8154811859130859,0.845763087272644,0.9019774794578552,0.922355592250824,0.9408976435661316,0.9619297385215759,1.016190767288208,1.0852445363998413,1.2170226573944092,1.4541828632354736,1.8254010677337646,1.812820553779602,1.6187565326690674,1.739659070968628,2.0156774520874023,2.348548412322998,2.7895145416259766,3.534325122833252,3.180453062057495,2.9824814796447754,2.8256354331970215,2.6043431758880615,2.46941876411438,1.7201242446899414,1.5845212936401367,1.1138254404067993,1.471272587776184,0.8102986216545105,1.602387547492981,0.6689815521240234,-0.953909695148468,-1.5037773847579956,-2.0521798133850098,-1.9604676961898804,-1.7790800333023071,-1.3632841110229492,-1.2738686800003052,-1.1369984149932861,-0.9869602918624878,-0.8489449620246887,-0.709090530872345,-0.5833713412284851
0.7956937551498413,0.8013395071029663,0.8346395492553711,0.8933265805244446,0.895499587059021,0.9260873794555664,0.9158596992492676,0.97991943359375,1.0569663047790527,1.1928914785385132,1.5189255475997925,1.8567986488342285,1.7103201150894165,1.497756838798523,1.7583415508270264,2.0592896938323975,2.3939504623413086,2.8547165393829346,3.034672975540161,3.0432944297790527,2.8062243461608887,2.556553602218628,2.062121868133545,2.036494731903076,1.2891912460327148,1.1211318969726562,-0.3584650158882141,1.4011458158493042,-1.081593632698059,1.494779109954834,0.10769961774349213,-1.0235930681228638,-1.5011873245239258,-1.6518089771270752,-1.7332254648208618,-0.8828548192977905,-1.352001667022705,-1.2381349802017212,-1.0845609903335571,-0.942168116569519,-0.7981845140457153,-0.6332914233207703,-0.5084312558174133
0.7842649221420288,0.775102972984314,0.8179854154586792,0.868213415145874,0.8893358111381531,0.8936502933502197,0.8907439708709717,0.9505480527877808,1.0359419584274292,1.1457602977752686,1.1952340602874756,2.1548919677734375,1.1108447313308716,1.5216379165649414,1.8258588314056396,2.1124801635742188,2.426537275314331,2.897360324859619,3.0181174278259277,3.01381516456604,2.8121163845062256,2.592378854751587,1.9735188484191895,1.5777359008789062,1.1391483545303345,0.6922208666801453,-1.0532974004745483,1.7814290523529053,-1.159780740737915,1.046236276626587,-1.30330491065979,-0.9719985127449036,-1.0952074527740479,-1.459327220916748,-1.9003517627716064,-1.3425509929656982,-1.2961766719818115,-1.1702678203582764,-1.021109938621521,-0.8689327239990234,-0.7227098345756531,-0.5620051622390747,-0.43658775091171265
0.7689085006713867,0.7530827522277832,0.7990607619285583,0.8523188233375549,0.871975302696228,0.8860292434692383,0.8862990736961365,0.9351006150245667,1.0157400369644165,1.1929292678833008,1.4384100437164307,1.1365835666656494,1.3890575170516968,1.6415525674819946,1.8713910579681396,2.1243155002593994,2.4658308029174805,3.0272045135498047,3.476228713989258,3.079454183578491,2.688852071762085,2.1346020698547363,1.1684203147888184,1.2172352075576782,1.461207389831543,1.130622386932373,-1.570717453956604,-0.3514622151851654,0.6033802628517151,0.18743203580379486,-1.4460841417312622,0.332640141248703,-0.8934528827667236,-1.4692976474761963,-2.0526723861694336,-1.0046806335449219,-1.1829924583435059,-1.0748546123504639,-0.9352839589118958,-0.7860569357872009,-0.6191236972808838,-0.4629915952682495,-0.33327773213386536
0.7597046494483948,0.7334238886833191,0.7754762768745422,0.834557294845581,0.8542848825454712,0.8677082061767578,0.8891686201095581,0.9462831616401672,1.072707176208496,1.248466968536377,1.5312598943710327,1.4813276529312134,1.5140944719314575,1.716425895690918,1.8932011127471924,2.122619152069092,2.475010871887207,3.0883028507232666,4.035697937011719,2.811960458755493,2.5761256217956543,1.7493417263031006,1.2048969268798828,1.1312648057937622,1.4031507968902588,0.8300227522850037,0.5120017528533936,0.932572066783905,-0.8668410181999207,-1.32487952709198,0.8820791840553284,-1.9465231895446777,-1.6940693855285645,-1.097137451171875,-1.5051038265228271,-0.8995918035507202,-1.0109068155288696,-0.9564076066017151,-0.8418642282485962,-0.6847281455993652,-0.5020087957382202,-0.3498019576072693,-0.20574545860290527
