wind_JJA_avg_4x4.json
{"header": {"parameterCategory": 2, "parameterUnit": "m/s", "nx": 55, "ny": 70, "lo1": 118.693, "la1": 26.200841440399998, "lo2": 123.1583090968, "la2": 21.0494, "dx": 0.0826909092, "dy": 0.0746585716, "refTime": "2025-01-01 00:00:00", "forecastTime": 0, "parameterNumber": 3}, "data":
[rows 19 to 37 of 70, columns 0 to 42 of 55]
2.189798355102539,2.9015989303588867,2.990616798400879,2.818434715270996,2.6695189476013184,2.5531606674194336,2.4611635208129883,2.402674436569214,2.354947328567505,2.329906940460205,2.320143461227417,2.3634347915649414,2.432591199874878,2.5211679935455322,2.6102850437164307,2.6988821029663086,2.80385160446167,2.8653454780578613,2.9113998413085938,2.952159881591797,3.003688335418701,3.0372157096862793,3.050611972808838,3.008082389831543,2.8852388858795166,2.6635918617248535,2.311927318572998,1.2928731441497803,0.17705081403255463,0.2182142436504364,-0.41170603036880493,0.6962260007858276,0.16218453645706177,0.3585144877433777,0.015282569453120232,-0.022276118397712708,-0.5086256861686707,-0.679121196269989,0.624630331993103,2.1251065731048584,2.507171154022217,2.5915491580963135,2.6642937660217285
2.16717529296875,2.8070180416107178,2.80580735206604,2.6326003074645996,2.5378384590148926,2.453920602798462,2.3767123222351074,2.325680732727051,2.3096890449523926,2.310838222503662,2.3380532264709473,2.3874945640563965,2.461979866027832,2.545649528503418,2.642561912536621,2.7419934272766113,2.8085885047912598,2.8584680557250977,2.905734062194824,2.951411485671997,3.0087311267852783,3.0570778846740723,3.055565357208252,3.0059938430786133,2.8425073623657227,2.533313751220703,1.8806540966033936,0.6962384581565857,0.5312698483467102,0.01004818081855774,0.281068354845047,-0.08908683061599731,-0.14530780911445618,-0.46203091740608215,0.12102392315864563,-0.017016172409057617,-0.9261101484298706,-0.2029927670955658,0.7719196081161499,2.4497182369232178,2.6954782009124756,2.629929542541504,2.6726584434509277
2.422567367553711,2.5643560886383057,2.560012102127075,2.483903646469116,2.4165093898773193,2.3511087894439697,2.315870761871338,2.292611837387085,2.2926025390625,2.3136396408081055,2.3545913696289062,2.4085659980773926,2.4775314331054688,2.556971311569214,2.66239070892334,2.7353458404541016,2.7938365936279297,2.849998950958252,2.8978753089904785,2.944404125213623,3.014056921005249,3.0645487308502197,3.0467772483825684,2.9579973220825195,2.7305660247802734,2.305851936340332,0.8938882350921631,0.8524118065834045,0.753154456615448,0.31314507126808167,0.2704787850379944,-0.5709471702575684,-0.4003893733024597,-0.11111178249120712,-0.44159814715385437,-0.3667116165161133,-0.12283551692962646,0.3748914301395416,0.3691686689853668,2.655276298522949,2.608466386795044,2.5639729499816895,2.635610342025757
2.462144374847412,2.363412857055664,2.4105396270751953,2.3709254264831543,2.3216991424560547,2.287017345428467,2.2701215744018555,2.272439479827881,2.2981650829315186,2.3366527557373047,2.39054012298584,2.4322457313537598,2.4940218925476074,2.5737037658691406,2.643092393875122,2.7246289253234863,2.783909320831299,2.836477279663086,2.8871495723724365,2.947756767272949,2.997608184814453,3.022411823272705,2.9899778366088867,2.8311352729797363,2.512723445892334,1.0652971267700195,0.7436334490776062,0.37747740745544434,0.04057048261165619,-0.3211895823478699,-0.41849637031555176,-0.536388099193573,-0.38565710186958313,-0.27696162462234497,-0.48089319467544556,-0.11481475830078125,-0.34791749715805054,0.02436688542366028,0.7381528615951538,2.4350147247314453,2.2455954551696777,2.409609794616699,2.575289249420166
2.2928695678710938,2.2840678691864014,2.320845603942871,2.2797813415527344,2.251471519470215,2.2267298698425293,2.2349753379821777,2.261806011199951,2.2995352745056152,2.349374294281006,2.4053707122802734,2.456757068634033,2.5184600353240967,2.584252119064331,2.654263496398926,2.7218992710113525,2.773104667663574,2.828413963317871,2.883098602294922,2.9313063621520996,2.9784936904907227,2.971686840057373,2.8848788738250732,2.569443941116333,1.321526288986206,0.9518939256668091,1.1972334384918213,1.2713088989257812,1.6238882541656494,0.31202492117881775,0.06448990106582642,-0.2050686478614807,-0.43314439058303833,-0.7511963248252869,-0.4044917821884155,-0.28631657361984253,-0.21550878882408142,-0.2617323398590088,0.4505491852760315,1.505125641822815,1.9258339405059814,2.272902488708496,2.5263805389404297
2.2551631927490234,2.226454496383667,2.22833251953125,2.214709758758545,2.2029361724853516,2.200742721557617,2.223738431930542,2.2691235542297363,2.3114452362060547,2.36501407623291,2.413888931274414,2.454735040664673,2.5066442489624023,2.5688602924346924,2.638545036315918,2.704991340637207,2.7684645652770996,2.821300506591797,2.8641762733459473,2.8998231887817383,2.9295732975006104,2.8832945823669434,2.7061266899108887,2.0803427696228027,1.1549955606460571,1.304613471031189,1.3036078214645386,0.8479490280151367,0.3585953712463379,-0.20543938875198364,-0.24448025226593018,-0.3035332262516022,-0.2620410621166229,-0.6783688068389893,-0.2667943835258484,-0.22551873326301575,-0.294141560792923,-0.3728598952293396,1.1869227886199951,1.4173009395599365,1.807897925376892,2.2134876251220703,2.5009822845458984
2.1477863788604736,2.1206369400024414,2.155773639678955,2.1688971519470215,2.18625545501709,2.2094192504882812,2.240156650543213,2.2787370681762695,2.3156394958496094,2.3652048110961914,2.4129436016082764,2.4472079277038574,2.4773340225219727,2.5277724266052246,2.6016573905944824,2.6808314323425293,2.751951217651367,2.8039627075195312,2.844625234603882,2.8795323371887207,2.8662867546081543,2.771728277206421,2.4110851287841797,1.1454308032989502,1.0180983543395996,0.5205987691879272,0.6121423840522766,0.25455597043037415,0.06328535079956055,-0.47156158089637756,0.5134462118148804,0.04527360200881958,-0.3113127052783966,-0.5178942680358887,-0.007614061236381531,-0.11706684529781342,0.24422669410705566,0.08061659336090088,1.089369297027588,1.3129868507385254,1.8083255290985107,2.218200445175171,2.510035514831543
2.1053452491760254,2.0963001251220703,2.1423146724700928,2.152132749557495,2.1707615852355957,2.211362361907959,2.258481979370117,2.305002212524414,2.3301916122436523,2.366248607635498,2.400740623474121,2.4347362518310547,2.460514545440674,2.508725166320801,2.5753588676452637,2.6608877182006836,2.755807399749756,2.816934585571289,2.8422303199768066,2.8400418758392334,2.7714385986328125,2.584695339202881,1.444390058517456,1.0270798206329346,0.6511905193328857,0.8890255689620972,0.49495071172714233,-0.049442023038864136,0.3329368233680725,0.10538750886917114,-0.6599786281585693,0.4679993689060211,-0.17917191982269287,-0.9281560182571411,0.424944669008255,-0.2828429341316223,-0.5666183233261108,0.27866873145103455,0.6123336553573608,1.2962207794189453,1.877821683883667,2.252626895904541,2.5226457118988037
2.092075824737549,2.0869696140289307,2.1260626316070557,2.1415584087371826,2.1680150032043457,2.221280097961426,2.2704784870147705,2.3002398014068604,2.341940402984619,2.382700204849243,2.416795492172241,2.443985939025879,2.476757526397705,2.514068126678467,2.579596996307373,2.681370258331299,2.7843832969665527,2.8347995281219482,2.8356494903564453,2.7890267372131348,2.6303467750549316,2.2215464115142822,1.0631414651870728,0.8993869423866272,0.9200565218925476,0.7695358991622925,0.9089273810386658,0.024992242455482483,0.2916533052921295,-0.41884496808052063,0.48704883456230164,0.047937072813510895,-0.8707403540611267,-0.4963519275188446,0.5482443571090698,0.45052552223205566,0.2589196264743805,-0.33454787731170654,0.7385244369506836,1.4606540203094482,1.9766042232513428,2.3202059268951416,2.5544135570526123
2.051736831665039,2.068621873855591,2.1304848194122314,2.157545566558838,2.1954917907714844,2.241433620452881,2.2721707820892334,2.3084869384765625,2.342273235321045,2.382986307144165,2.4162392616271973,2.45914363861084,2.480537176132202,2.507307529449463,2.5893616676330566,2.7078866958618164,2.807377338409424,2.83736515045166,2.814483642578125,2.7112159729003906,2.4496378898620605,1.119969129562378,0.9471681118011475,0.897948145866394,0.8447889089584351,0.3925248682498932,0.7759206295013428,-0.009277328848838806,0.08706936240196228,0.07439947128295898,0.5090614557266235,0.08654755353927612,-0.14906461536884308,-0.4540625214576721,0.4618244767189026,0.5249394774436951,-0.11198808252811432,0.5355960130691528,1.1905183792114258,1.7038503885269165,2.098022222518921,2.37518048286438,2.5853495597839355
2.0633909702301025,2.1077966690063477,2.162778854370117,2.1975207328796387,2.2265005111694336,2.2696518898010254,2.2904489040374756,2.3159589767456055,2.344829559326172,2.377281665802002,2.4212279319763184,2.4512619972229004,2.4658334255218506,2.496464252471924,2.604869842529297,2.7297186851501465,2.8281807899475098,2.838958740234375,2.779219388961792,2.6178293228149414,2.126384735107422,0.9966374635696411,0.9497992992401123,1.1316417455673218,0.9505863189697266,0.4917478561401367,-0.5183603167533875,0.07025044411420822,-0.1874348670244217,-0.1703086942434311,-0.14796119928359985,-0.10965561866760254,-0.5050509572029114,0.08217799663543701,-0.38969218730926514,-0.17993652820587158,0.16989204287528992,1.131364345550537,1.5518944263458252,1.9094618558883667,2.195574998855591,2.425650119781494,2.624544143676758
2.0858426094055176,2.1415863037109375,2.202342987060547,2.2322027683258057,2.256559371948242,2.2808609008789062,2.3008389472961426,2.3275856971740723,2.352938175201416,2.3788039684295654,2.407085418701172,2.4252610206604004,2.4229092597961426,2.4807028770446777,2.604827642440796,2.7392005920410156,2.836778163909912,2.8488264083862305,2.734025001525879,2.4846789836883545,1.4040937423706055,1.0243595838546753,1.1326420307159424,0.9372437000274658,0.4796306788921356,-0.24160832166671753,0.34348875284194946,-0.08422314375638962,-0.03525539115071297,-0.04632514715194702,-0.18543654680252075,0.3200811445713043,-0.5294337868690491,0.20629572868347168,0.6872444748878479,-0.09434312582015991,1.0589696168899536,1.460726022720337,1.7521687746047974,2.04364013671875,2.283052921295166,2.470378875732422,2.6610655784606934
2.1262736320495605,2.18505859375,2.2429823875427246,2.254984140396118,2.288475513458252,2.3049097061157227,2.321622848510742,2.338270664215088,2.330418348312378,2.3543715476989746,2.362973213195801,2.376194953918457,2.3636350631713867,2.4413769245147705,2.600395679473877,2.7604455947875977,2.8381757736206055,2.846250295639038,2.6514856815338135,2.175448179244995,0.9134790301322937,1.1808147430419922,1.0003752708435059,1.0117603540420532,0.7953930497169495,0.16205242276191711,0.18971583247184753,0.31711670756340027,0.01563119888305664,0.2873149812221527,-0.5653501749038696,-1.097569227218628,0.009548306465148926,0.28241807222366333,-0.26884305477142334,0.6083133220672607,1.316872239112854,1.5784634351730347,1.8693517446517944,2.152583599090576,2.3517508506774902,2.5210325717926025,2.705793857574463
2.175286054611206,2.2303571701049805,2.2725024223327637,2.2780511379241943,2.3050127029418945,2.320107936859131,2.3232815265655518,2.3299713134765625,2.3170571327209473,2.3207883834838867,2.30824613571167,2.3069405555725098,2.27123761177063,2.423366069793701,2.618410587310791,2.7622435092926025,2.8231613636016846,2.7953970432281494,2.5886268615722656,1.2309037446975708,1.2156320810317993,1.1422388553619385,1.0587915182113647,1.0121238231658936,0.5868547558784485,0.4463922083377838,-0.1481361985206604,0.005843808874487877,-0.11220577359199524,-0.40223562717437744,-0.022495388984680176,-1.1593236923217773,-0.36470991373062134,0.2141328752040863,0.06723032891750336,0.4639219343662262,1.2677870988845825,1.6743813753128052,1.9879978895187378,2.23537278175354,2.4099888801574707,2.5776419639587402,2.759538412094116
2.219755172729492,2.2658803462982178,2.2992658615112305,2.305539131164551,2.3242650032043457,2.327141284942627,2.317549705505371,2.310966730117798,2.296114444732666,2.2793972492218018,2.261761426925659,2.1860642433166504,2.171955108642578,2.451043128967285,2.642848253250122,2.75254487991333,2.7977373600006104,2.727522373199463,2.2393455505371094,1.2330068349838257,1.2353181838989258,1.0688831806182861,1.0021005868911743,0.6731146574020386,0.20900020003318787,0.32180196046829224,-0.026160389184951782,-0.16450268030166626,-0.7761760950088501,-0.5893198251724243,-1.219233512878418,-0.1399611234664917,0.03778201341629028,-0.3851366937160492,0.4849689304828644,1.1199851036071777,1.3974217176437378,1.763620376586914,2.088533878326416,2.312004804611206,2.4804420471191406,2.6291019916534424,2.8317418098449707
2.262155055999756,2.3034274578094482,2.3440632820129395,2.3275868892669678,2.3357086181640625,2.314028263092041,2.2898316383361816,2.2600200176239014,2.244781970977783,2.2455217838287354,2.1586833000183105,1.764267921447754,2.1133267879486084,2.5223522186279297,2.6865181922912598,2.754154682159424,2.777061939239502,2.679342746734619,1.273526668548584,1.2938913106918335,1.2865387201309204,1.1916537284851074,1.0917363166809082,0.8802492618560791,0.19599123299121857,-0.04682609438896179,-0.25099116563796997,-0.7560654878616333,-0.701694130897522,-0.5317538976669312,-0.09711074829101562,-0.45674118399620056,-0.1501523107290268,-0.06072291359305382,0.7300915718078613,1.0044379234313965,1.4300134181976318,1.8458194732666016,2.1587681770324707,2.3685004711151123,2.536316394805908,2.7266483306884766,2.9188880920410156
2.308234214782715,2.348522186279297,2.385835647583008,2.3594305515289307,2.3417375087738037,2.2962374687194824,2.261730432510376,2.2124452590942383,2.1875908374786377,2.1741573810577393,2.1712827682495117,1.3230873346328735,2.1562390327453613,2.609651803970337,2.6752588748931885,2.7197976112365723,2.7414653301239014,2.6475486755371094,1.4687893390655518,1.356811761856079,1.2025800943374634,1.0173300504684448,1.2478901147842407,1.0617706775665283,0.18893688917160034,0.30126410722732544,-0.49652671813964844,-0.48218968510627747,-0.6315638422966003,-0.723581850528717,-0.6452967524528503,-0.38082098960876465,0.3171292245388031,0.1363147497177124,0.08202424645423889,0.8843005299568176,1.4344828128814697,1.9026981592178345,2.220043659210205,2.4273931980133057,2.6022942066192627,2.8021352291107178,3.0130348205566406
2.3454337120056152,2.37862229347229,2.4052371978759766,2.365354299545288,2.328124761581421,2.2887556552886963,2.229510545730591,2.1817541122436523,2.1532325744628906,2.134711742401123,2.147819757461548,2.0874218940734863,2.497642755508423,2.567875862121582,2.6276068687438965,2.684288501739502,2.688288450241089,2.5578298568725586,1.4131147861480713,1.330918788909912,1.3521597385406494,0.9025405049324036,0.7060707807540894,0.5522783994674683,0.8972497582435608,-0.3492885231971741,-0.4144541621208191,-0.5048401355743408,-0.3570553958415985,-0.6553599834442139,-0.32152026891708374,0.3396148681640625,0.1869829297065735,0.03924309089779854,0.5101715326309204,1.1558184623718262,1.5204718112945557,1.9509730339050293,2.2445998191833496,2.4802162647247314,2.6873233318328857,2.9012131690979004,3.097963571548462
2.3670356273651123,2.384882926940918,2.4006237983703613,2.3501334190368652,2.3193674087524414,2.2716236114501953,2.218740701675415,2.183568000793457,2.1587071418762207,2.1605453491210938,2.135911464691162,2.40759015083313,2.4611024856567383,2.552013397216797,2.601651906967163,2.6369571685791016,2.6066155433654785,2.4205760955810547,1.7250840663909912,1.2015197277069092,1.3150190114974976,1.0379924774169922,0.7766344547271729,-0.05967289209365845,0.15078669786453247,-0.2430378794670105,-0.02046932280063629,0.28513389825820923,0.09436655789613724,-0.3085072636604309,-0.16530203819274902,-0.29197898507118225,-0.7382856607437134,-0.23633310198783875,0.4108354449272156,1.1849113702774048,1.6273798942565918,1.990339994430542,2.282886266708374,2.5336685180664062,2.7670059204101562,2.9824271202087402,3.1670925617218018
