wind_JJA_day_4x4.json
{"header": {"parameterCategory": 2, "parameterUnit": "m/s", "nx": 55, "ny": 70, "lo1": 118.693, "la1": 26.200841440399998, "lo2": 123.1583090968, "la2": 21.0494, "dx": 0.0826909092, "dy": 0.0746585716, "refTime": "2025-01-01 00:00:00", "forecastTime": 0, "parameterNumber": 3}, "data":
[rows 0 to 18 of 70, columns 0 to 42 of 55]
0.6162136793136597,0.6019570231437683,0.38659200072288513,0.2406676709651947,0.4149888753890991,0.729641854763031,0.9938384890556335,0.642309308052063,0.49618595838546753,0.5976706147193909,0.4809969365596771,1.1752524375915527,2.977555513381958,3.7319979667663574,3.4112167358398438,3.4255380630493164,3.3311657905578613,3.1335654258728027,3.165159225463867,3.2233328819274902,3.2798008918762207,3.3023061752319336,3.2966389656066895,3.289032459259033,3.272461414337158,3.250047445297241,3.218823194503784,3.180882453918457,3.1462879180908203,3.1029582023620605,3.0543484687805176,2.998593807220459,2.9382081031799316,2.8849527835845947,2.8340301513671875,2.7850074768066406,2.7415168285369873,2.7047512531280518,2.6719932556152344,2.6404807567596436,2.623013973236084,2.613497257232666,2.606971263885498
0.7912812232971191,0.5525057315826416,0.11697492003440857,-0.09772013127803802,-0.14138725399971008,0.2461763173341751,0.5811956524848938,0.9057478904724121,1.0557852983474731,0.8833248615264893,0.9539598226547241,1.2408045530319214,3.0643630027770996,3.8325624465942383,3.4669406414031982,3.0264554023742676,3.1831700801849365,3.195991277694702,3.3169102668762207,3.3825674057006836,3.391995429992676,3.366055488586426,3.324352502822876,3.2874374389648438,3.250509738922119,3.21537446975708,3.173081636428833,3.1200666427612305,3.0670745372772217,3.0125367641448975,2.9528512954711914,2.8825528621673584,2.805281400680542,2.7474095821380615,2.6999003887176514,2.652909278869629,2.601313829421997,2.5678744316101074,2.5379064083099365,2.5058820247650146,2.4972314834594727,2.502429723739624,2.5036370754241943
0.40450844168663025,0.3301100730895996,0.24434594810009003,0.21500813961029053,0.2661250829696655,0.4918583035469055,1.004576563835144,1.0186960697174072,1.220845103263855,0.7657283544540405,0.18005304038524628,1.1615139245986938,2.8472838401794434,3.708909511566162,3.44920015335083,3.2392876148223877,3.043381690979004,3.2998886108398438,3.4232540130615234,3.4396700859069824,3.401599407196045,3.3414649963378906,3.275271415710449,3.2144980430603027,3.164422035217285,3.116382122039795,3.050394296646118,2.9798622131347656,2.9124670028686523,2.8597159385681152,2.7828969955444336,2.704768657684326,2.628232717514038,2.5770010948181152,2.518099308013916,2.4715335369110107,2.4280622005462646,2.38218092918396,2.3536057472229004,2.335895538330078,2.3436179161071777,2.3496909141540527,2.3547234535217285
0.18379934132099152,0.2306884080171585,0.6970893740653992,0.652682900428772,1.0037312507629395,0.6725617051124573,1.0477131605148315,1.0598467588424683,1.584342360496521,1.3988686800003052,1.5071851015090942,1.2351927757263184,2.4268276691436768,3.5577409267425537,3.40492582321167,3.1361563205718994,3.141552209854126,3.410804271697998,3.4773027896881104,3.427212953567505,3.3401408195495605,3.269649028778076,3.2097747325897217,3.1617724895477295,3.1177759170532227,3.0533735752105713,2.972865104675293,2.9003746509552,2.8228089809417725,2.7565789222717285,2.680830478668213,2.6083621978759766,2.526338815689087,2.457897186279297,2.3964765071868896,2.3318564891815186,2.278057098388672,2.245598077774048,2.234661817550659,2.2356948852539062,2.258199453353882,2.2711331844329834,2.2878925800323486
1.0867427587509155,0.9691025018692017,0.9520044326782227,1.3292210102081299,0.7248998880386353,0.6712465286254883,0.5704144239425659,0.42219001054763794,1.3067747354507446,2.033228874206543,1.1657822132110596,1.8345136642456055,3.662921190261841,3.3669939041137695,3.2095673084259033,2.9688732624053955,3.3293418884277344,3.5307669639587402,3.4784326553344727,3.385970115661621,3.293886661529541,3.2048094272613525,3.152981996536255,3.0815563201904297,3.0400571823120117,2.9856631755828857,2.9129116535186768,2.8261444568634033,2.742879867553711,2.655910015106201,2.569951057434082,2.482759952545166,2.4022443294525146,2.3290469646453857,2.266645908355713,2.1849682331085205,2.1400136947631836,2.1162452697753906,2.1147215366363525,2.128753185272217,2.1604232788085938,2.1719679832458496,2.1855335235595703
0.719148576259613,0.8854630589485168,1.0694224834442139,0.84539395570755,-0.05299634486436844,0.13401776552200317,1.1388355493545532,1.2157115936279297,1.6449581384658813,1.5214529037475586,1.6581759452819824,2.0214104652404785,3.374319076538086,3.283158779144287,2.740138053894043,3.050070285797119,3.5106945037841797,3.5160205364227295,3.385504961013794,3.2817845344543457,3.196807622909546,3.116770029067993,3.0695598125457764,3.0217080116271973,2.976870536804199,2.9165189266204834,2.851059913635254,2.767414093017578,2.6622517108917236,2.560002088546753,2.458286762237549,2.353588104248047,2.249396324157715,2.1648061275482178,2.105560302734375,2.0371975898742676,1.9886603355407715,1.9712128639221191,1.990495204925537,2.0221340656280518,2.039459705352783,2.0656402111053467,2.0764594078063965
0.5848110914230347,1.1472419500350952,1.0601965188980103,0.9287109971046448,0.7322751879692078,0.6028098464012146,1.4215459823608398,1.5199801921844482,1.8528035879135132,2.0872113704681396,2.0596923828125,2.334554672241211,2.9962034225463867,3.169323444366455,2.518277645111084,3.3373541831970215,3.5842642784118652,3.385042190551758,3.247555732727051,3.1721251010894775,3.0935921669006348,3.0301642417907715,2.9932119846343994,2.949492931365967,2.9018306732177734,2.8443124294281006,2.7730188369750977,2.6743826866149902,2.558880567550659,2.449247360229492,2.341381072998047,2.206247329711914,2.0860869884490967,1.982320785522461,1.911607027053833,1.862927794456482,1.8254637718200684,1.8267991542816162,1.8514854907989502,1.888975739479065,1.9079519510269165,1.9388291835784912,1.9528824090957642
0.7935709953308105,1.1711621284484863,0.9727720022201538,1.0008032321929932,1.3089194297790527,0.6966450810432434,1.0789427757263184,1.3574542999267578,2.549107074737549,2.072587013244629,2.912564754486084,2.0236899852752686,2.9300220012664795,1.7339165210723877,2.292711019515991,3.6520352363586426,3.407698631286621,3.2109177112579346,3.109267473220825,3.056034803390503,3.014435291290283,2.9724183082580566,2.9352633953094482,2.900759696960449,2.853118896484375,2.784313201904297,2.6981709003448486,2.590144395828247,2.4609482288360596,2.3275575637817383,2.183420181274414,2.0242462158203125,1.8711639642715454,1.7533233165740967,1.6793333292007446,1.6197093725204468,1.6201450824737549,1.6385841369628906,1.6948425769805908,1.7516310214996338,1.8010740280151367,1.8389779329299927,1.8387919664382935
1.0056196451187134,0.9981030225753784,1.2391211986541748,1.302545189857483,1.372927188873291,1.4486428499221802,1.2989420890808105,2.0489296913146973,2.261263370513916,2.173306941986084,2.610412120819092,1.9121060371398926,3.23842453956604,2.015509843826294,3.035675048828125,3.476294994354248,3.1430323123931885,3.0295608043670654,2.96928071975708,2.938727855682373,2.9249069690704346,2.910247325897217,2.8945279121398926,2.854116201400757,2.798851251602173,2.7433977127075195,2.6269490718841553,2.4973318576812744,2.3401777744293213,2.1805315017700195,1.9960496425628662,1.7902450561523438,1.6053143739700317,1.4895601272583008,1.4110567569732666,1.3764749765396118,1.3971956968307495,1.4244842529296875,1.501147985458374,1.583981990814209,1.6573028564453125,1.7108129262924194,1.7120330333709717
1.1771421432495117,1.38398277759552,1.224542498588562,1.4765784740447998,1.7685885429382324,1.8749463558197021,1.6841959953308105,2.6541378498077393,3.464468479156494,3.1042211055755615,2.2099037170410156,2.5723984241485596,2.5515358448028564,2.1678502559661865,2.748877763748169,3.0775699615478516,2.940901041030884,2.8802943229675293,2.8572134971618652,2.8454973697662354,2.8381640911102295,2.8492581844329834,2.8241307735443115,2.7899513244628906,2.743849992752075,2.6624960899353027,2.541360855102539,2.3693737983703613,2.1929078102111816,1.9881700277328491,1.7556102275848389,1.5339229106903076,1.3260297775268555,1.1925679445266724,1.10062575340271,1.0825265645980835,1.1281242370605469,1.2025543451309204,1.302229404449463,1.390395998954773,1.50499427318573,1.573080062866211,1.580217719078064
1.4902228116989136,1.5874733924865723,1.1513152122497559,1.1502299308776855,1.7905460596084595,1.5330305099487305,3.1907777786254883,4.0168375968933105,4.0542802810668945,4.513221263885498,2.6385858058929443,2.214087724685669,3.7191002368927,2.6392629146575928,2.8280627727508545,2.849747657775879,2.7836647033691406,2.7646617889404297,2.7641851902008057,2.7684202194213867,2.7900946140289307,2.7921242713928223,2.7705061435699463,2.736990451812744,2.666459560394287,2.57332706451416,2.4253106117248535,2.2328808307647705,2.020338773727417,1.76666259765625,1.4848299026489258,1.2105742692947388,0.9941719174385071,0.8593963384628296,0.7699489593505859,0.7513723969459534,0.8036329746246338,0.8862156271934509,0.9774538278579712,1.1742547750473022,1.3865132331848145,1.4899824857711792,1.5096864700317383
1.1539618968963623,1.389614462852478,1.5269954204559326,1.3076099157333374,2.1166257858276367,2.3839144706726074,3.391514539718628,3.5268771648406982,4.039374828338623,4.433504104614258,3.3006434440612793,2.6527676582336426,3.7546486854553223,3.0567424297332764,2.7193007469177246,2.698610305786133,2.700641632080078,2.6908466815948486,2.686286449432373,2.7156360149383545,2.745884656906128,2.7454702854156494,2.7177658081054688,2.6840879917144775,2.6063976287841797,2.4690299034118652,2.2860970497131348,2.0816681385040283,1.8171452283859253,1.4954729080200195,1.1664350032806396,0.8529170751571655,0.6008370518684387,0.45407772064208984,0.3805030584335327,0.36845046281814575,0.31646502017974854,0.2578418552875519,0.5362434387207031,0.9640176296234131,1.3212900161743164,1.4606597423553467,1.480165958404541
0.7937660217285156,1.3089556694030762,1.2629122734069824,2.398750066757202,2.8030476570129395,2.6651060581207275,2.4452548027038574,2.2528765201568604,4.227734088897705,4.003520965576172,2.9411470890045166,3.5079050064086914,2.8024799823760986,2.809328079223633,2.6477019786834717,2.621155261993408,2.615385055541992,2.6185660362243652,2.6470229625701904,2.6878440380096436,2.6883602142333984,2.6769979000091553,2.6593194007873535,2.5974559783935547,2.527276039123535,2.3625905513763428,2.1550703048706055,1.8893449306488037,1.5731462240219116,1.1869629621505737,0.7923361659049988,0.40080469846725464,0.0602811723947525,-0.17467941343784332,-0.14110539853572845,-0.22664469480514526,-0.7589074969291687,-0.5239441394805908,0.1732717901468277,0.9073329567909241,1.371448278427124,1.5219392776489258,1.5651850700378418
1.0739575624465942,1.152982234954834,1.3191522359848022,3.4902119636535645,3.5072407722473145,3.2002995014190674,2.7620012760162354,2.3297691345214844,3.7174630165100098,3.744048833847046,2.775308609008789,3.3401572704315186,2.8945295810699463,2.67229962348938,2.585297107696533,2.562875509262085,2.5703349113464355,2.6061339378356934,2.6300601959228516,2.6550114154815674,2.6538450717926025,2.630821466445923,2.584538459777832,2.5079126358032227,2.392860174179077,2.2233104705810547,1.9881941080093384,1.6784355640411377,1.2904144525527954,0.840743899345398,0.37317439913749695,-0.10233212262392044,-0.6861586570739746,-1.2920571565628052,-0.7158607840538025,-0.5487492680549622,-1.333741545677185,-1.1245630979537964,-0.10387970507144928,1.066494345664978,1.6142191886901855,1.6881287097930908,1.6716630458831787
1.514377474784851,1.7498377561569214,1.9780306816101074,3.2655622959136963,5.137045860290527,3.1277949810028076,4.055942535400391,3.6652677059173584,3.5196492671966553,3.503042221069336,2.898146152496338,2.954042911529541,2.7327160835266113,2.5851378440856934,2.532987594604492,2.538330078125,2.548290729522705,2.5733871459960938,2.6050758361816406,2.6197943687438965,2.606138229370117,2.561353921890259,2.5160446166992188,2.405162811279297,2.275484085083008,2.08813214302063,1.8027478456497192,1.4363198280334473,0.9943689703941345,0.5007671117782593,0.04014815390110016,-0.6564096212387085,-1.668967604637146,-1.2256815433502197,-1.1582331657409668,-0.9470213055610657,-1.1707218885421753,-1.9477262496948242,-0.8306924700737,1.3154255151748657,1.9732941389083862,1.8903669118881226,1.7849191427230835
2.0837717056274414,2.1994245052337646,2.893791913986206,3.981266498565674,5.105228900909424,4.734347343444824,4.025999546051025,3.5307745933532715,3.3208422660827637,3.2353291511535645,2.941108465194702,2.7522616386413574,2.6163406372070312,2.5219202041625977,2.4977545738220215,2.5040507316589355,2.5403759479522705,2.5604779720306396,2.5874321460723877,2.582923650741577,2.558236837387085,2.5058536529541016,2.4205985069274902,2.3274855613708496,2.178492784500122,1.9376493692398071,1.5973488092422485,1.1956521272659302,0.7363176941871643,0.3670752942562103,-0.7795061469078064,-0.7719396352767944,-1.0443986654281616,-1.4259519577026367,-1.6281616687774658,-0.645468533039093,-1.4282376766204834,-1.0410146713256836,-0.22712604701519012,0.6687769293785095,2.32338285446167,1.9843111038208008,1.8672791719436646
1.8639870882034302,1.9144549369812012,2.535615921020508,3.2854130268096924,4.615963935852051,4.0744547843933105,3.590907335281372,3.3342223167419434,3.175168991088867,2.983097791671753,2.7613277435302734,2.6096720695495605,2.5308196544647217,2.465339422225952,2.460326910018921,2.4856762886047363,2.511537551879883,2.5411643981933594,2.5705108642578125,2.5340094566345215,2.4935173988342285,2.4504199028015137,2.360349416732788,2.2470057010650635,2.0484862327575684,1.7702988386154175,1.3898710012435913,0.9486375451087952,0.5931199193000793,0.11947748064994812,-0.4832889437675476,-1.0306299924850464,-1.2372932434082031,-0.9670130610466003,-1.0616929531097412,-0.9217340350151062,-0.7049521803855896,-0.3379926383495331,0.14741139113903046,0.7705506682395935,2.2404158115386963,1.897691249847412,1.901246428489685
2.1836185455322266,2.648761749267578,3.037801742553711,4.167128562927246,4.095499038696289,3.6719908714294434,3.344475746154785,3.129190444946289,2.9653563499450684,2.7794783115386963,2.599613904953003,2.501117706298828,2.4579858779907227,2.427560567855835,2.4455013275146484,2.4760730266571045,2.508254289627075,2.5299103260040283,2.5140957832336426,2.497427463531494,2.4536471366882324,2.3999433517456055,2.2973244190216064,2.148164987564087,1.9153659343719482,1.5950530767440796,1.182639479637146,0.7388550043106079,0.30936816334724426,-0.017553139477968216,-0.8237432241439819,-1.0253363847732544,-0.7892010807991028,-0.39136984944343567,-0.7558720111846924,-0.5657576322555542,-0.05326513946056366,-0.2249176800251007,0.9755867719650269,1.0602331161499023,1.5519047975540161,1.8578970432281494,1.972095012664795
3.5865535736083984,3.6314496994018555,4.58543062210083,3.9793596267700195,3.7123570442199707,3.3832597732543945,3.13662052154541,2.9505014419555664,2.7815821170806885,2.6304879188537598,2.5060970783233643,2.4249918460845947,2.410426378250122,2.411545515060425,2.4386096000671387,2.4623067378997803,2.4759864807128906,2.494274854660034,2.4939820766448975,2.4517691135406494,2.412480115890503,2.348386287689209,2.2236175537109375,2.0431408882141113,1.7634817361831665,1.4005107879638672,0.9727523922920227,0.6088474988937378,0.023159729316830635,-0.49229490756988525,-0.24254770576953888,-0.511940598487854,-0.8664666414260864,-0.23667675256729126,-0.7045944929122925,-0.37563979625701904,-0.33495032787323,0.6877524256706238,0.5461394190788269,1.5061856508255005,1.8675650358200073,2.024324893951416,2.0950815677642822
