wind_DJF_day_4x4.json
{"header": {"parameterCategory": 2, "parameterUnit": "m/s", "nx": 55, "ny": 70, "lo1": 118.693, "la1": 26.200841440399998, "lo2": 123.1583090968, "la2": 21.0494, "dx": 0.0826909092, "dy": 0.0746585716, "refTime": "2025-01-01 00:00:00", "forecastTime": 0, "parameterNumber": 2}, "data":
[rows 0 to 18 of 70, columns 0 to 42 of 55]
-0.8731110692024231,-0.5641672611236572,-0.659695565700531,-0.7875357866287231,-0.6841486096382141,-0.5038769245147705,-0.9724304676055908,-1.2951881885528564,-1.6485633850097656,-1.668372631072998,-1.3711446523666382,-2.8993890285491943,-3.430213451385498,-3.995187282562256,-4.239289283752441,-3.8827426433563232,-3.907986879348755,-3.9509034156799316,-3.996903657913208,-4.019044876098633,-4.024069786071777,-3.996490240097046,-4.007484436035156,-4.0116496086120605,-4.041545391082764,-4.10600471496582,-4.162863731384277,-4.218618392944336,-4.25429630279541,-4.280302047729492,-4.29842472076416,-4.298580646514893,-4.297106742858887,-4.287145614624023,-4.274877071380615,-4.265040397644043,-4.27006196975708,-4.262874603271484,-4.261787414550781,-4.2570977210998535,-4.245319366455078,-4.238527297973633,-4.221384525299072
-0.9363687038421631,-0.5213881731033325,-0.9737805128097534,-1.3999080657958984,-1.2200822830200195,-1.0040292739868164,-0.8285531997680664,-1.2018516063690186,-1.9469029903411865,-1.930526614189148,-1.913924217224121,-2.443835496902466,-3.7225048542022705,-4.231540203094482,-4.221209526062012,-3.38555645942688,-4.010956764221191,-3.9668962955474854,-4.01069974899292,-4.03814172744751,-4.042368412017822,-4.055810928344727,-4.086610794067383,-4.118170738220215,-4.1752238273620605,-4.243941307067871,-4.301330089569092,-4.348883628845215,-4.383482456207275,-4.404086112976074,-4.412823677062988,-4.41402530670166,-4.40587043762207,-4.394570827484131,-4.384525299072266,-4.368703365325928,-4.367898464202881,-4.359789848327637,-4.350423812866211,-4.339085578918457,-4.3197808265686035,-4.308221817016602,-4.291646957397461
-1.0002096891403198,-0.2889308035373688,-0.6038272380828857,-1.3855316638946533,-1.337141752243042,-1.3197015523910522,-1.036306619644165,-0.8263364434242249,-1.3867617845535278,-2.4452788829803467,-2.914048194885254,-2.584043025970459,-3.737759590148926,-4.086094856262207,-4.002176284790039,-4.005125045776367,-4.009659290313721,-3.985208511352539,-4.024076461791992,-4.041245937347412,-4.076022624969482,-4.115119457244873,-4.171685218811035,-4.237054824829102,-4.31802225112915,-4.393879413604736,-4.4525322914123535,-4.50722599029541,-4.542129039764404,-4.560462474822998,-4.568912506103516,-4.566831588745117,-4.556164741516113,-4.544508457183838,-4.530605316162109,-4.507623195648193,-4.495035171508789,-4.459342956542969,-4.447517395019531,-4.420656204223633,-4.3937668800354,-4.3650007247924805,-4.33506441116333
-0.7406994700431824,-0.6345432996749878,-0.7367258071899414,-0.8309573531150818,-1.4060072898864746,-1.8477927446365356,-1.5347483158111572,-1.4722027778625488,-1.4760653972625732,-1.915661334991455,-4.069108486175537,-2.0381011962890625,-3.1013875007629395,-3.8350095748901367,-3.9040937423706055,-3.9488701820373535,-3.9534099102020264,-3.9927163124084473,-4.022154331207275,-4.059421539306641,-4.123536109924316,-4.183715343475342,-4.268917083740234,-4.368577003479004,-4.454985618591309,-4.533646106719971,-4.601096153259277,-4.6476545333862305,-4.679803848266602,-4.681222915649414,-4.6834869384765625,-4.681232452392578,-4.671128273010254,-4.650626182556152,-4.626055717468262,-4.597826957702637,-4.573462009429932,-4.53000545501709,-4.502307415008545,-4.469804286956787,-4.429693222045898,-4.398674964904785,-4.3560566902160645
-0.979854941368103,-1.2286787033081055,-0.9024563431739807,-0.80342036485672,-0.8451400399208069,-2.245262384414673,-2.013233184814453,-1.2919102907180786,-1.2730590105056763,-2.6005468368530273,-2.540525436401367,-2.2677855491638184,-3.6176960468292236,-3.7089476585388184,-3.795614242553711,-3.795274257659912,-3.9078662395477295,-3.977915048599243,-4.027980327606201,-4.095653057098389,-4.176201343536377,-4.272831916809082,-4.386144638061523,-4.495236396789551,-4.589019775390625,-4.671934127807617,-4.738609313964844,-4.776183128356934,-4.800256252288818,-4.801114082336426,-4.804361343383789,-4.796955108642578,-4.772523403167725,-4.746033191680908,-4.712625503540039,-4.674238204956055,-4.636594772338867,-4.5867815017700195,-4.55859375,-4.516508102416992,-4.467280387878418,-4.416329860687256,-4.3658671379089355
-1.13032865524292,-1.1768885850906372,-2.0616300106048584,-2.6743738651275635,-1.8920646905899048,-1.5948938131332397,-2.349546194076538,-2.2300121784210205,-1.8832180500030518,-2.094327211380005,-2.2203116416931152,-2.6385538578033447,-3.6555962562561035,-3.645188808441162,-3.7056567668914795,-3.802626371383667,-3.9073195457458496,-3.967954635620117,-4.046730995178223,-4.14148473739624,-4.250911235809326,-4.377414226531982,-4.510409355163574,-4.622918605804443,-4.723238468170166,-4.810300350189209,-4.865668296813965,-4.896492958068848,-4.913887977600098,-4.914497375488281,-4.918995380401611,-4.900318622589111,-4.872151851654053,-4.831808090209961,-4.785647869110107,-4.747262477874756,-4.693991661071777,-4.64285135269165,-4.598589897155762,-4.5448150634765625,-4.486569881439209,-4.438493251800537,-4.3713908195495605
-0.6226248145103455,-1.4309465885162354,-1.2946374416351318,-0.757125198841095,-1.1273692846298218,-0.6859360933303833,-0.28135883808135986,-1.6991080045700073,-1.8928570747375488,-3.111943244934082,-2.400658130645752,-2.0892720222473145,-3.4079384803771973,-3.5838801860809326,-3.659608840942383,-3.7713253498077393,-3.8772850036621094,-3.9651594161987305,-4.08136510848999,-4.1997785568237305,-4.341716766357422,-4.494765281677246,-4.631752014160156,-4.755701065063477,-4.86385440826416,-4.937042713165283,-4.991836071014404,-5.021165370941162,-5.034025192260742,-5.033810138702393,-5.027836799621582,-4.99967098236084,-4.96148681640625,-4.913070201873779,-4.8605427742004395,-4.807183265686035,-4.744851112365723,-4.699866771697998,-4.623247146606445,-4.5618391036987305,-4.494466304779053,-4.438403129577637,-4.371894836425781
-0.7064045071601868,-1.0096253156661987,-0.06502339243888855,-1.0562427043914795,-2.0648932456970215,-1.930251955986023,-3.011634349822998,-1.2592072486877441,-1.7583098411560059,-1.471748948097229,-3.913086414337158,-4.283263683319092,-3.753262519836426,-3.5678746700286865,-3.6236307621002197,-3.723426580429077,-3.8407537937164307,-3.980907917022705,-4.119029998779297,-4.273411273956299,-4.4356255531311035,-4.607873916625977,-4.759195327758789,-4.887373447418213,-4.99561071395874,-5.064300537109375,-5.1215996742248535,-5.152677059173584,-5.166320323944092,-5.16519832611084,-5.132846355438232,-5.089475631713867,-5.056216239929199,-5.004860877990723,-4.941821575164795,-4.856385231018066,-4.799614429473877,-4.730351448059082,-4.645516395568848,-4.5658040046691895,-4.494978904724121,-4.414146423339844,-4.360013008117676
-0.6173843145370483,-0.7670274972915649,-0.7129506468772888,-2.1480636596679688,-1.2018991708755493,-1.8003883361816406,-1.0308693647384644,-1.9072554111480713,-1.9645569324493408,-2.1360039710998535,-5.205870151519775,-5.059232234954834,-4.310178756713867,-3.574552059173584,-3.271174907684326,-3.6314618587493896,-3.828486442565918,-4.007358551025391,-4.17311954498291,-4.356640815734863,-4.552649021148682,-4.727016925811768,-4.878940582275391,-5.007656097412109,-5.119322299957275,-5.193483829498291,-5.248530864715576,-5.28952693939209,-5.310214996337891,-5.285943984985352,-5.257534027099609,-5.199032306671143,-5.151440143585205,-5.087372779846191,-5.012139320373535,-4.927495956420898,-4.850149631500244,-4.757543563842773,-4.660964012145996,-4.555126667022705,-4.469916820526123,-4.395230293273926,-4.3261308670043945
-1.3497800827026367,-1.1920892000198364,-1.064605474472046,-1.202504277229309,-0.20715145766735077,-1.8711931705474854,-2.488460063934326,-2.7053427696228027,-2.634279727935791,-3.679901123046875,-4.037866115570068,-4.58238410949707,-3.888341188430786,-2.6687517166137695,-3.184199333190918,-3.629943370819092,-3.8500096797943115,-4.050558567047119,-4.2512311935424805,-4.4593825340271,-4.671321868896484,-4.846330642700195,-4.996881008148193,-5.130481719970703,-5.243712425231934,-5.325094699859619,-5.387087345123291,-5.429980278015137,-5.441532135009766,-5.41571044921875,-5.386410236358643,-5.324726104736328,-5.268253326416016,-5.18571662902832,-5.089437484741211,-4.987818241119385,-4.884840965270996,-4.757205963134766,-4.649556636810303,-4.536678314208984,-4.430819988250732,-4.338558197021484,-4.2657270431518555
-1.41450834274292,-1.7776731252670288,-1.612862467765808,-1.001422643661499,-1.975649118423462,-1.799736738204956,-3.596972703933716,-3.7938709259033203,-4.92418909072876,-4.081484317779541,-3.7049965858459473,-4.513215065002441,-3.373663902282715,-3.059107542037964,-3.7773313522338867,-3.834742546081543,-3.943667411804199,-4.130751609802246,-4.354138374328613,-4.5790886878967285,-4.781717300415039,-4.955869197845459,-5.118984222412109,-5.258133411407471,-5.368750095367432,-5.464106559753418,-5.524525165557861,-5.57551383972168,-5.583127975463867,-5.571625232696533,-5.535706520080566,-5.4786834716796875,-5.407201290130615,-5.300288200378418,-5.188929557800293,-5.033770561218262,-4.893548011779785,-4.734829902648926,-4.597606182098389,-4.485457420349121,-4.368040084838867,-4.257712364196777,-4.197547435760498
-2.0212833881378174,-2.6431522369384766,-2.4708633422851562,-1.9887129068374634,-2.3025319576263428,-4.757807731628418,-5.459894180297852,-5.746283531188965,-5.242297172546387,-4.630499839782715,-3.86669921875,-3.8487954139709473,-3.025615692138672,-4.597476959228516,-4.210851192474365,-4.053218841552734,-4.106143951416016,-4.269252777099609,-4.474151134490967,-4.692437171936035,-4.889746189117432,-5.072449207305908,-5.242542743682861,-5.380574703216553,-5.510785102844238,-5.598363876342773,-5.672491550445557,-5.721131324768066,-5.742820739746094,-5.736739158630371,-5.694202423095703,-5.648077487945557,-5.5791754722595215,-5.465509414672852,-5.3077287673950195,-5.070302486419678,-4.828955173492432,-4.647829055786133,-4.538983345031738,-4.3858642578125,-4.260231018066406,-4.156762599945068,-4.0936689376831055
-2.2576098442077637,-2.6967263221740723,-2.421260118484497,-2.0174477100372314,-3.3674354553222656,-3.8322627544403076,-4.565691947937012,-5.7205681800842285,-4.947115421295166,-4.81466007232666,-4.708454132080078,-4.361366271972656,-3.929149627685547,-4.622407913208008,-4.363887786865234,-4.258417129516602,-4.29044246673584,-4.425217151641846,-4.617789268493652,-4.813724040985107,-4.997542381286621,-5.183877468109131,-5.355624675750732,-5.502688407897949,-5.638219833374023,-5.737651824951172,-5.815535545349121,-5.873712539672852,-5.89238977432251,-5.883190631866455,-5.855300426483154,-5.807552814483643,-5.7395758628845215,-5.665903091430664,-5.453729152679443,-5.012826919555664,-4.641824722290039,-4.506567001342773,-4.417748928070068,-4.269353866577148,-4.11201810836792,-4.019215106964111,-3.957284450531006
-1.8113073110580444,-2.7158586978912354,-2.7294023036956787,-5.084295749664307,-2.6709883213043213,-4.399929046630859,-3.7502636909484863,-4.892630577087402,-4.614009857177734,-5.1042704582214355,-4.365153789520264,-4.674367427825928,-4.94471549987793,-4.735880374908447,-4.519153594970703,-4.448269844055176,-4.4712371826171875,-4.586267471313477,-4.76005220413208,-4.9347991943359375,-5.103561878204346,-5.301769256591797,-5.465547561645508,-5.616296291351318,-5.758771896362305,-5.861166954040527,-5.958670616149902,-6.007619857788086,-6.029676914215088,-6.006959915161133,-5.961928367614746,-5.896584987640381,-5.738320827484131,-5.154614448547363,-2.7845797538757324,-1.9781250953674316,-4.1279754638671875,-4.2866530418396,-4.237082481384277,-4.078266143798828,-3.8824105262756348,-3.8095831871032715,-3.771211862564087
-1.9642149209976196,-3.1814231872558594,-3.0712249279022217,-4.058779716491699,-5.089511394500732,-4.236985206604004,-4.788695812225342,-5.517732620239258,-5.198124885559082,-4.530886650085449,-3.961170196533203,-4.76522970199585,-4.939726829528809,-4.810035228729248,-4.658286094665527,-4.607028961181641,-4.648951530456543,-4.750894546508789,-4.902581691741943,-5.038423538208008,-5.221069812774658,-5.406872749328613,-5.569272994995117,-5.724022388458252,-5.862410545349121,-5.987448692321777,-6.076826095581055,-6.124048709869385,-6.114722728729248,-6.05098295211792,-5.929436683654785,-5.728675842285156,-5.078897953033447,-2.1433353424072266,-2.622657299041748,-1.8715598583221436,-1.3592987060546875,-2.868361234664917,-3.7506327629089355,-3.647651195526123,-3.4892516136169434,-3.5049407482147217,-3.545964002609253
-3.1894826889038086,-3.691066026687622,-4.373152256011963,-5.211836814880371,-5.0215864181518555,-5.05519962310791,-5.84944486618042,-5.6288628578186035,-5.165414333343506,-4.9433746337890625,-5.065237998962402,-4.934067249298096,-4.961729049682617,-4.858318328857422,-4.769748210906982,-4.748183250427246,-4.801605224609375,-4.900448322296143,-5.0195465087890625,-5.154637813568115,-5.324969291687012,-5.498959541320801,-5.655025959014893,-5.814262866973877,-5.963348388671875,-6.07868766784668,-6.179740905761719,-6.2149457931518555,-6.226199626922607,-5.966126918792725,-5.615087032318115,-3.0165159702301025,-2.239314556121826,-1.4505378007888794,-1.504336953163147,-2.16996431350708,-1.600171685218811,-1.2252166271209717,-0.7789527177810669,-1.9945642948150635,-2.804899215698242,-3.090096950531006,-3.2963504791259766
-3.7401490211486816,-3.350142240524292,-4.458187103271484,-5.438943386077881,-5.303264617919922,-5.562170505523682,-5.812283039093018,-5.497454643249512,-5.269181251525879,-5.176644325256348,-5.103781700134277,-5.068572998046875,-5.003398895263672,-4.92051887512207,-4.863986968994141,-4.876152038574219,-4.941700458526611,-5.020741939544678,-5.126894950866699,-5.252378463745117,-5.413370132446289,-5.564216136932373,-5.721141815185547,-5.887539863586426,-6.025683879852295,-6.153017520904541,-6.255666255950928,-6.3142409324646,-6.14917516708374,-3.6269171237945557,-2.886389970779419,-2.2543840408325195,-2.3267509937286377,-1.6620081663131714,-1.9002702236175537,-1.5702686309814453,-1.3487623929977417,-1.1908080577850342,-0.8508299589157104,-0.7028466463088989,-1.6143708229064941,-2.6545231342315674,-3.042682647705078
-3.400475025177002,-4.223972797393799,-3.9928181171417236,-4.707017421722412,-5.605422019958496,-5.908834457397461,-5.669513702392578,-5.476203918457031,-5.382890224456787,-5.293095588684082,-5.195568561553955,-5.136739730834961,-5.049484729766846,-4.984424114227295,-4.951573371887207,-4.984455108642578,-5.038722038269043,-5.1171464920043945,-5.20988655090332,-5.32846212387085,-5.469937324523926,-5.605700969696045,-5.752717018127441,-5.9098052978515625,-6.062292575836182,-6.182525157928467,-6.265804290771484,-6.104754447937012,-3.943286180496216,-3.5765469074249268,-2.148953914642334,-2.3826234340667725,-2.230731964111328,-1.6701316833496094,-1.823625087738037,-1.5506666898727417,-1.2251254320144653,-1.1304458379745483,-0.7046387195587158,-0.9132512211799622,-1.9200528860092163,-2.4602744579315186,-2.851496934890747
-4.433027744293213,-4.175764083862305,-4.846312999725342,-5.773320198059082,-5.877171993255615,-5.801018714904785,-5.6236252784729,-5.5157952308654785,-5.426088809967041,-5.338321685791016,-5.262303352355957,-5.177366256713867,-5.101180553436279,-5.038769245147705,-5.031798839569092,-5.0696234703063965,-5.10674524307251,-5.172470569610596,-5.259842872619629,-5.376542568206787,-5.489275932312012,-5.613699913024902,-5.747175216674805,-5.901841640472412,-6.022462844848633,-6.089312553405762,-5.967940807342529,-4.809767246246338,-2.5205812454223633,-2.398736000061035,-2.0726637840270996,-1.5173624753952026,-1.462788462638855,-0.8089938759803772,-1.3794617652893066,-1.1454399824142456,-1.0826895236968994,-0.9417481422424316,-0.8510869741439819,-2.123335838317871,-2.0245025157928467,-2.4218180179595947,-2.756899356842041
