wind_JJA_day_4x4.json
{"header": {"parameterCategory": 2, "parameterUnit": "m/s", "nx": 55, "ny": 70, "lo1": 118.693, "la1": 26.200841440399998, "lo2": 123.1583090968, "la2": 21.0494, "dx": 0.0826909092, "dy": 0.0746585716, "refTime": "2025-01-01 00:00:00", "forecastTime": 0, "parameterNumber": 2}, "data":
[rows 0 to 18 of 70, columns 0 to 42 of 55]
-0.7966598272323608,-0.2951231002807617,0.028826573863625526,-0.04135094955563545,-0.13889868557453156,0.09442365169525146,0.19677895307540894,0.2071884274482727,-0.24094294011592865,-0.5841861367225647,-0.32230105996131897,-2.195418357849121,-3.099186420440674,-2.3206746578216553,-1.2457351684570312,-0.600439727306366,-0.4081529676914215,-0.2267637699842453,-0.06151171028614044,0.14105160534381866,0.3700012266635895,0.5649713277816772,0.7270224094390869,0.8600804209709167,0.9627209901809692,1.043447494506836,1.1234816312789917,1.1854705810546875,1.2355029582977295,1.2784481048583984,1.31676185131073,1.3383612632751465,1.355674386024475,1.3659069538116455,1.3624701499938965,1.3511326313018799,1.3212090730667114,1.2639245986938477,1.1980878114700317,1.1287550926208496,1.052324652671814,0.9788110852241516,0.911567747592926
-0.6711587905883789,0.17071089148521423,0.3311452865600586,-0.044001296162605286,-0.4459098279476166,-0.5179165005683899,-0.03036702796816826,0.02840883657336235,-0.3316393494606018,-0.4434187114238739,-0.5957384705543518,-1.6277971267700195,-2.845608949661255,-1.8968230485916138,-1.0919013023376465,-0.4209476113319397,-0.43784987926483154,-0.24647368490695953,-0.0034683141857385635,0.2529527246952057,0.4973825514316559,0.6896657347679138,0.8443208932876587,0.976771891117096,1.0895243883132935,1.1765656471252441,1.2611830234527588,1.333518624305725,1.3914819955825806,1.4420502185821533,1.475838303565979,1.4925742149353027,1.496288776397705,1.4922019243240356,1.4756190776824951,1.447718620300293,1.4059069156646729,1.3296068906784058,1.2532591819763184,1.1834207773208618,1.09913969039917,1.0164440870285034,0.9332168698310852
-0.5766136050224304,0.6159127354621887,0.4451305568218231,0.10669777542352676,-0.198439821600914,-0.5109343528747559,-0.5982296466827393,-0.223240464925766,-0.6377925872802734,-0.5093672275543213,-0.9239119291305542,-1.2907410860061646,-2.7233328819274902,-1.4468380212783813,-0.8605748414993286,-0.5257219076156616,-0.472907155752182,-0.18852664530277252,0.10645056515932083,0.3925517797470093,0.6199829578399658,0.8009595274925232,0.9569216370582581,1.0736792087554932,1.1829028129577637,1.2804429531097412,1.3705394268035889,1.4584298133850098,1.52538001537323,1.5952459573745728,1.6375648975372314,1.6496303081512451,1.6502937078475952,1.6388039588928223,1.5977561473846436,1.561443567276001,1.5035361051559448,1.428513526916504,1.3372712135314941,1.2440181970596313,1.1393849849700928,1.0457773208618164,0.973652184009552
0.20774364471435547,0.35373353958129883,0.26490268111228943,-0.04088360816240311,0.29782286286354065,-0.1014779657125473,-0.5884417295455933,-0.6338886022567749,-0.7718814611434937,-0.6884815096855164,-0.3202403485774994,-0.5099630951881409,-1.4823055267333984,-1.0522544384002686,-0.5937326550483704,-0.41517436504364014,-0.356636643409729,-0.03896893560886383,0.27467867732048035,0.5376758575439453,0.7463776469230652,0.9084725975990295,1.0426506996154785,1.1749823093414307,1.2853915691375732,1.394752025604248,1.4689006805419922,1.5723886489868164,1.6305408477783203,1.6917904615402222,1.7364978790283203,1.7511111497879028,1.7443450689315796,1.7061896324157715,1.6523808240890503,1.5857025384902954,1.5177239179611206,1.4372081756591797,1.3101650476455688,1.1834875345230103,1.0445717573165894,0.9562394022941589,0.8860684037208557
0.6131590604782104,0.06011245772242546,0.16103310883045197,0.447618693113327,-0.12045907974243164,-0.04277849197387695,-0.08405609428882599,-0.10907772928476334,-0.338672935962677,-0.8896118402481079,-0.6552879810333252,-0.8539339303970337,-1.2468233108520508,-0.6850978136062622,-0.2888108491897583,-0.3580288589000702,-0.19957588613033295,0.14329811930656433,0.4559447169303894,0.6766223311424255,0.8819141387939453,1.0271166563034058,1.161990761756897,1.288151502609253,1.398675799369812,1.5050474405288696,1.599473476409912,1.6853077411651611,1.7522170543670654,1.8099865913391113,1.8507897853851318,1.848870038986206,1.8332843780517578,1.7811368703842163,1.710780143737793,1.6346752643585205,1.530884027481079,1.4028400182724,1.2396169900894165,1.069577693939209,0.9282290935516357,0.8354448080062866,0.7470277547836304
0.22919504344463348,-0.17534701526165009,0.24029436707496643,-0.107195183634758,0.15050722658634186,-0.27590498328208923,0.19144050776958466,-0.968330442905426,-0.38974279165267944,-0.29976046085357666,-0.26117703318595886,-1.4893251657485962,-0.8160735368728638,-0.36797896027565,-0.1498619168996811,-0.3471239507198334,-0.04636599123477936,0.35681119561195374,0.6398388147354126,0.8505936861038208,1.009354829788208,1.1386338472366333,1.2756280899047852,1.4071133136749268,1.521378993988037,1.6290850639343262,1.7298319339752197,1.8165984153747559,1.88631010055542,1.9526991844177246,1.987923264503479,1.9701836109161377,1.9265848398208618,1.84064519405365,1.7693603038787842,1.6582589149475098,1.5136337280273438,1.342667818069458,1.150794267654419,0.9431862831115723,0.7793765664100647,0.6615732312202454,0.5767108798027039
-0.36601918935775757,-0.26446059346199036,0.22364965081214905,0.10755427181720734,-0.09020364284515381,0.1870107352733612,-0.4732966125011444,-0.6218563914299011,-0.5026768445968628,-0.2677079737186432,-0.11252395063638687,-0.16947923600673676,-0.3950147330760956,0.0952974185347557,-0.26002246141433716,-0.3134697377681732,0.1968214511871338,0.5741771459579468,0.8238398432731628,0.9934952259063721,1.125579833984375,1.2538176774978638,1.3852183818817139,1.523939847946167,1.6384696960449219,1.7561287879943848,1.8611068725585938,1.9461740255355835,2.029080390930176,2.081793785095215,2.1041481494903564,2.093266725540161,2.0302371978759766,1.9333164691925049,1.802548885345459,1.6684178113937378,1.4643183946609497,1.251948595046997,1.0040451288223267,0.7707842588424683,0.59093177318573,0.4731236696243286,0.3831647038459778
-0.7172138690948486,-0.0629344955086708,0.10964158177375793,-0.2684325575828552,0.04605031758546829,-0.06289566308259964,-0.8139945864677429,-0.6131063103675842,-0.23108525574207306,-0.4937831461429596,-1.2911373376846313,-0.13681571185588837,-0.3145536780357361,0.293069452047348,-0.3289726972579956,-0.10833016782999039,0.5284014344215393,0.7933012247085571,0.9778733253479004,1.1135690212249756,1.2560821771621704,1.375565767288208,1.5122065544128418,1.644365906715393,1.779449462890625,1.8955532312393188,2.006011486053467,2.102980136871338,2.1907362937927246,2.2421936988830566,2.2272720336914062,2.2157654762268066,2.150132417678833,2.021815299987793,1.8392410278320312,1.6574914455413818,1.3936010599136353,1.1104626655578613,0.8038452863693237,0.5676962733268738,0.38357773423194885,0.26610714197158813,0.17070548236370087
-0.2836754322052002,0.07460422068834305,0.0060241553001105785,-0.45732882618904114,0.22959360480308533,-0.23497384786605835,-0.18402758240699768,-0.6405279636383057,-0.425392210483551,-0.3428303003311157,-1.0431565046310425,-0.7528387904167175,0.06627188622951508,0.6929534673690796,-0.6672278046607971,0.4422491788864136,0.7893459796905518,0.951561689376831,1.101447343826294,1.230921983718872,1.3569989204406738,1.4908256530761719,1.6278655529022217,1.761256217956543,1.9088423252105713,2.0426697731018066,2.153412103652954,2.2727155685424805,2.3481688499450684,2.400618553161621,2.3991165161132812,2.34116792678833,2.2491536140441895,2.104649066925049,1.8710507154464722,1.6036494970321655,1.2554787397384644,0.8977020382881165,0.5455724000930786,0.28662940859794617,0.11313984543085098,-0.023561991751194,-0.10358499735593796
-0.49716657400131226,0.23819124698638916,0.174616277217865,-0.2764004170894623,-0.4089553952217102,0.0483778715133667,-0.45261150598526,-0.30224162340164185,-0.8561828136444092,-0.31888097524642944,0.1736975908279419,-0.46641650795936584,0.4486086666584015,0.6875490546226501,0.3887012004852295,0.875305712223053,0.9782616496086121,1.0836169719696045,1.2216240167617798,1.34913170337677,1.4714418649673462,1.592454195022583,1.7366183996200562,1.884081244468689,2.024750232696533,2.166400671005249,2.3115715980529785,2.4311156272888184,2.5317630767822266,2.5747921466827393,2.56054949760437,2.498739719390869,2.3554506301879883,2.1651394367218018,1.8855839967727661,1.5117830038070679,1.0556066036224365,0.6022972464561462,0.2036607265472412,-0.05815964192152023,-0.25086817145347595,-0.3752383887767792,-0.4264166057109833
-0.46303725242614746,0.3685087263584137,0.2641068994998932,0.13290034234523773,-0.575440526008606,-0.457010954618454,-1.2590811252593994,-0.712156355381012,-1.3116998672485352,-0.3320877254009247,0.37604352831840515,0.7299549579620361,0.09730035811662674,0.3979339599609375,0.8162289261817932,0.991146445274353,1.0915666818618774,1.1862430572509766,1.321432113647461,1.4527357816696167,1.5772194862365723,1.7084780931472778,1.850553035736084,1.9892525672912598,2.150803327560425,2.3091115951538086,2.4796080589294434,2.620783567428589,2.7266650199890137,2.787743330001831,2.760108470916748,2.6753368377685547,2.4724996089935303,2.2095541954040527,1.863221526145935,1.3567159175872803,0.7666239738464355,0.23189690709114075,-0.24760013818740845,-0.5588984489440918,-0.7376139163970947,-0.7686680555343628,-0.745998203754425
-0.6059909462928772,0.2912205755710602,0.3757285475730896,-0.0028935670852661133,-0.39758920669555664,-1.0674877166748047,-1.5424917936325073,-1.1534972190856934,-1.2550674676895142,-0.02416500262916088,0.40280306339263916,0.7501413822174072,0.7052767872810364,0.45782917737960815,0.8443116545677185,1.0374629497528076,1.1718966960906982,1.2903611660003662,1.424223780632019,1.5502620935440063,1.6774592399597168,1.802687406539917,1.9412992000579834,2.1014866828918457,2.2903695106506348,2.470510721206665,2.6569268703460693,2.8386218547821045,2.963190793991089,3.0454139709472656,3.001969337463379,2.8622663021087646,2.6045029163360596,2.244812250137329,1.800235390663147,1.1494581699371338,0.3771324157714844,-0.3608543872833252,-1.0192006826400757,-1.2758979797363281,-1.283166766166687,-1.1588060855865479,-1.0021729469299316
-0.8163065314292908,-0.06343004107475281,0.029523314908146858,-0.5085408091545105,-0.22158795595169067,-0.32871395349502563,-0.13459762930870056,-0.4483433961868286,-0.830578088760376,0.2381007969379425,0.39256078004837036,0.12658964097499847,0.4961971938610077,0.6952394247055054,0.9237039685249329,1.0936661958694458,1.23676598072052,1.374665379524231,1.5099300146102905,1.637962818145752,1.760552167892456,1.8851392269134521,2.053114414215088,2.2299838066101074,2.449375629425049,2.6525917053222656,2.8700544834136963,3.0827736854553223,3.252365827560425,3.332314968109131,3.2889153957366943,3.094071865081787,2.764525890350342,2.3136579990386963,1.7260026931762695,0.9129567742347717,-0.7211529612541199,-1.6299707889556885,-2.058274507522583,-2.034266233444214,-1.7526659965515137,-1.454701542854309,-1.228506326675415
-0.0918959453701973,-0.23441623151302338,-0.35516250133514404,-2.1693801879882812,-0.5333235859870911,-0.7397141456604004,-0.08325851708650589,0.012679420411586761,0.3551681339740753,0.36500731110572815,0.3094083070755005,0.3397645652294159,0.6119467616081238,0.8007007837295532,1.0070452690124512,1.1681632995605469,1.318986415863037,1.445783257484436,1.5836608409881592,1.721289038658142,1.8422993421554565,1.9877688884735107,2.1495981216430664,2.3540825843811035,2.593458414077759,2.85404634475708,3.122298002243042,3.386888027191162,3.5735549926757812,3.6675240993499756,3.5927226543426514,3.4313392639160156,3.216355800628662,2.935070276260376,1.3354418277740479,-0.13156704604625702,-2.5440516471862793,-2.8368031978607178,-2.951021432876587,-2.620138645172119,-2.0387508869171143,-1.619626760482788,-1.3533786535263062
-0.08988849818706512,-0.1652011275291443,-0.19942283630371094,-1.5740371942520142,-0.9249255657196045,-0.25953808426856995,-0.24728068709373474,0.15529680252075195,0.36419573426246643,0.5633185505867004,0.5577661991119385,0.5911681056022644,0.7377901673316956,0.9197149276733398,1.0988436937332153,1.2468194961547852,1.38261079788208,1.5338726043701172,1.656376838684082,1.7905017137527466,1.9470667839050293,2.0787551403045654,2.2593181133270264,2.4812068939208984,2.7677626609802246,3.078129291534424,3.4095418453216553,3.7179675102233887,3.943758487701416,4.0016188621521,3.892252206802368,3.9926323890686035,4.071457862854004,4.025673866271973,1.4238802194595337,-0.39075589179992676,-1.2223819494247437,-2.5279922485351562,-3.321190118789673,-3.0003857612609863,-2.092167377471924,-1.6026374101638794,-1.358992099761963
-0.4709380269050598,0.02395748719573021,-1.472869873046875,-2.012173652648926,-1.0601606369018555,-0.24716077744960785,-0.18975287675857544,0.20256267488002777,0.4260624945163727,0.4618484079837799,0.534561812877655,0.7116802334785461,0.8653891086578369,1.0162206888198853,1.175006628036499,1.305450439453125,1.4660710096359253,1.6020076274871826,1.7157217264175415,1.8491382598876953,2.00537109375,2.172121047973633,2.3714542388916016,2.6338515281677246,2.965418815612793,3.3451390266418457,3.726321220397949,4.07905912399292,4.296360969543457,4.299074649810791,4.23398494720459,2.243560552597046,1.6078886985778809,1.3176015615463257,0.7479705810546875,-0.6612400412559509,-0.9274578094482422,-1.0221929550170898,-0.7071797251701355,-2.3598456382751465,-1.9297314882278442,-1.4294785261154175,-1.3250434398651123
-0.6005000472068787,-0.14852449297904968,-0.2792412340641022,-1.2521555423736572,-0.4612089693546295,-0.17726868391036987,0.05643482133746147,0.32060468196868896,0.47637054324150085,0.5289590358734131,0.6469714045524597,0.8068902492523193,0.9543964266777039,1.0997339487075806,1.2327271699905396,1.3769614696502686,1.5151872634887695,1.6446995735168457,1.7686293125152588,1.9125419855117798,2.0759189128875732,2.2655491828918457,2.5028953552246094,2.8019306659698486,3.1874375343322754,3.6167287826538086,4.04880428314209,4.412052631378174,4.491908550262451,3.3608450889587402,3.2852671146392822,2.341707468032837,1.3719539642333984,0.5423336625099182,-0.03971964120864868,-0.7649267911911011,-0.6377185583114624,-1.033923864364624,-1.3558765649795532,-1.1898705959320068,-1.0979580879211426,-1.2573673725128174,-1.2903934717178345
-0.7788306474685669,-0.34901466965675354,-0.21937958896160126,-0.9789406657218933,-0.19352363049983978,-0.009507786482572556,0.2280787229537964,0.4266698360443115,0.5328361988067627,0.6277585029602051,0.7531810998916626,0.8939511179924011,1.034132957458496,1.1696759462356567,1.3098832368850708,1.431391716003418,1.5648348331451416,1.6888644695281982,1.8239731788635254,1.9660333395004272,2.1582376956939697,2.388251781463623,2.651226758956909,2.9937198162078857,3.415269374847412,3.891055107116699,4.379393577575684,4.722931861877441,4.029158592224121,3.6595349311828613,2.492339849472046,1.5221445560455322,0.6783849596977234,0.05301009863615036,-0.38542503118515015,-0.3194429278373718,-0.5468913316726685,-0.7797604203224182,-1.2278964519500732,-0.8330816030502319,-1.322551965713501,-1.3398115634918213,-1.316824197769165
-1.5433084964752197,-0.7943668365478516,-0.620868980884552,-0.19375254213809967,0.0022562583908438683,0.19903264939785004,0.39719972014427185,0.5252861380577087,0.6338615417480469,0.7341906428337097,0.8552637100219727,0.9864159226417542,1.1140711307525635,1.2448298931121826,1.3657772541046143,1.4863498210906982,1.6120457649230957,1.751785397529602,1.8789583444595337,2.0392041206359863,2.247840642929077,2.504456043243408,2.812588691711426,3.1835222244262695,3.657672643661499,4.168319225311279,4.648792266845703,4.908191680908203,3.0960278511047363,2.4748945236206055,2.030041456222534,0.919819712638855,0.47867831587791443,0.3793596923351288,-0.42134889960289,-0.3168405294418335,-0.5785742402076721,-1.5707647800445557,-1.9310709238052368,-2.1423120498657227,-1.6530587673187256,-1.5171949863433838,-1.3180651664733887
