wind_DJF_night_3x3.json
{"header": {"parameterCategory": 2, "parameterUnit": "m/s", "nx": 74, "ny": 94, "lo1": 118.693, "la1": 26.2568353691, "lo2": 123.2203272787, "la2": 21.0494, "dx": 0.0620181819, "dy": 0.0559939287, "refTime": "2025-01-01 00:00:00", "forecastTime": 0, "parameterNumber": 2}, "data":
[rows 38 to 56 of 94, columns 0 to 42 of 74]
-5.779722213745117,-5.684040069580078,-5.634402275085449,-5.599772930145264,-5.5651655197143555,-5.522788047790527,-5.4937310218811035,-5.4748125076293945,-5.449981689453125,-5.430880546569824,-5.399209499359131,-5.376498222351074,-5.344600677490234,-5.317770004272461,-5.269313812255859,-5.210042476654053,-5.152243614196777,-5.091759204864502,-5.0408196449279785,-4.996943473815918,-4.9521050453186035,-4.891355037689209,-4.8190999031066895,-4.730006694793701,-4.613193511962891,-4.447811126708984,-4.247278690338135,-3.944209575653076,-3.382425308227539,-1.0460295677185059,-1.0386298894882202,-0.010487854480743408,0.16430142521858215,-0.3926941454410553,-1.9456536769866943,0.12167128920555115,-1.1457397937774658,-1.0287526845932007,-1.3062968254089355,-0.7272875308990479,-0.06422188133001328,-1.6168161630630493,-1.067359447479248
-5.755338668823242,-5.683413505554199,-5.6363911628723145,-5.597465991973877,-5.551788330078125,-5.513212203979492,-5.486046314239502,-5.457183837890625,-5.426417350769043,-5.398529052734375,-5.375827789306641,-5.344468116760254,-5.308065891265869,-5.268452167510986,-5.213006973266602,-5.154731273651123,-5.0758514404296875,-5.009852886199951,-4.955417633056641,-4.9051666259765625,-4.837785720825195,-4.76347541809082,-4.665342807769775,-4.551342010498047,-4.395679950714111,-4.19586706161499,-3.9672746658325195,-3.803389072418213,-1.4747943878173828,-0.5775493383407593,0.14598894119262695,0.0034106457605957985,0.35046687722206116,-0.4517576992511749,-1.4265981912612915,0.04749084264039993,-0.3533356785774231,-0.847885251045227,-0.9756500720977783,-1.349123477935791,-1.3426591157913208,-1.345909833908081,-1.7942975759506226
-5.733570098876953,-5.675498008728027,-5.629077434539795,-5.585635185241699,-5.541175842285156,-5.497993469238281,-5.467652320861816,-5.436000823974609,-5.3999552726745605,-5.365297317504883,-5.342427730560303,-5.303400993347168,-5.263532638549805,-5.205066680908203,-5.1505022048950195,-5.078219413757324,-4.998180866241455,-4.923264503479004,-4.862570285797119,-4.795338153839111,-4.716856956481934,-4.619204044342041,-4.502599239349365,-4.35833215713501,-4.162643909454346,-3.9264869689941406,-3.6821391582489014,-2.9142091274261475,-0.9211919903755188,-0.3929089903831482,-0.35002219676971436,0.42014431953430176,0.440297931432724,-1.0683964490890503,-1.5526502132415771,-0.5846043229103088,-0.24281196296215057,-0.6925560235977173,-1.1563472747802734,-0.7042224407196045,-0.9723325967788696,-1.4140419960021973,-1.3547357320785522
-5.712733268737793,-5.662001132965088,-5.615175724029541,-5.575017929077148,-5.518285751342773,-5.477736949920654,-5.44321346282959,-5.4112725257873535,-5.367882251739502,-5.335078239440918,-5.298837184906006,-5.252650737762451,-5.204840660095215,-5.142326831817627,-5.070757865905762,-4.9908976554870605,-4.915414810180664,-4.830019474029541,-4.756602764129639,-4.680798530578613,-4.586910247802734,-4.466482639312744,-4.325544357299805,-4.1476240158081055,-3.9180541038513184,-3.6589391231536865,-3.424684524536133,-1.6488513946533203,-0.6742914915084839,-0.1796046495437622,0.09683983027935028,-0.922662615776062,0.2956595718860626,-0.5439348816871643,-0.7250211238861084,0.021620366722345352,0.30165255069732666,0.24367627501487732,-1.3447210788726807,-0.27213847637176514,-1.4950467348098755,-2.0824320316314697,-1.3298767805099487
-5.691727638244629,-5.6412272453308105,-5.595566749572754,-5.550970077514648,-5.494795799255371,-5.4488959312438965,-5.417762279510498,-5.379097938537598,-5.336274147033691,-5.289912223815918,-5.248169898986816,-5.20363712310791,-5.138247489929199,-5.0598344802856445,-4.9897027015686035,-4.89760684967041,-4.814582347869873,-4.718731880187988,-4.6397905349731445,-4.549685478210449,-4.440328598022461,-4.30434513092041,-4.130252361297607,-3.9246702194213867,-3.6742916107177734,-3.4020488262176514,-3.0671510696411133,-1.0535963773727417,-0.5170470476150513,-0.23242519795894623,0.039257846772670746,-1.499773383140564,0.33875465393066406,-0.06598802655935287,-1.2296466827392578,-0.18609102070331573,0.7697546482086182,-0.6442659497261047,-0.46634066104888916,-0.987255871295929,-0.8288627862930298,-1.7694692611694336,-1.1958684921264648
-5.667279243469238,-5.614488124847412,-5.568770408630371,-5.520870685577393,-5.470616340637207,-5.426877975463867,-5.386747360229492,-5.338974475860596,-5.2969770431518555,-5.242297172546387,-5.197750091552734,-5.135488510131836,-5.0642991065979,-4.978203773498535,-4.892782211303711,-4.806667327880859,-4.702376365661621,-4.613132476806641,-4.516414165496826,-4.411070346832275,-4.2854437828063965,-4.129670143127441,-3.937246799468994,-3.7113306522369385,-3.4675514698028564,-3.2356927394866943,-1.6849815845489502,-0.8585889935493469,-0.40652066469192505,-0.2082371860742569,0.4245767295360565,-1.3479981422424316,0.38706129789352417,-0.22117716073989868,-0.37597763538360596,0.1383531391620636,-0.7380158305168152,-0.8654693961143494,0.35077908635139465,-1.2964540719985962,-1.5521149635314941,-1.1598936319351196,-0.3021516501903534
-5.640488147735596,-5.583261966705322,-5.537830829620361,-5.49179220199585,-5.440149307250977,-5.397097587585449,-5.3450212478637695,-5.299849510192871,-5.248774528503418,-5.2008056640625,-5.130329132080078,-5.064755439758301,-4.980355739593506,-4.890778064727783,-4.794180870056152,-4.696871757507324,-4.592613697052002,-4.495447635650635,-4.382014274597168,-4.26763916015625,-4.122814178466797,-3.949219226837158,-3.7484936714172363,-3.512167453765869,-3.0374999046325684,-2.5362749099731445,-1.1171659231185913,-0.7537391185760498,-0.34431031346321106,-0.07767199724912643,0.11101967096328735,-0.8067091107368469,0.2650718092918396,-1.0238277912139893,-0.03325112909078598,-0.7149251699447632,0.03150049224495888,-0.692604660987854,-0.31408223509788513,-1.136211633682251,-1.5857421159744263,-1.137963891029358,-0.7797267436981201
-5.611553192138672,-5.548926830291748,-5.505059242248535,-5.459987640380859,-5.406830787658691,-5.354887008666992,-5.305695533752441,-5.252621173858643,-5.200643539428711,-5.137576103210449,-5.057494163513184,-4.98319149017334,-4.8964948654174805,-4.795515060424805,-4.6996307373046875,-4.574600696563721,-4.472872257232666,-4.361238479614258,-4.2417144775390625,-4.113430976867676,-3.9550349712371826,-3.7698888778686523,-3.5588326454162598,-3.336217164993286,-2.568357467651367,-1.5510380268096924,-0.9431435465812683,-0.6487191915512085,-0.3061298727989197,-0.21685433387756348,-0.07394731789827347,-0.5040969252586365,-0.5586191415786743,-1.2162330150604248,-1.1179423332214355,0.7556465268135071,-0.5161121487617493,-0.579868495464325,0.02709992416203022,-1.062212347984314,-1.7993590831756592,-1.375138521194458,-0.03384770452976227
-5.57872200012207,-5.512190341949463,-5.471447467803955,-5.4261932373046875,-5.370271682739258,-5.311692237854004,-5.255399703979492,-5.2009596824646,-5.141684055328369,-5.064526081085205,-4.996276378631592,-4.907045841217041,-4.8063201904296875,-4.703416347503662,-4.550146102905273,-4.462409973144531,-4.3352861404418945,-4.224963188171387,-4.0901875495910645,-3.9512367248535156,-3.7826082706451416,-3.582470417022705,-3.3500051498413086,-3.122311592102051,-2.6310782432556152,-1.3166686296463013,-0.8138483762741089,-0.5462664365768433,-0.17665885388851166,-0.15505099296569824,-0.11757154017686844,-1.0112266540527344,-0.9721416234970093,-1.0794333219528198,-0.7431988716125488,0.20057575404644012,-0.9840113520622253,0.28086742758750916,-0.3780704140663147,-0.7986603379249573,-0.9357404708862305,-2.231029987335205,-0.41931188106536865
-5.541411876678467,-5.47446870803833,-5.435583114624023,-5.387144088745117,-5.323092937469482,-5.256409168243408,-5.207888126373291,-5.142298698425293,-5.067260265350342,-5.005607604980469,-4.920469760894775,-4.834494113922119,-4.740799903869629,-4.562826633453369,-4.051122665405273,-4.343698024749756,-4.182760238647461,-4.070705413818359,-3.932094097137451,-3.7862792015075684,-3.6023166179656982,-3.3929057121276855,-3.165278434753418,-3.0616378784179688,-1.5267986059188843,-1.059706211090088,-0.748805046081543,-0.45034879446029663,-0.30879175662994385,-0.2965310513973236,-0.5399173498153687,-0.7689784169197083,-0.19792994856834412,-0.4473813474178314,-0.929434061050415,0.7130758166313171,-0.5841947197914124,-0.17832328379154205,-0.4231726825237274,-1.6770756244659424,-0.6830070614814758,-1.4866936206817627,-0.24849028885364532
-5.501852989196777,-5.435227394104004,-5.397956371307373,-5.342829704284668,-5.2657694816589355,-5.210649490356445,-5.148633003234863,-5.077199459075928,-4.992374420166016,-4.928720951080322,-4.837109565734863,-4.745611190795898,-4.656058311462402,-4.305769920349121,-4.425716400146484,-3.172154426574707,-3.960016965866089,-3.9050817489624023,-3.7695600986480713,-3.6105446815490723,-3.41611385345459,-3.2048659324645996,-2.998183250427246,-2.733680248260498,-1.3447489738464355,-0.9747624397277832,-0.6218942403793335,-0.35765138268470764,-0.26904165744781494,-0.5701811909675598,-0.46592044830322266,-1.2662080526351929,-0.5297946333885193,-0.8776166439056396,-0.7836029529571533,0.8958860039710999,-0.6292518377304077,-0.3655863404273987,-1.1851552724838257,-1.7622594833374023,-1.6405136585235596,-0.887839674949646,-0.1932055950164795
-5.460927486419678,-5.393337726593018,-5.355082988739014,-5.295228481292725,-5.213132858276367,-5.148575305938721,-5.085756301879883,-5.000960350036621,-4.925834655761719,-4.833040714263916,-4.737911224365234,-4.630255222320557,-4.493328094482422,-4.512551784515381,-2.7931885719299316,-3.0009632110595703,-3.709343910217285,-3.7334578037261963,-3.608698606491089,-3.4319045543670654,-3.238043785095215,-3.020317554473877,-2.836519956588745,-2.6691174507141113,-1.3838504552841187,-0.8930864334106445,-0.6330641508102417,-0.371165007352829,-0.18039730191230774,-0.16695179045200348,-0.22999711334705353,-1.2853524684906006,-1.0607575178146362,0.004055716563016176,-1.3579826354980469,0.05639706924557686,-0.06206663325428963,-0.9347965717315674,-1.5513850450515747,-1.5739167928695679,-0.42253100872039795,-0.24610546231269836,0.044882696121931076
-5.420165538787842,-5.34870719909668,-5.3083672523498535,-5.2327728271484375,-5.15708589553833,-5.087295055389404,-5.006768226623535,-4.926609039306641,-4.8399553298950195,-4.731908321380615,-4.626385688781738,-4.513701438903809,-4.356974124908447,-4.167788982391357,-3.4446797370910645,-3.7480978965759277,-3.7624216079711914,-3.5945510864257812,-3.4388482570648193,-3.262439250946045,-3.0615100860595703,-2.850533962249756,-2.7416458129882812,-2.5234556198120117,-1.201882004737854,-0.7748925685882568,-0.5591902136802673,-0.30865246057510376,-0.008418303914368153,-0.5061626434326172,0.02593771554529667,-1.4661016464233398,-1.2257288694381714,0.2523081302642822,-1.5649023056030273,-2.089531660079956,-2.5124447345733643,-1.6051433086395264,-2.2344534397125244,-0.8137627243995667,-1.6990528106689453,-0.026718880981206894,-0.007816299796104431
-5.3758344650268555,-5.301784515380859,-5.255434989929199,-5.176027774810791,-5.091320514678955,-5.016590118408203,-4.931399345397949,-4.845430374145508,-4.743027210235596,-4.634690761566162,-4.509953022003174,-4.396287441253662,-4.249063491821289,-3.9842352867126465,-3.641082763671875,-3.7305426597595215,-3.648864507675171,-3.4600038528442383,-3.2861101627349854,-3.094923496246338,-2.907294273376465,-2.7021350860595703,-2.6691884994506836,-2.4816629886627197,-1.2994027137756348,-0.7485662698745728,-0.4798378348350525,-0.16466239094734192,-0.16755779087543488,-0.9338144659996033,-0.3611709475517273,-0.8820257186889648,-0.43021246790885925,-1.139421820640564,-1.7393815517425537,-0.5675559043884277,-1.6022382974624634,-1.4589561223983765,-0.7780219316482544,0.042386189103126526,-0.6362771987915039,-0.6665343046188354,0.8548227548599243
-5.329287528991699,-5.251187324523926,-5.201104640960693,-5.108466148376465,-5.031182765960693,-4.932002067565918,-4.853059768676758,-4.752737522125244,-4.643023490905762,-4.52254056930542,-4.415737628936768,-4.2713823318481445,-4.148989200592041,-3.1270699501037598,-3.5933279991149902,-3.6506683826446533,-3.5130059719085693,-3.3343162536621094,-3.1467647552490234,-2.9502854347229004,-2.759901523590088,-2.5983448028564453,-2.6099143028259277,-2.530979633331299,-1.059319019317627,-0.6890993118286133,-0.4120641052722931,-0.12896457314491272,-1.0422378778457642,-1.2903621196746826,-1.1147286891937256,-0.37232381105422974,-0.7238454222679138,-1.3868367671966553,-0.27791446447372437,-1.1063666343688965,-0.5904378890991211,-1.5812255144119263,-0.20807895064353943,-0.014277016744017601,0.35873860120773315,-0.102028489112854,-0.028992220759391785
-5.279534339904785,-5.197766304016113,-5.140084743499756,-5.0459699630737305,-4.95625114440918,-4.864289283752441,-4.75834846496582,-4.661445140838623,-4.54288387298584,-4.419758319854736,-4.301482677459717,-4.154940605163574,-3.9882616996765137,-3.5942041873931885,-3.5728535652160645,-3.552851676940918,-3.39461612701416,-3.20798921585083,-3.0167312622070312,-2.815302610397339,-2.6323788166046143,-2.5272719860076904,-2.5518240928649902,-2.369793653488159,-0.9654175043106079,-0.5916990041732788,-0.2826809883117676,-0.11745859682559967,-0.5343330502510071,-1.6016274690628052,0.5073155164718628,-0.9587496519088745,-0.5926519632339478,-0.6150033473968506,-0.41973355412483215,-0.6969850063323975,-0.9154059886932373,-1.4108332395553589,-1.787949800491333,-1.3703711032867432,0.19972169399261475,-0.008899234235286713,0.4426993727684021
-5.229959964752197,-5.142428874969482,-5.077739238739014,-4.9763407707214355,-4.883310317993164,-4.777375221252441,-4.679150581359863,-4.566974639892578,-4.4458699226379395,-4.316390514373779,-4.18973970413208,-4.043763160705566,-3.7986862659454346,-3.539872646331787,-3.522585153579712,-3.4397003650665283,-3.257966995239258,-3.080148220062256,-2.894305944442749,-2.6882340908050537,-2.5156421661376953,-2.4690377712249756,-2.5038938522338867,-2.2380075454711914,-0.979600191116333,-0.3858889937400818,-0.3175966441631317,-0.5050219893455505,0.2825166583061218,-1.29469633102417,-1.079970121383667,-0.9969685077667236,-0.7405681610107422,-1.005829095840454,0.46684038639068604,-0.5898771286010742,-1.4400402307510376,-1.7041568756103516,-1.3067359924316406,-0.36027687788009644,-0.20215003192424774,0.2809726893901825,0.13727720081806183
-5.1829328536987305,-5.086835861206055,-5.0176310539245605,-4.9108428955078125,-4.7983880043029785,-4.695880889892578,-4.590476036071777,-4.466188430786133,-4.347748279571533,-4.217113494873047,-4.077775001525879,-3.9521827697753906,-3.2888739109039307,-3.474977970123291,-3.4281389713287354,-3.301848888397217,-3.137956142425537,-2.954637050628662,-2.7616100311279297,-2.5706374645233154,-2.4177086353302,-2.420264720916748,-2.5634779930114746,-1.4988603591918945,-0.7299914360046387,-0.21220314502716064,-0.3122040629386902,-0.23300699889659882,-0.6056591272354126,-0.10022900253534317,-1.4110969305038452,-0.20129498839378357,-0.920011579990387,-0.9968714714050293,-0.09194700419902802,-1.0327682495117188,-0.9550744295120239,-0.20894308388233185,0.3157655894756317,-0.4408634603023529,0.0572977252304554,0.036018744111061096,-0.8293088674545288
-5.133979797363281,-5.03144645690918,-4.95698881149292,-4.845063209533691,-4.720751762390137,-4.615375518798828,-4.49883508682251,-4.371811389923096,-4.243118762969971,-4.109108924865723,-3.9682278633117676,-3.670661687850952,-3.536876678466797,-3.4127120971679688,-3.328745126724243,-3.175598382949829,-3.00338077545166,-2.831155300140381,-2.641230583190918,-2.4548940658569336,-2.326260805130005,-2.366539478302002,-2.582973003387451,-1.4402458667755127,-0.672417163848877,-0.24259616434574127,0.09625101089477539,-0.14083607494831085,-0.3291661739349365,-0.15447555482387543,-0.9098206758499146,-0.721735954284668,-1.0575921535491943,-0.31164392828941345,-0.5593210458755493,-1.8422106504440308,-0.6621643304824829,0.1642375886440277,0.5438798666000366,0.5838080048561096,0.6809330582618713,-0.6318498253822327,0.25590622425079346
