wind_DJF_night_3x3.json
{"header": {"parameterCategory": 2, "parameterUnit": "m/s", "nx": 74, "ny": 94, "lo1": 118.693, "la1": 26.2568353691, "lo2": 123.2203272787, "la2": 21.0494, "dx": 0.0620181819, "dy": 0.0559939287, "refTime": "2025-01-01 00:00:00", "forecastTime": 0, "parameterNumber": 3}, "data":
[rows 0 to 18 of 94, columns 0 to 42 of 74]
2.1057121753692627,1.4190856218338013,0.6026734113693237,0.24494169652462006,-0.5317575931549072,-0.9571934938430786,-1.9774529933929443,-2.7972333431243896,-2.9767935276031494,-2.793233633041382,-2.0717437267303467,-1.765926718711853,-1.4867966175079346,-1.7901995182037354,-2.185210704803467,-3.345945119857788,-4.306607723236084,-4.162657260894775,-5.6169891357421875,-8.356024742126465,-8.290912628173828,-8.115872383117676,-8.33606243133545,-8.46255111694336,-8.538747787475586,-8.617681503295898,-8.653748512268066,-8.665862083435059,-8.645729064941406,-8.602791786193848,-8.532552719116211,-8.446712493896484,-8.34799575805664,-8.23044204711914,-8.096372604370117,-7.9586615562438965,-7.829211235046387,-7.701510429382324,-7.576185703277588,-7.449400901794434,-7.322308540344238,-7.199562072753906,-7.075779914855957
0.46380770206451416,0.3577257990837097,0.6773877143859863,1.084617257118225,1.5367388725280762,1.489349603652954,0.9103314876556396,-0.2609879672527313,-1.6621760129928589,-2.3625426292419434,-2.3232712745666504,-1.983676791191101,-1.2578078508377075,-1.1429593563079834,-1.7474775314331055,-3.4831645488739014,-5.944511890411377,-6.173030853271484,-7.224118232727051,-8.449082374572754,-8.400323867797852,-8.382143020629883,-8.525545120239258,-8.598067283630371,-8.650331497192383,-8.707220077514648,-8.726365089416504,-8.71043872833252,-8.67367935180664,-8.617109298706055,-8.53971004486084,-8.445755958557129,-8.335528373718262,-8.20665168762207,-8.070075035095215,-7.936347007751465,-7.807038307189941,-7.677659034729004,-7.550472736358643,-7.421684741973877,-7.2936320304870605,-7.165548801422119,-7.037441253662109
-0.3466501533985138,-0.16887007653713226,0.6991363167762756,1.2367098331451416,1.94754958152771,2.052288055419922,1.4988559484481812,0.7293700575828552,0.10912907868623734,-1.1781022548675537,-2.0298995971679688,-2.1311731338500977,-1.9043067693710327,-1.6011440753936768,-1.7981432676315308,-4.084598541259766,-6.78751277923584,-7.1628522872924805,-7.8609137535095215,-8.453572273254395,-8.210602760314941,-8.558233261108398,-8.685197830200195,-8.732866287231445,-8.770753860473633,-8.806285858154297,-8.80341911315918,-8.76978874206543,-8.721420288085938,-8.656723976135254,-8.571670532226562,-8.470317840576172,-8.3497314453125,-8.219372749328613,-8.086774826049805,-7.953646659851074,-7.828958034515381,-7.703245639801025,-7.5763373374938965,-7.447329521179199,-7.315645217895508,-7.182600498199463,-7.050897598266602
-0.23966044187545776,-0.028505459427833557,0.3386777639389038,0.20651979744434357,1.0107886791229248,1.176985263824463,1.318988561630249,0.670137345790863,-0.39220044016838074,-0.4981178045272827,-1.162900447845459,-2.130492687225342,-1.8517444133758545,-2.611302137374878,-3.367967128753662,-4.096113204956055,-6.833950519561768,-7.335659027099609,-7.981865882873535,-8.359251022338867,-7.981347560882568,-8.66582202911377,-8.762746810913086,-8.805938720703125,-8.842680931091309,-8.858003616333008,-8.842413902282715,-8.799700736999512,-8.740290641784668,-8.671541213989258,-8.583015441894531,-8.474189758300781,-8.352198600769043,-8.221534729003906,-8.092920303344727,-7.9673895835876465,-7.848176002502441,-7.732154846191406,-7.609463214874268,-7.484813690185547,-7.347535610198975,-7.211827754974365,-7.071076393127441
0.03662772849202156,0.4871203601360321,0.20332348346710205,-0.5005103349685669,-1.7747571468353271,-0.4540865421295166,0.6127176880836487,1.2522387504577637,0.35369595885276794,-0.41027745604515076,-0.3184875249862671,-0.8256744742393494,-3.363748788833618,-2.1049294471740723,-1.4688528776168823,-5.287915229797363,-7.0936079025268555,-7.6462812423706055,-8.135089874267578,-8.316595077514648,-8.513501167297363,-8.730290412902832,-8.816755294799805,-8.866000175476074,-8.891166687011719,-8.888236999511719,-8.851141929626465,-8.794219017028809,-8.725025177001953,-8.64067268371582,-8.540321350097656,-8.423955917358398,-8.293947219848633,-8.1576509475708,-8.03052806854248,-7.906200885772705,-7.795344829559326,-7.672479152679443,-7.5478973388671875,-7.415327548980713,-7.275710105895996,-7.1258864402771,-6.993459224700928
0.5075041055679321,0.5075041055679321,-0.05688750743865967,-0.6081568002700806,-0.6551918983459473,-1.9829739332199097,-2.589569568634033,-1.48549485206604,-1.1159025430679321,-0.5265910625457764,0.5196164846420288,0.22531336545944214,-0.27772757411003113,-3.6186842918395996,-3.4079461097717285,-2.7983126640319824,-5.522030830383301,-7.935358047485352,-8.247246742248535,-8.433530807495117,-8.54692554473877,-8.749451637268066,-8.861200332641602,-8.91672134399414,-8.934062004089355,-8.91045093536377,-8.860806465148926,-8.800201416015625,-8.718692779541016,-8.621177673339844,-8.517301559448242,-8.39316177368164,-8.252547264099121,-8.124588012695312,-8.002264022827148,-7.879951000213623,-7.762790203094482,-7.636357307434082,-7.502416610717773,-7.356406211853027,-7.221195220947266,-7.080114364624023,-6.941556930541992
-0.8162312507629395,-0.5233961343765259,-0.9802660346031189,-1.1687955856323242,-1.110705018043518,0.3416045904159546,-0.09777812659740448,-2.817595958709717,-1.8030555248260498,0.5319845080375671,-1.4832098484039307,-1.3507112264633179,-1.485290765762329,0.29284176230430603,-1.668069839477539,-3.1668665409088135,-6.411343097686768,-8.217885971069336,-8.398675918579102,-8.58338451385498,-8.74870491027832,-9.069462776184082,-8.91901969909668,-8.971712112426758,-8.97022819519043,-8.93031120300293,-8.873244285583496,-8.804388046264648,-8.709418296813965,-8.610215187072754,-8.496516227722168,-8.368572235107422,-8.229486465454102,-8.109590530395508,-7.980952739715576,-7.859550476074219,-7.738472938537598,-7.607256889343262,-7.455848693847656,-7.311178207397461,-7.175353527069092,-7.0247602462768555,-6.890628814697266
-1.012660264968872,-1.156982660293579,-1.4859222173690796,-0.6809983849525452,-0.36998841166496277,0.7504822015762329,2.7257344722747803,-2.3939764499664307,-0.7858235836029053,-1.6534870862960815,-1.8518702983856201,-0.3905235826969147,-1.563327431678772,-2.582803726196289,-1.8657671213150024,-4.38149881362915,-7.911547660827637,-8.365272521972656,-8.559688568115234,-8.714256286621094,-8.678583145141602,-8.988499641418457,-8.990382194519043,-9.01364517211914,-9.000906944274902,-8.9552001953125,-8.896514892578125,-8.816787719726562,-8.720314025878906,-8.611793518066406,-8.483575820922852,-8.354446411132812,-8.219499588012695,-8.100420951843262,-7.96861457824707,-7.841024398803711,-7.705641746520996,-7.562150955200195,-7.413259506225586,-7.267697334289551,-7.118401527404785,-6.977258205413818,-6.839835166931152
-0.4404118061065674,-1.498931646347046,-1.8127871751785278,-1.122489094734192,-0.362856388092041,1.487730860710144,0.04624819755554199,-1.1746318340301514,-2.1474862098693848,-2.9854493141174316,-3.62709641456604,-4.734164714813232,-4.153799533843994,-1.5639054775238037,0.1509099304676056,-6.166032791137695,-8.054859161376953,-8.533699035644531,-8.723051071166992,-8.836005210876465,-8.903711318969727,-9.034863471984863,-9.064057350158691,-9.065874099731445,-9.030418395996094,-8.97755241394043,-8.914750099182129,-8.82794189453125,-8.72428035736084,-8.60267162322998,-8.474035263061523,-8.346970558166504,-8.217982292175293,-8.097088813781738,-7.968279838562012,-7.824655532836914,-7.66933536529541,-7.515981674194336,-7.36293363571167,-7.216992378234863,-7.071261882781982,-6.9222412109375,-6.774351596832275
0.5399447083473206,-0.6635801792144775,-1.5718538761138916,-1.7065796852111816,-2.0348381996154785,-2.28253436088562,-2.69107723236084,-1.8663134574890137,-0.7845791578292847,-3.3256301879882812,-3.7816553115844727,-1.5758365392684937,-3.8656697273254395,-6.232357025146484,-6.533727169036865,-7.59555721282959,-8.564770698547363,-8.820178985595703,-8.918243408203125,-8.996780395507812,-9.056181907653809,-9.116549491882324,-9.135760307312012,-9.126845359802246,-9.07670783996582,-9.020602226257324,-8.936042785644531,-8.836276054382324,-8.738149642944336,-8.609356880187988,-8.487799644470215,-8.350725173950195,-8.22612190246582,-8.09464168548584,-7.946958541870117,-7.795041084289551,-7.639077663421631,-7.4777512550354,-7.323075771331787,-7.163161277770996,-7.009644508361816,-6.858825206756592,-6.715651512145996
0.7697833776473999,-0.19056931138038635,-0.9379369616508484,-1.4661626815795898,-2.6242265701293945,-3.3890864849090576,-2.3979153633117676,0.6401107907295227,0.9897960424423218,-1.8517053127288818,-1.4930791854858398,-1.7064616680145264,-0.23292484879493713,-2.9334659576416016,-6.890299320220947,-9.734512329101562,-9.271852493286133,-9.118578910827637,-9.114705085754395,-9.15038013458252,-9.196537017822266,-9.214552879333496,-9.2060546875,-9.181327819824219,-9.139564514160156,-9.064163208007812,-8.964451789855957,-8.857901573181152,-8.748350143432617,-8.620266914367676,-8.496721267700195,-8.36473274230957,-8.236555099487305,-8.09058952331543,-7.929999351501465,-7.7732253074646,-7.611529350280762,-7.443572521209717,-7.267895221710205,-7.106614112854004,-6.942016124725342,-6.785034656524658,-6.653409957885742
-1.1301422119140625,-1.2665151357650757,-1.6881382465362549,-1.4443168640136719,-1.3067892789840698,-0.9927830696105957,-2.1507887840270996,-2.862334966659546,-2.270747184753418,-3.3751771450042725,-3.9168007373809814,-3.806934356689453,-1.911322832107544,-4.123047828674316,-7.985437870025635,-10.005521774291992,-9.357741355895996,-8.698205947875977,-9.04690933227539,-9.246347427368164,-9.298471450805664,-9.309957504272461,-9.293957710266113,-9.248186111450195,-9.183551788330078,-9.104297637939453,-9.003422737121582,-8.8952054977417,-8.77538013458252,-8.648567199707031,-8.517739295959473,-8.386526107788086,-8.244318008422852,-8.088265419006348,-7.9264326095581055,-7.759971618652344,-7.579634666442871,-7.392322540283203,-7.226127624511719,-7.042442798614502,-6.880123138427734,-6.724804401397705,-6.567479133605957
-2.724992036819458,-2.4279043674468994,-2.5591349601745605,-1.7655282020568848,-2.0850415229797363,-2.2139785289764404,-3.9411325454711914,-4.062473773956299,-1.1685659885406494,-3.087219476699829,-3.0004196166992188,-3.4148011207580566,-2.877730131149292,-6.723270416259766,-8.837739944458008,-9.867332458496094,-9.165285110473633,-5.9860687255859375,-7.017025947570801,-9.377506256103516,-9.431570053100586,-9.421456336975098,-9.37822437286377,-9.320207595825195,-9.246734619140625,-9.150473594665527,-9.055306434631348,-8.94195556640625,-8.812649726867676,-8.687444686889648,-8.54422378540039,-8.406209945678711,-8.251887321472168,-8.080437660217285,-7.910471439361572,-7.72489070892334,-7.530364513397217,-7.341920375823975,-7.156169414520264,-6.977662563323975,-6.803476333618164,-6.63204288482666,-6.47639274597168
-3.299039363861084,-2.901890754699707,-2.8970935344696045,-2.5659730434417725,-3.759298801422119,-2.277020215988159,-1.9689209461212158,-1.8222914934158325,-5.142844200134277,-6.855561256408691,-3.9321980476379395,-3.4549803733825684,-3.8568835258483887,-6.526836395263672,-6.082925796508789,-9.554267883300781,-8.481521606445312,-5.043027400970459,-7.069177627563477,-10.001306533813477,-9.662115097045898,-9.55891227722168,-9.476374626159668,-9.39784049987793,-9.309328079223633,-9.211516380310059,-9.101485252380371,-8.982532501220703,-8.851688385009766,-8.717008590698242,-8.576531410217285,-8.424097061157227,-8.257160186767578,-8.080849647521973,-7.891380786895752,-7.688302040100098,-7.484623908996582,-7.291098594665527,-7.099999904632568,-6.899661540985107,-6.710997104644775,-6.529541969299316,-6.363681793212891
-3.4185521602630615,-3.3417797088623047,-2.9055919647216797,-3.74650239944458,-3.1728129386901855,-2.3317370414733887,0.539387583732605,-1.1584640741348267,-2.3642501831054688,-5.824410915374756,-6.467319965362549,-7.181552886962891,-6.607796669006348,-4.956799507141113,-5.3597822189331055,-9.255643844604492,-7.23656702041626,-4.446229934692383,-9.267396926879883,-10.088921546936035,-9.848461151123047,-9.707369804382324,-9.59383773803711,-9.489419937133789,-9.39155101776123,-9.279553413391113,-9.15615463256836,-9.027287483215332,-8.89372444152832,-8.758421897888184,-8.607202529907227,-8.445244789123535,-8.27381706237793,-8.080196380615234,-7.885313510894775,-7.670433044433594,-7.4595723152160645,-7.24241828918457,-7.019307613372803,-6.814478397369385,-6.623284816741943,-6.416019916534424,-6.2296247482299805
-3.146883249282837,-3.5361719131469727,-3.1454319953918457,-3.3775455951690674,-3.172811985015869,-1.1842091083526611,-0.746720016002655,-1.6080374717712402,-6.161533355712891,-7.915020942687988,-6.949768543243408,-8.365696907043457,-7.653558731079102,-4.999574661254883,-7.001007556915283,-7.3998188972473145,-7.921596050262451,-5.952388286590576,-9.044076919555664,-10.071020126342773,-9.980376243591309,-9.831365585327148,-9.69909381866455,-9.58210563659668,-9.468488693237305,-9.350199699401855,-9.226789474487305,-9.083019256591797,-8.942182540893555,-8.795122146606445,-8.63576602935791,-8.472825050354004,-8.285463333129883,-8.084815979003906,-7.875289440155029,-7.656394958496094,-7.427238464355469,-7.194626808166504,-6.964546203613281,-6.737051963806152,-6.503477096557617,-6.287368297576904,-6.081416606903076
-2.2371392250061035,-3.2096056938171387,-3.859250068664551,-3.966395616531372,-1.4808012247085571,-1.1708245277404785,-1.6526092290878296,-3.566143274307251,-7.489360809326172,-7.705442428588867,-8.66599178314209,-8.716188430786133,-8.495692253112793,-7.448075294494629,-9.585874557495117,-6.9402689933776855,-8.45201587677002,-9.08528995513916,-9.963732719421387,-10.170668601989746,-10.072486877441406,-9.935030937194824,-9.796876907348633,-9.669154167175293,-9.543481826782227,-9.419940948486328,-9.286581039428711,-9.147261619567871,-8.989656448364258,-8.837604522705078,-8.669244766235352,-8.496512413024902,-8.293851852416992,-8.090475082397461,-7.871245384216309,-7.63647985458374,-7.396072864532471,-7.154723644256592,-6.913455486297607,-6.656257152557373,-6.402682304382324,-6.153776168823242,-5.910030841827393
-1.6131031513214111,-2.4764046669006348,-3.169158935546875,-4.065651893615723,-3.907219886779785,-4.205312252044678,-3.22109317779541,-4.249951362609863,-5.462306976318359,-7.213994026184082,-8.259203910827637,-8.902585983276367,-8.947933197021484,-8.999834060668945,-9.095108985900879,-9.159515380859375,-8.074604988098145,-9.865047454833984,-10.150129318237305,-10.221586227416992,-10.139973640441895,-10.018463134765625,-9.889701843261719,-9.756075859069824,-9.622089385986328,-9.493643760681152,-9.357086181640625,-9.208535194396973,-9.047107696533203,-8.880138397216797,-8.711604118347168,-8.521139144897461,-8.312318801879883,-8.099191665649414,-7.869174480438232,-7.624151706695557,-7.376439571380615,-7.124557971954346,-6.872302532196045,-6.595332145690918,-6.321881294250488,-6.038966655731201,-5.734793186187744
-1.536458134651184,-1.5716757774353027,-2.975709915161133,-3.089672803878784,-4.124197959899902,-4.733675003051758,-3.601245880126953,-4.346054553985596,-5.03964900970459,-6.833956718444824,-6.208137035369873,-9.186996459960938,-9.234012603759766,-9.548734664916992,-9.280176162719727,-9.757206916809082,-9.735437393188477,-10.181374549865723,-10.26966667175293,-10.276007652282715,-10.200033187866211,-10.092742919921875,-9.972885131835938,-9.840189933776855,-9.70205307006836,-9.570632934570312,-9.419517517089844,-9.26776123046875,-9.107009887695312,-8.938488960266113,-8.754838943481445,-8.54298210144043,-8.33000659942627,-8.108623504638672,-7.861408710479736,-7.612228870391846,-7.34776496887207,-7.084949016571045,-6.817821979522705,-6.5408148765563965,-6.253297805786133,-5.9495086669921875,-5.625338077545166
