wind_DJF_day_4x4.json
{"header": {"parameterCategory": 2, "parameterUnit": "m/s", "nx": 55, "ny": 70, "lo1": 118.693, "la1": 26.200841440399998, "lo2": 123.1583090968, "la2": 21.0494, "dx": 0.0826909092, "dy": 0.0746585716, "refTime": "2025-01-01 00:00:00", "forecastTime": 0, "parameterNumber": 2}, "data":
[rows 19 to 37 of 70, columns 0 to 42 of 55]
-4.679387092590332,-5.890472412109375,-6.102810859680176,-6.041292190551758,-5.926018238067627,-5.752044677734375,-5.627754211425781,-5.538105010986328,-5.45155668258667,-5.372015476226807,-5.292515754699707,-5.212111473083496,-5.137134552001953,-5.102334022521973,-5.101093292236328,-5.121469020843506,-5.157833099365234,-5.200443267822266,-5.278280735015869,-5.373427867889404,-5.47308874130249,-5.583410739898682,-5.697657585144043,-5.8050642013549805,-5.8485236167907715,-5.763514041900635,-5.248867988586426,-2.1716625690460205,-0.8920894861221313,-1.472663164138794,-1.7018684148788452,-1.0677376985549927,-0.5123635530471802,-1.3620959520339966,-0.5004047155380249,-1.102492332458496,-0.6778438687324524,-0.5634194612503052,-1.9639644622802734,-2.161327838897705,-2.1487677097320557,-2.38472843170166,-2.6594226360321045
-4.34597110748291,-5.9654741287231445,-6.073845386505127,-6.073442459106445,-5.920367240905762,-5.751766681671143,-5.633706092834473,-5.537945747375488,-5.460175037384033,-5.392252445220947,-5.311349391937256,-5.230595111846924,-5.171510219573975,-5.140875816345215,-5.150739669799805,-5.150720596313477,-5.168423652648926,-5.1989545822143555,-5.260571002960205,-5.328764915466309,-5.406047821044922,-5.500319004058838,-5.57257604598999,-5.592428207397461,-5.5111188888549805,-5.146013259887695,-4.044933319091797,-1.102065086364746,-0.42351120710372925,-0.5037814974784851,-0.6878442168235779,-0.36769774556159973,-0.8172078132629395,-1.0571675300598145,-0.2109663039445877,-0.5287263989448547,-0.6543533205986023,-0.5209506154060364,-1.2896276712417603,-1.655604600906372,-1.9605531692504883,-2.2568047046661377,-2.5892844200134277
-5.89006233215332,-5.885261535644531,-6.008019924163818,-6.025856018066406,-5.90402364730835,-5.752106189727783,-5.629642963409424,-5.540441036224365,-5.463672161102295,-5.387604713439941,-5.316817283630371,-5.240731239318848,-5.201638221740723,-5.17540979385376,-5.158261775970459,-5.157414436340332,-5.154691696166992,-5.164719104766846,-5.202026844024658,-5.2426652908325195,-5.297357082366943,-5.3433380126953125,-5.348148345947266,-5.270685195922852,-5.003897190093994,-4.083654880523682,-0.8016784191131592,-0.4458969533443451,-0.678676962852478,-0.28867316246032715,-0.44445449113845825,-0.5646979808807373,-0.8190953135490417,-0.9956528544425964,-1.0955361127853394,-0.5217989683151245,-0.6808046102523804,-0.5018811821937561,-0.5085280537605286,-0.7548838257789612,-1.4622529745101929,-2.0075085163116455,-2.478936195373535
-6.237669944763184,-5.824673652648926,-5.963587760925293,-5.975200176239014,-5.868851184844971,-5.737791061401367,-5.622987747192383,-5.53176212310791,-5.460152626037598,-5.388157367706299,-5.31450891494751,-5.2575860023498535,-5.208179473876953,-5.17714786529541,-5.146416664123535,-5.124824523925781,-5.107096195220947,-5.103625297546387,-5.108856201171875,-5.121210098266602,-5.1275315284729,-5.103123188018799,-5.0256452560424805,-4.837498664855957,-4.483290195465088,-1.185214638710022,0.10707972943782806,0.024305377155542374,-0.12127190828323364,-0.6282647848129272,0.6871522665023804,-0.7413216233253479,0.010043623857200146,-1.2532851696014404,-0.44322940707206726,-1.1729761362075806,-0.4953005909919739,-0.24289241433143616,0.09618958830833435,0.10431250929832458,-0.9565001726150513,-1.8438535928726196,-2.403125286102295
-6.2075724601745605,-5.840142250061035,-5.94728946685791,-5.928822994232178,-5.825957775115967,-5.711970329284668,-5.6096906661987305,-5.5221381187438965,-5.444999694824219,-5.3769659996032715,-5.31024169921875,-5.247674942016602,-5.198721408843994,-5.160714149475098,-5.112974166870117,-5.064150333404541,-5.0339837074279785,-5.006296157836914,-4.981874465942383,-4.9533185958862305,-4.904760360717773,-4.802483081817627,-4.629395484924316,-4.3142194747924805,-2.351497173309326,-0.5271437168121338,0.2461276352405548,0.3613017797470093,0.5400699973106384,-0.37517473101615906,0.1319676637649536,-0.2558819055557251,-0.6279774904251099,-1.31682550907135,-0.5295612215995789,-0.6581919193267822,-0.4231588840484619,-0.23123915493488312,-0.5534214973449707,-0.5182572603225708,-0.9542868137359619,-1.773646354675293,-2.3665904998779297
-6.092667579650879,-5.886708736419678,-5.940170764923096,-5.886951923370361,-5.776906967163086,-5.683932304382324,-5.586914539337158,-5.499490737915039,-5.43000602722168,-5.35924768447876,-5.290456295013428,-5.229154586791992,-5.176969528198242,-5.115906715393066,-5.055582046508789,-4.988132476806641,-4.929215908050537,-4.877650260925293,-4.812747001647949,-4.73933744430542,-4.625236511230469,-4.44078254699707,-4.150895118713379,-3.5456979274749756,-0.20479819178581238,-0.5156794190406799,0.9470911622047424,1.1296825408935547,1.1966564655303955,1.200425148010254,0.7949097156524658,0.04156506061553955,-1.3039934635162354,0.7041247487068176,-1.1667019128799438,-1.2474232912063599,-1.3361833095550537,-0.6276758313179016,-1.48853600025177,-1.1075392961502075,-1.2313659191131592,-1.855953335762024,-2.3895931243896484
-6.018594741821289,-5.91930627822876,-5.9222564697265625,-5.847465515136719,-5.741288661956787,-5.6451616287231445,-5.560347557067871,-5.4743218421936035,-5.3980841636657715,-5.329479694366455,-5.258790969848633,-5.195850372314453,-5.124042510986328,-5.0547990798950195,-4.970610618591309,-4.885223865509033,-4.801875114440918,-4.7150421142578125,-4.610957145690918,-4.477749824523926,-4.298141002655029,-4.018849849700928,-3.5985255241394043,-1.0799567699432373,0.7226136922836304,-0.05989605188369751,0.1510622203350067,1.178646445274353,1.5843539237976074,0.35052600502967834,-1.2483218908309937,-0.7102720737457275,-0.5735633969306946,-0.22406311333179474,-0.9800669550895691,-0.7334963083267212,-0.8371042609214783,-1.180607557296753,-1.52394437789917,-1.4678547382354736,-1.5320446491241455,-2.0065908432006836,-2.5038352012634277
-5.993279933929443,-5.917259693145752,-5.894601821899414,-5.8085103034973145,-5.699728965759277,-5.61098575592041,-5.525705337524414,-5.442291259765625,-5.363934516906738,-5.289379119873047,-5.215007305145264,-5.145351409912109,-5.0584306716918945,-4.96051549911499,-4.866054534912109,-4.757512092590332,-4.654138088226318,-4.523931980133057,-4.374044895172119,-4.180315971374512,-3.9267210960388184,-3.551280975341797,-2.446871757507324,-0.1054103821516037,1.1335344314575195,0.8403351902961731,0.9657772779464722,1.4011262655258179,0.8110827803611755,-0.6527847051620483,0.057300444692373276,-0.4546741843223572,-0.5238694548606873,-1.7518267631530762,-0.5692246556282043,-0.5795634388923645,-1.1135445833206177,-2.079371452331543,-1.980183720588684,-1.770240068435669,-1.8346343040466309,-2.183619976043701,-2.6152994632720947
-5.967280387878418,-5.883246421813965,-5.853289604187012,-5.759737014770508,-5.665613651275635,-5.571573734283447,-5.488900184631348,-5.395003318786621,-5.326897621154785,-5.243156433105469,-5.161052703857422,-5.0717010498046875,-4.980708122253418,-4.858542442321777,-4.740322113037109,-4.618897914886475,-4.477049350738525,-4.306268215179443,-4.102991104125977,-3.8462939262390137,-3.5258946418762207,-3.092524528503418,-0.35248637199401855,0.8048930168151855,0.9520667791366577,1.0459152460098267,1.1075117588043213,1.3583154678344727,0.7587628364562988,1.0546091794967651,-1.2189632654190063,0.5387863516807556,-0.4583372175693512,-1.523388147354126,-0.8712428212165833,-1.3691445589065552,-2.1097588539123535,-2.6276698112487793,-2.494647979736328,-2.1026482582092285,-2.1252903938293457,-2.3970766067504883,-2.750998020172119
-5.924991130828857,-5.826898574829102,-5.805948734283447,-5.715048313140869,-5.6194539070129395,-5.530401706695557,-5.437054634094238,-5.353054046630859,-5.278378486633301,-5.1833624839782715,-5.093342304229736,-4.986817836761475,-4.876590728759766,-4.746758937835693,-4.601550102233887,-4.459990501403809,-4.281503677368164,-4.06233549118042,-3.805997848510742,-3.4812870025634766,-3.059717893600464,-1.4546505212783813,0.43991798162460327,0.5687559247016907,1.2321503162384033,1.689665675163269,1.611581802368164,1.665802240371704,1.2501791715621948,1.1339938640594482,0.8307840824127197,0.06813433766365051,-0.6620091199874878,-0.3192828595638275,-0.922143280506134,-1.2381727695465088,-2.0975728034973145,-3.2162909507751465,-2.7869954109191895,-2.4017999172210693,-2.3612377643585205,-2.615297555923462,-2.903385639190674
-5.868901252746582,-5.759831428527832,-5.756044387817383,-5.6669158935546875,-5.5694804191589355,-5.475525379180908,-5.381710529327393,-5.3038177490234375,-5.218067169189453,-5.120759010314941,-5.012905120849609,-4.899247169494629,-4.762678623199463,-4.6102399826049805,-4.453487396240234,-4.280233383178711,-4.065523147583008,-3.803990125656128,-3.479198932647705,-3.0834290981292725,-2.5567259788513184,-0.10658545792102814,0.7278900146484375,1.162941336631775,1.3372961282730103,1.6973249912261963,1.9964947700500488,2.35498046875,1.593833088874817,-0.3282717168331146,0.6252347826957703,0.11889883130788803,-1.3615647554397583,-0.29397279024124146,-0.9452563524246216,-1.7425388097763062,-2.930454730987549,-3.206981897354126,-2.8907012939453125,-2.6112961769104004,-2.5753631591796875,-2.807107448577881,-3.038546085357666
-5.801340103149414,-5.690081596374512,-5.70186185836792,-5.616440773010254,-5.508939743041992,-5.415843963623047,-5.33126974105835,-5.242900371551514,-5.139165878295898,-5.0475687980651855,-4.92017936706543,-4.790485382080078,-4.629295349121094,-4.467555046081543,-4.287416458129883,-4.082632064819336,-3.8350918292999268,-3.520270347595215,-3.125227689743042,-2.617985248565674,-1.3460721969604492,0.6408610343933105,1.2723413705825806,1.4697257280349731,1.3856241703033447,2.5951180458068848,2.248098850250244,1.9745328426361084,1.542342185974121,1.7492787837982178,1.3758926391601562,0.1509586125612259,-0.6818199753761292,-1.317805290222168,-0.45847171545028687,-0.7051084637641907,-3.0507242679595947,-3.0775885581970215,-2.8874101638793945,-2.7463438510894775,-2.7726712226867676,-2.958543300628662,-3.1455483436584473
-5.726120471954346,-5.622655391693115,-5.649567127227783,-5.556778907775879,-5.448847770690918,-5.351032257080078,-5.2653374671936035,-5.164927959442139,-5.061941146850586,-4.954047679901123,-4.808095455169678,-4.658677101135254,-4.489782333374023,-4.313138484954834,-4.107154369354248,-3.8705239295959473,-3.583889961242676,-3.2185585498809814,-2.7547318935394287,-2.110100030899048,0.05429857596755028,0.9543379545211792,1.3125433921813965,1.2291356325149536,0.598702609539032,1.4996668100357056,1.844094157218933,1.1592957973480225,1.2971622943878174,1.6500892639160156,-0.004929809365421534,0.09042646735906601,-1.2265745401382446,-0.24296468496322632,-0.916057825088501,-1.2593318223953247,-2.8365583419799805,-2.9678163528442383,-2.881316900253296,-2.83077335357666,-2.8844783306121826,-3.073716163635254,-3.280898094177246
-5.649377822875977,-5.554394721984863,-5.592136859893799,-5.494785308837891,-5.381100654602051,-5.286002159118652,-5.192760467529297,-5.085831642150879,-4.9708685874938965,-4.839529991149902,-4.689201831817627,-4.518003463745117,-4.330594062805176,-4.133284091949463,-3.9089508056640625,-3.6489644050598145,-3.323549509048462,-2.9090304374694824,-2.4424381256103516,-1.2743562459945679,0.541229248046875,1.062455177307129,1.3282275199890137,1.7128751277923584,1.0871020555496216,1.4436774253845215,2.0993638038635254,1.3467375040054321,-0.258149117231369,1.6397268772125244,-0.5276768207550049,-1.2699898481369019,-1.1628139019012451,-1.212812900543213,-0.7941263914108276,-1.6201796531677246,-2.771836519241333,-2.8785653114318848,-2.8752546310424805,-2.892080545425415,-2.981829881668091,-3.1728804111480713,-3.3614418506622314
-5.572423934936523,-5.4856061935424805,-5.5272321701049805,-5.420787811279297,-5.315035343170166,-5.214329242706299,-5.111770153045654,-4.996249675750732,-4.869210243225098,-4.717034816741943,-4.549483299255371,-4.358957767486572,-4.162625312805176,-3.9427108764648438,-3.702888011932373,-3.411831855773926,-3.055309772491455,-2.612149715423584,-1.3532679080963135,-0.02486773207783699,0.8160090446472168,1.1930086612701416,1.4889438152313232,1.6825093030929565,1.329394817352295,1.6530568599700928,1.4789972305297852,1.5614373683929443,0.7156364321708679,1.495840072631836,-0.07919865101575851,-1.0487072467803955,-1.073608160018921,-1.767533779144287,-0.5924296379089355,-1.7274802923202515,-2.6865973472595215,-2.8055200576782227,-2.8633570671081543,-2.922527551651001,-3.0932626724243164,-3.262586832046509,-3.449281692504883
-5.498238563537598,-5.419576168060303,-5.459010601043701,-5.3528008460998535,-5.2423882484436035,-5.1424431800842285,-5.025107383728027,-4.903495788574219,-4.755960941314697,-4.594535827636719,-4.4083356857299805,-4.1763715744018555,-3.975360870361328,-3.745159149169922,-3.4791007041931152,-3.1621222496032715,-2.765108823776245,-2.240835189819336,-0.6954257488250732,0.40670153498649597,0.9597524404525757,1.1447361707687378,1.2938451766967773,1.4093000888824463,1.364342212677002,0.9331493377685547,-0.5331745147705078,1.1280702352523804,-1.2112433910369873,0.929286003112793,-0.18134063482284546,-1.4677443504333496,-1.075911045074463,-0.7841451168060303,-0.6181600093841553,-1.646087408065796,-2.582352638244629,-2.721132516860962,-2.847184181213379,-2.9665725231170654,-3.1507985591888428,-3.3291444778442383,-3.521036386489868
-5.425632476806641,-5.3543314933776855,-5.387327671051025,-5.274112701416016,-5.168720245361328,-5.054500579833984,-4.931218147277832,-4.798007488250732,-4.64027214050293,-4.488239288330078,-4.068659782409668,-4.258968353271484,-3.7074365615844727,-3.5291690826416016,-3.243180513381958,-2.8972761631011963,-2.456023693084717,-1.8158063888549805,-0.03403852507472038,0.6970462799072266,1.0996899604797363,1.286043405532837,1.4322315454483032,1.2029961347579956,1.3890926837921143,0.6435099840164185,-1.1770869493484497,1.6437784433364868,-1.3509154319763184,0.03812657296657562,-1.3791695833206177,-1.1080909967422485,-0.8294061422348022,-0.7850419282913208,-0.8295984864234924,-1.993349313735962,-2.481867551803589,-2.644092082977295,-2.822408676147461,-3.0101428031921387,-3.1915602684020996,-3.399240255355835,-3.597273349761963
-5.353189468383789,-5.285886287689209,-5.316091060638428,-5.201108455657959,-5.080342769622803,-4.954990386962891,-4.825568199157715,-4.677636623382568,-4.501217365264893,-4.228747367858887,-3.9394454956054688,-2.719438076019287,-3.4906487464904785,-3.2780892848968506,-2.992765426635742,-2.6130027770996094,-2.108855962753296,-1.0945556163787842,0.5330645442008972,0.8306442499160767,1.060060977935791,1.0540292263031006,1.344045877456665,1.5654406547546387,1.429121494293213,1.4206663370132446,-1.6674549579620361,-0.16730427742004395,0.08803530782461166,-0.42108190059661865,-1.6675944328308105,0.19719503819942474,-0.7458176612854004,-0.20559726655483246,-1.2688555717468262,-1.9277626276016235,-2.3669586181640625,-2.60549259185791,-2.8267874717712402,-3.051485776901245,-3.229776382446289,-3.4521570205688477,-3.643240213394165
-5.282621383666992,-5.219567775726318,-5.246097564697266,-5.118056774139404,-4.9843902587890625,-4.855288505554199,-4.709259986877441,-4.5388360023498535,-4.329519271850586,-4.057744026184082,-3.2810380458831787,-3.8277671337127686,-3.394366502761841,-3.0581917762756348,-2.7288386821746826,-2.314192056655884,-1.7284752130508423,-0.38468247652053833,1.2109118700027466,0.8612653613090515,1.0291059017181396,1.0063320398330688,1.816177248954773,1.6071727275848389,1.7941029071807861,1.197242021560669,0.380351722240448,0.25731781125068665,-1.2484018802642822,-1.304853081703186,0.010579656809568405,-1.6578859090805054,-1.4887597560882568,-0.751270055770874,-0.7829504013061523,-1.9328017234802246,-2.3458151817321777,-2.593111515045166,-2.8236513137817383,-3.0670151710510254,-3.301633834838867,-3.5385265350341797,-3.7368662357330322
