wind_JJA_avg_native.json
{"header": {"parameterCategory": 2, "parameterUnit": "m/s", "nx": 220, "ny": 280, "lo1": 118.693, "la1": 26.2568353691, "lo2": 123.2203272787, "la2": 21.0494, "dx": 0.0206727273, "dy": 0.0186646429, "refTime": "2025-01-01 00:00:00", "forecastTime": 0, "parameterNumber": 2}, "data":
[rows 133 to 151 of 280, columns 0 to 41 of 220]
1.117798924446106,1.1055951118469238,1.1109535694122314,1.1131842136383057,1.1157310009002686,1.1204824447631836,1.1302610635757446,1.1512339115142822,1.1863484382629395,1.2203627824783325,1.2228316068649292,1.214790940284729,1.2126905918121338,1.2115161418914795,1.213952898979187,1.2087169885635376,1.1968812942504883,1.1854338645935059,1.1779078245162964,1.1714394092559814,1.1635409593582153,1.1560062170028687,1.1491323709487915,1.14474618434906,1.1439547538757324,1.1381986141204834,1.1325898170471191,1.1329364776611328,1.1339335441589355,1.135427474975586,1.1409729719161987,1.1459745168685913,1.150541067123413,1.157715082168579,1.1665104627609253,1.1764780282974243,1.1953125,1.2186267375946045,1.244748592376709,1.277860164642334,1.3141589164733887,1.3475987911224365
1.1129276752471924,1.100083351135254,1.1053948402404785,1.1080310344696045,1.1103707551956177,1.1144896745681763,1.1234782934188843,1.1433022022247314,1.1770905256271362,1.2133376598358154,1.219379186630249,1.2108718156814575,1.206010103225708,1.2026585340499878,1.2023751735687256,1.1949652433395386,1.1865551471710205,1.179049015045166,1.1698498725891113,1.15951669216156,1.1507351398468018,1.1419875621795654,1.1349064111709595,1.131028413772583,1.1290059089660645,1.12363862991333,1.1208844184875488,1.1246622800827026,1.125579595565796,1.1247222423553467,1.1287342309951782,1.1360018253326416,1.1423566341400146,1.1464388370513916,1.1537675857543945,1.1650781631469727,1.1862858533859253,1.2110086679458618,1.2383217811584473,1.272994041442871,1.3140236139297485,1.34993577003479
1.104749083518982,1.092132568359375,1.0989021062850952,1.101638913154602,1.1037280559539795,1.1076514720916748,1.116549015045166,1.136321783065796,1.171236515045166,1.2073813676834106,1.2117736339569092,1.2026622295379639,1.198309063911438,1.1939289569854736,1.1908929347991943,1.1845039129257202,1.176190972328186,1.1663408279418945,1.157329797744751,1.1501116752624512,1.1426026821136475,1.1297860145568848,1.12107253074646,1.1166863441467285,1.1123032569885254,1.1093275547027588,1.108967661857605,1.113187551498413,1.1159769296646118,1.1158864498138428,1.1188716888427734,1.122995138168335,1.1283657550811768,1.1356825828552246,1.1463544368743896,1.157012701034546,1.1765087842941284,1.2014856338500977,1.232536792755127,1.2700870037078857,1.3121874332427979,1.346234917640686
1.099277377128601,1.0867385864257812,1.0920414924621582,1.093982458114624,1.095655918121338,1.0997769832611084,1.109515905380249,1.1306583881378174,1.1665911674499512,1.1999698877334595,1.2009031772613525,1.1928319931030273,1.1910066604614258,1.1854734420776367,1.1798675060272217,1.1722440719604492,1.1631178855895996,1.1519112586975098,1.1436970233917236,1.1408228874206543,1.13655424118042,1.1232690811157227,1.1089417934417725,1.099382996559143,1.0950298309326172,1.0951234102249146,1.096151351928711,1.099617838859558,1.1043031215667725,1.1060996055603027,1.1076023578643799,1.1104910373687744,1.1172107458114624,1.1273176670074463,1.1399357318878174,1.1493005752563477,1.1675844192504883,1.1921606063842773,1.227291226387024,1.268679141998291,1.3115664720535278,1.3431060314178467
1.092801809310913,1.0798141956329346,1.0840835571289062,1.08566415309906,1.0870121717453003,1.0910484790802002,1.1011738777160645,1.122802495956421,1.158358097076416,1.1913548707962036,1.1914055347442627,1.1826770305633545,1.180966854095459,1.176293969154358,1.1727206707000732,1.1639974117279053,1.1530365943908691,1.1422854661941528,1.13491690158844,1.1312006711959839,1.1273348331451416,1.115747332572937,1.0968892574310303,1.0817042589187622,1.0789012908935547,1.0827527046203613,1.0827994346618652,1.084052562713623,1.089490532875061,1.092726230621338,1.0953786373138428,1.0998047590255737,1.1078035831451416,1.11737060546875,1.129356861114502,1.1404227018356323,1.1628053188323975,1.1853852272033691,1.221989393234253,1.2668919563293457,1.3100459575653076,1.3403215408325195
1.0847389698028564,1.0707128047943115,1.0752394199371338,1.0769386291503906,1.0780301094055176,1.0816290378570557,1.0914627313613892,1.1130671501159668,1.148707389831543,1.1831395626068115,1.1847896575927734,1.1757861375808716,1.1725523471832275,1.168500304222107,1.1669477224349976,1.1557855606079102,1.1393606662750244,1.1301764249801636,1.1280416250228882,1.1226160526275635,1.1140661239624023,1.1012498140335083,1.0833755731582642,1.0694220066070557,1.0669474601745605,1.070160150527954,1.0708388090133667,1.0709574222564697,1.0749907493591309,1.0795730352401733,1.0840179920196533,1.0881898403167725,1.0955599546432495,1.1058753728866577,1.118636131286621,1.1302319765090942,1.1566777229309082,1.179023265838623,1.2170898914337158,1.2669273614883423,1.3126343488693237,1.3356389999389648
1.0767085552215576,1.0619306564331055,1.0666464567184448,1.068169116973877,1.0687315464019775,1.0717897415161133,1.0813318490982056,1.1032651662826538,1.138991355895996,1.175328254699707,1.1788523197174072,1.1691049337387085,1.1646404266357422,1.1597468852996826,1.1561869382858276,1.1433913707733154,1.127655029296875,1.118464469909668,1.1188695430755615,1.1161351203918457,1.103930950164795,1.086519479751587,1.0721840858459473,1.0633602142333984,1.0580470561981201,1.056247591972351,1.0575170516967773,1.0599442720413208,1.0642420053482056,1.0681356191635132,1.0710951089859009,1.074455738067627,1.0826828479766846,1.0944358110427856,1.1067657470703125,1.1162090301513672,1.1462960243225098,1.1718106269836426,1.2203187942504883,1.2746789455413818,1.3023643493652344,1.3158214092254639
1.0684516429901123,1.0528074502944946,1.0585484504699707,1.0594768524169922,1.0591915845870972,1.061923861503601,1.0715208053588867,1.0932388305664062,1.1308717727661133,1.169074535369873,1.170290231704712,1.1578443050384521,1.1536164283752441,1.1481932401657104,1.1437960863113403,1.1341919898986816,1.1220086812973022,1.1117820739746094,1.1075950860977173,1.102683663368225,1.090942621231079,1.0746359825134277,1.0633562803268433,1.0567384958267212,1.0508943796157837,1.0459816455841064,1.0462431907653809,1.0516836643218994,1.054319143295288,1.0537939071655273,1.0561249256134033,1.0626267194747925,1.0729910135269165,1.0840123891830444,1.0952904224395752,1.1028704643249512,1.1329636573791504,1.1559815406799316,1.2151920795440674,1.2815645933151245,1.2839245796203613,1.2898612022399902
1.0607750415802002,1.0449035167694092,1.0498600006103516,1.050016164779663,1.0493730306625366,1.0520471334457397,1.0615489482879639,1.0831010341644287,1.122821569442749,1.1612943410873413,1.1600309610366821,1.1459749937057495,1.1411147117614746,1.1366881132125854,1.1337649822235107,1.1277426481246948,1.119889736175537,1.1075878143310547,1.0970624685287476,1.0906723737716675,1.0812946557998657,1.066437005996704,1.0541692972183228,1.0451781749725342,1.0398520231246948,1.0366859436035156,1.034831166267395,1.0386848449707031,1.0434463024139404,1.043898105621338,1.047074556350708,1.0556527376174927,1.0643610954284668,1.0716187953948975,1.0848467350006104,1.0937632322311401,1.1235616207122803,1.1370484828948975,1.220829725265503,1.2936091423034668,1.252858281135559,1.2724177837371826
1.0525920391082764,1.0361855030059814,1.0403172969818115,1.0401540994644165,1.039434790611267,1.0418578386306763,1.0508811473846436,1.0725773572921753,1.1125447750091553,1.1525743007659912,1.152674674987793,1.137175440788269,1.1319910287857056,1.128851294517517,1.1264731884002686,1.1209951639175415,1.1145033836364746,1.1033978462219238,1.091731309890747,1.0816420316696167,1.0716432332992554,1.0620805025100708,1.049755334854126,1.0356007814407349,1.0291938781738281,1.0280382633209229,1.0260426998138428,1.0266780853271484,1.033142328262329,1.0387542247772217,1.0417144298553467,1.0486083030700684,1.0568187236785889,1.062933087348938,1.07650625705719,1.0874214172363281,1.1042298078536987,1.1026158332824707,1.1710119247436523,1.2496646642684937,1.2350419759750366,1.2917966842651367
1.043200969696045,1.0257728099822998,1.0297850370407104,1.0299594402313232,1.029219627380371,1.0312657356262207,1.0401568412780762,1.0619409084320068,1.1026268005371094,1.1436526775360107,1.1471221446990967,1.132976770401001,1.1257039308547974,1.1213983297348022,1.1185457706451416,1.1121137142181396,1.1056849956512451,1.097365379333496,1.0858509540557861,1.0742963552474976,1.0634709596633911,1.053930401802063,1.0428413152694702,1.030643105506897,1.0234150886535645,1.021011233329773,1.0197314023971558,1.019670844078064,1.0256984233856201,1.033157467842102,1.0382964611053467,1.0436434745788574,1.0505867004394531,1.056058406829834,1.0670104026794434,1.075459361076355,1.0902626514434814,1.0924714803695679,1.1734341382980347,1.086784839630127,1.1138466596603394,1.3091119527816772
1.0334258079528809,1.0151264667510986,1.0193634033203125,1.0197815895080566,1.0187921524047852,1.0204102993011475,1.0289421081542969,1.0515962839126587,1.0943005084991455,1.134977102279663,1.1375763416290283,1.1249182224273682,1.1165121793746948,1.1120707988739014,1.1108012199401855,1.1024250984191895,1.0974421501159668,1.092475414276123,1.0818092823028564,1.070321798324585,1.0593366622924805,1.0474356412887573,1.0347647666931152,1.0238819122314453,1.0167397260665894,1.0136268138885498,1.014377474784851,1.0167219638824463,1.021518588066101,1.0279680490493774,1.0344135761260986,1.0409786701202393,1.0459530353546143,1.050077199935913,1.0557359457015991,1.0654041767120361,1.0831923484802246,1.097648024559021,1.149118423461914,1.2391549348831177,1.2863452434539795,1.3650603294372559
1.0242356061935425,1.0060118436813354,1.009472131729126,1.0092265605926514,1.007655143737793,1.0089616775512695,1.017643928527832,1.0409479141235352,1.0849337577819824,1.126288652420044,1.1297986507415771,1.1171932220458984,1.1053996086120605,1.1006500720977783,1.1027870178222656,1.0954184532165527,1.0885130167007446,1.0849583148956299,1.0775319337844849,1.065818428993225,1.055745005607605,1.045642614364624,1.030599594116211,1.0163894891738892,1.0102453231811523,1.0101858377456665,1.0135425329208374,1.0169804096221924,1.02028489112854,1.0252397060394287,1.0320993661880493,1.0383672714233398,1.0424675941467285,1.0470783710479736,1.0545084476470947,1.061879277229309,1.0819165706634521,1.103485107421875,1.1806312799453735,1.2183680534362793,1.2000813484191895,1.249923586845398
1.0153119564056396,0.9972242116928101,0.9996070265769958,0.998352587223053,0.9962311387062073,0.9972732067108154,1.0058841705322266,1.029247522354126,1.0743157863616943,1.1192553043365479,1.1217496395111084,1.107219934463501,1.0978808403015137,1.0922092199325562,1.0947850942611694,1.0911319255828857,1.0828300714492798,1.0755313634872437,1.069570541381836,1.0600874423980713,1.0494167804718018,1.0407613515853882,1.0293591022491455,1.0141470432281494,1.0066925287246704,1.0080430507659912,1.0114463567733765,1.0154067277908325,1.0188884735107422,1.0223506689071655,1.0274947881698608,1.032949447631836,1.037778615951538,1.0453791618347168,1.0558364391326904,1.0665315389633179,1.0868550539016724,1.117344856262207,1.1657410860061646,1.1893110275268555,1.2222318649291992,1.2543894052505493
1.0053538084030151,0.986809253692627,0.9887937903404236,0.9872369170188904,0.9848245978355408,0.9856964349746704,0.9946472644805908,1.0185102224349976,1.0648587942123413,1.108636736869812,1.1079212427139282,1.0939003229141235,1.0893683433532715,1.08512282371521,1.0869001150131226,1.0849478244781494,1.0757246017456055,1.066475749015808,1.060979962348938,1.0529422760009766,1.042148470878601,1.033827304840088,1.0250872373580933,1.0130372047424316,1.0053770542144775,1.0044145584106445,1.007920742034912,1.012577772140503,1.0148046016693115,1.0188524723052979,1.025246024131775,1.0296343564987183,1.0361354351043701,1.0461366176605225,1.061434268951416,1.081606149673462,1.1096813678741455,1.133878469467163,1.1758403778076172,1.2034202814102173,1.2378208637237549,1.3132073879241943
0.9946798086166382,0.9752877354621887,0.9773030281066895,0.9759545922279358,0.9736080169677734,0.9746544361114502,0.984076738357544,1.008380651473999,1.0535566806793213,1.0953967571258545,1.097391963005066,1.0858843326568604,1.0812095403671265,1.0766980648040771,1.076258659362793,1.0741033554077148,1.0673670768737793,1.0575358867645264,1.0493398904800415,1.0430026054382324,1.0340099334716797,1.0262054204940796,1.0207319259643555,1.0120083093643188,1.0045101642608643,1.0002634525299072,1.0013463497161865,1.0064306259155273,1.0104782581329346,1.0171735286712646,1.0255063772201538,1.0312018394470215,1.0407335758209229,1.0518958568572998,1.068056583404541,1.0940810441970825,1.1270709037780762,1.1482089757919312,1.1805082559585571,1.2212733030319214,1.2762866020202637,1.3608946800231934
0.9842559099197388,0.9642925262451172,0.966081976890564,0.9646843671798706,0.9623043537139893,0.963419497013092,0.9731987714767456,0.9976511001586914,1.0406221151351929,1.0814592838287354,1.086991786956787,1.0794645547866821,1.074021577835083,1.0677049160003662,1.066624402999878,1.0640692710876465,1.0579919815063477,1.0465785264968872,1.0365991592407227,1.0314276218414307,1.0268933773040771,1.021509051322937,1.0163705348968506,1.010546088218689,1.0045126676559448,0.9994103312492371,0.9994435906410217,1.0038353204727173,1.010514259338379,1.0215086936950684,1.03131902217865,1.0360710620880127,1.0449650287628174,1.0579166412353516,1.0753204822540283,1.1003116369247437,1.1341191530227661,1.156771183013916,1.1927289962768555,1.2451045513153076,1.2989835739135742,1.3558506965637207
0.9740208983421326,0.9537367820739746,0.9549808502197266,0.9530718326568604,0.9504557847976685,0.9517059326171875,0.9617120623588562,0.9858341813087463,1.0294662714004517,1.069360613822937,1.0714398622512817,1.065512776374817,1.0639375448226929,1.0585285425186157,1.0558332204818726,1.0509294271469116,1.0450398921966553,1.036334753036499,1.027519941329956,1.0212455987930298,1.0187784433364868,1.0154755115509033,1.0123484134674072,1.010459542274475,1.006218671798706,1.0008020401000977,0.9999680519104004,1.0060758590698242,1.015675663948059,1.027697205543518,1.0386419296264648,1.0439505577087402,1.0515141487121582,1.0648181438446045,1.083756446838379,1.1061389446258545,1.139517068862915,1.165355920791626,1.2061312198638916,1.2640044689178467,1.3146071434020996,1.3549365997314453
0.9633437395095825,0.9427233934402466,0.9432010650634766,0.9404970407485962,0.9376745223999023,0.9390316009521484,0.9486538171768188,0.973259449005127,1.0202951431274414,1.061313509941101,1.0599199533462524,1.0510362386703491,1.050215244293213,1.0459123849868774,1.0441234111785889,1.0403687953948975,1.0351572036743164,1.0272454023361206,1.018808364868164,1.012385606765747,1.0100517272949219,1.008589506149292,1.0073565244674683,1.0086007118225098,1.0051822662353516,0.9984342455863953,0.999713122844696,1.0097661018371582,1.0203888416290283,1.0300354957580566,1.0422000885009766,1.0512170791625977,1.0600898265838623,1.0744879245758057,1.093987226486206,1.1165738105773926,1.1519663333892822,1.1763644218444824,1.2213146686553955,1.2797890901565552,1.3082232475280762,1.327409267425537
