wind_DJF_avg_3x3.json
{"header": {"parameterCategory": 2, "parameterUnit": "m/s", "nx": 74, "ny": 94, "lo1": 118.693, "la1": 26.2568353691, "lo2": 123.2203272787, "la2": 21.0494, "dx": 0.0620181819, "dy": 0.0559939287, "refTime": "2025-01-01 00:00:00", "forecastTime": 0, "parameterNumber": 2}, "data":
[rows 57 to 75 of 94, columns 0 to 42 of 74]
-5.022377967834473,-4.923121452331543,-4.873180389404297,-4.764392852783203,-4.635183811187744,-4.509932041168213,-4.3685994148254395,-4.222400665283203,-4.063360214233398,-3.884652614593506,-3.668200969696045,-3.3762893676757812,-3.370363712310791,-3.2320191860198975,-3.05558443069458,-2.85862135887146,-2.6418070793151855,-2.4107885360717773,-2.153923749923706,-1.861973762512207,-1.5844074487686157,-1.3050531148910522,-1.0062808990478516,0.23266637325286865,0.471011221408844,0.5416571497917175,0.5328648090362549,0.9510983228683472,0.8854334950447083,0.780993640422821,0.7662012577056885,0.19221079349517822,0.42758265137672424,0.6723593473434448,-0.1308419108390808,-0.996845006942749,-0.8202527761459351,-1.017781138420105,-0.5056664347648621,-0.5329880714416504,-0.483710914850235,-1.0204014778137207,0.48404261469841003
-4.974782943725586,-4.870303153991699,-4.814116954803467,-4.696099281311035,-4.559537887573242,-4.421393394470215,-4.276974678039551,-4.130494594573975,-3.957493305206299,-3.7688798904418945,-3.524343490600586,-3.377415180206299,-3.2750370502471924,-3.129889726638794,-2.930077075958252,-2.7276902198791504,-2.5090012550354004,-2.278979539871216,-2.017324686050415,-1.733405351638794,-1.460010051727295,-1.1911975145339966,-0.8265862464904785,0.1714416742324829,0.34834155440330505,0.568476676940918,0.49722883105278015,0.5390960574150085,0.996667742729187,0.202001690864563,0.8615847826004028,0.25514334440231323,0.08890390396118164,0.6637420058250427,0.4169520139694214,-0.5840113162994385,-0.9604795575141907,-0.7639583349227905,-0.23886051774024963,-0.693893551826477,-0.5803492069244385,-0.5701746940612793,-0.10061556100845337
-4.926892280578613,-4.817778587341309,-4.757613182067871,-4.629457473754883,-4.482598304748535,-4.34326171875,-4.194825172424316,-4.032876014709473,-3.857140064239502,-3.6583681106567383,-3.4141507148742676,-3.3257100582122803,-3.189647674560547,-3.0169284343719482,-2.81253719329834,-2.603116035461426,-2.3820338249206543,-2.148289203643799,-1.887441873550415,-1.6123385429382324,-1.3339934349060059,-1.0696734189987183,-0.6058242917060852,0.3531983494758606,0.3705734610557556,0.5283423662185669,0.32013899087905884,0.45081210136413574,0.6052868366241455,1.0361052751541138,0.3854205012321472,0.32461032271385193,0.2547524571418762,0.401738703250885,-0.4545705318450928,-0.7306234836578369,0.148202583193779,-0.9272640347480774,-0.6239334344863892,-0.28715401887893677,-0.1544114649295807,-0.3910190761089325,0.03742724657058716
-4.8848795890808105,-4.771622657775879,-4.705600738525391,-4.561781883239746,-4.41316032409668,-4.269423484802246,-4.111117362976074,-3.9471435546875,-3.7596025466918945,-3.553680419921875,-3.344219446182251,-3.2470622062683105,-3.0956859588623047,-2.9091830253601074,-2.702327251434326,-2.4861745834350586,-2.2663402557373047,-2.0291924476623535,-1.7636882066726685,-1.4910163879394531,-1.2082006931304932,-0.9501997232437134,-0.4259539842605591,0.4024409055709839,0.7047293782234192,0.5253952741622925,0.6438028812408447,0.5581989288330078,0.759297251701355,0.7465782761573792,0.4478262662887573,0.2603216767311096,0.5834725499153137,0.5153554677963257,-0.3744487166404724,-0.8913123607635498,-0.8987686634063721,-0.7779560685157776,-0.5467896461486816,-0.26812946796417236,-0.4023546576499939,-0.17281746864318848,-1.3171100616455078
-4.845776557922363,-4.727893829345703,-4.653583526611328,-4.503260612487793,-4.344573497772217,-4.196300506591797,-4.033577919006348,-3.8642404079437256,-3.6755871772766113,-3.455057144165039,-3.2978572845458984,-3.1642026901245117,-3.00728702545166,-2.8060154914855957,-2.596137762069702,-2.3756024837493896,-2.156160354614258,-1.9152846336364746,-1.6473236083984375,-1.37725830078125,-1.0920759439468384,-0.8280050754547119,-0.2752372622489929,0.4337865114212036,0.9967395663261414,0.7224295139312744,0.46300241351127625,1.0809524059295654,0.9050223231315613,1.2688484191894531,0.8408735990524292,0.509293794631958,0.3748992085456848,0.1289680004119873,-0.9060012102127075,-1.193645715713501,-0.5423150062561035,-0.42744454741477966,-0.4124769866466522,0.05001598596572876,0.011915415525436401,-1.458545207977295,-2.9792850017547607
-4.809843063354492,-4.6851654052734375,-4.604544162750244,-4.445070266723633,-4.283654689788818,-4.126827716827393,-3.956454277038574,-3.7866578102111816,-3.5956735610961914,-3.3807826042175293,-3.251628875732422,-3.0990633964538574,-2.9214468002319336,-2.711799144744873,-2.5012130737304688,-2.2772161960601807,-2.051849126815796,-1.8099257946014404,-1.5416722297668457,-1.2717596292495728,-0.9909835457801819,-0.7078564167022705,-0.16153478622436523,0.44163697957992554,0.9968349933624268,0.9174572229385376,0.7291882038116455,0.2736642062664032,0.9829942584037781,1.212279200553894,1.0296577215194702,0.7899187803268433,0.47396406531333923,0.10614573955535889,-0.9696108102798462,-1.0503686666488647,-0.6652058959007263,-0.4768570065498352,-0.2391376793384552,-0.28532660007476807,-0.45925167202949524,-2.218329429626465,-3.482262134552002
-4.772744178771973,-4.64404821395874,-4.5585455894470215,-4.391698837280273,-4.222417831420898,-4.066838264465332,-3.893289566040039,-3.7169013023376465,-3.5193700790405273,-3.339352607727051,-3.198878288269043,-3.032874822616577,-2.8409972190856934,-2.6273322105407715,-2.4156575202941895,-2.1924426555633545,-1.9580985307693481,-1.7143197059631348,-1.448909044265747,-1.1789175271987915,-0.901889443397522,-0.6011477708816528,-0.08202016353607178,0.4349254369735718,0.8752270340919495,1.0987170934677124,0.6852246522903442,0.8896953463554382,1.199625849723816,0.6828347444534302,0.8418418765068054,0.5971448421478271,0.13313376903533936,0.8405690789222717,0.2061600685119629,-1.27716064453125,-0.9624396562576294,-0.4439798891544342,0.05881965160369873,-0.4476839303970337,-0.7967864274978638,-3.0758588314056396,-3.690826416015625
-4.737505912780762,-4.605440139770508,-4.517821311950684,-4.342220306396484,-4.172469615936279,-4.00894021987915,-3.838468074798584,-3.653444766998291,-3.4637341499328613,-3.2980713844299316,-3.142920732498169,-2.9684958457946777,-2.7694807052612305,-2.557304859161377,-2.343177318572998,-2.11369252204895,-1.8811992406845093,-1.630308747291565,-1.3685046434402466,-1.0994012355804443,-0.8233722448348999,-0.507385790348053,-0.030182242393493652,0.42079833149909973,0.7636103630065918,1.1275017261505127,0.9048189520835876,0.9759259223937988,1.30133056640625,0.7486619353294373,0.8132089972496033,0.5092718005180359,0.3799230456352234,0.1889609694480896,-0.9208316206932068,-0.6415197253227234,-0.5517383813858032,-0.3974186182022095,-0.1370980143547058,-1.768018364906311,-2.732374668121338,-3.5423531532287598,-3.8638360500335693
-4.708767890930176,-4.571094512939453,-4.481595993041992,-4.297619819641113,-4.123334884643555,-3.9581527709960938,-3.7876434326171875,-3.6058921813964844,-3.419041156768799,-3.2617897987365723,-3.0987231731414795,-2.9135587215423584,-2.7097315788269043,-2.5021047592163086,-2.278409004211426,-2.0472652912139893,-1.8139841556549072,-1.5592095851898193,-1.3069303035736084,-1.0380499362945557,-0.7631323337554932,-0.43572086095809937,0.008848130702972412,0.40928915143013,0.6703798174858093,0.6496157050132751,0.9235436916351318,1.027933955192566,0.8866978287696838,0.7165214419364929,0.7027314901351929,0.5145893096923828,0.26423540711402893,-0.38163208961486816,-1.112562656402588,-0.07060496509075165,-0.11742323637008667,-0.5704022645950317,-1.5667603015899658,-2.673422336578369,-3.1991639137268066,-3.808657646179199,-4.028170108795166
-4.685638427734375,-4.544335842132568,-4.45264196395874,-4.263547897338867,-4.081866264343262,-3.9171862602233887,-3.7433362007141113,-3.5632925033569336,-3.386475086212158,-3.228817939758301,-3.0617799758911133,-2.8654189109802246,-2.660615921020508,-2.445079803466797,-2.2287485599517822,-1.9968911409378052,-1.7558033466339111,-1.5085690021514893,-1.2564642429351807,-0.9907194972038269,-0.7163366675376892,-0.37667301297187805,0.042778074741363525,0.4361819624900818,0.7840608954429626,1.1685529947280884,0.9546670913696289,0.8798598647117615,0.8921554088592529,1.031602382659912,0.7051894664764404,0.6502856612205505,0.5015382766723633,-0.6329420804977417,-0.38614869117736816,-0.15041574835777283,-0.5472153425216675,-0.23907631635665894,-2.177811861038208,-2.943075656890869,-3.545513153076172,-3.9845049381256104,-4.149707794189453
-4.671404838562012,-4.528255462646484,-4.434518814086914,-4.2350006103515625,-4.053258895874023,-3.8906986713409424,-3.7118005752563477,-3.534417152404785,-3.3664278984069824,-3.2037875652313232,-3.0256857872009277,-2.8237810134887695,-2.6193885803222656,-2.406785249710083,-2.1856722831726074,-1.9653171300888062,-1.725113034248352,-1.478787899017334,-1.2262825965881348,-0.9612765908241272,-0.6789485216140747,-0.3379257917404175,0.07084152102470398,0.4581161439418793,0.8037998676300049,1.139358401298523,1.5353217124938965,0.959834098815918,0.8174000382423401,0.9706851840019226,0.7137494683265686,0.2831398844718933,0.21811425685882568,-1.3873047828674316,-0.4505399763584137,0.24386712908744812,-0.5616884231567383,-1.0908567905426025,-2.746095895767212,-3.2328689098358154,-3.7992191314697266,-4.130221366882324,-4.251137733459473
-4.66148567199707,-4.516058444976807,-4.421170234680176,-4.215843200683594,-4.030423164367676,-3.8660733699798584,-3.6903977394104004,-3.5193943977355957,-3.3623969554901123,-3.1815643310546875,-2.999171257019043,-2.8026952743530273,-2.5980255603790283,-2.3775298595428467,-2.162639617919922,-1.9477300643920898,-1.7106753587722778,-1.467320203781128,-1.2182426452636719,-0.9522523283958435,-0.6682859063148499,-0.3235745429992676,0.07177981734275818,0.43764644861221313,0.7743555307388306,1.110558032989502,1.4539560079574585,1.8238989114761353,1.7099872827529907,1.0556378364562988,0.9055601954460144,0.5147790312767029,-0.3956930637359619,-2.4409635066986084,-1.7759003639221191,-0.33710992336273193,-0.2145521640777588,-1.8537441492080688,-2.991849422454834,-3.547747850418091,-4.007739067077637,-4.2617316246032715,-4.378890514373779
-4.658589839935303,-4.510897636413574,-4.415211200714111,-4.196617126464844,-4.01593017578125,-3.8490355014801025,-3.6833584308624268,-3.519740104675293,-3.3628711700439453,-3.1711325645446777,-2.9920051097869873,-2.795196294784546,-2.589326858520508,-2.375744581222534,-2.1682286262512207,-1.9435474872589111,-1.7030620574951172,-1.4696186780929565,-1.2219629287719727,-0.9669907093048096,-0.6782368421554565,-0.34155428409576416,0.036203533411026,0.3883255124092102,0.7118960618972778,1.0282881259918213,1.3134684562683105,1.5148247480392456,1.6130281686782837,1.7241177558898926,1.407030463218689,0.8370922207832336,-1.011117935180664,-3.035613775253296,-2.3370561599731445,-0.34567371010780334,-0.6179648637771606,-2.312004566192627,-3.2911667823791504,-3.8228683471679688,-4.18172025680542,-4.3907151222229,-4.518555164337158
-4.659642696380615,-4.514072895050049,-4.414706230163574,-4.182354927062988,-4.008627891540527,-3.8481011390686035,-3.6901793479919434,-3.5316123962402344,-3.367093801498413,-3.1852641105651855,-2.994638442993164,-2.8019461631774902,-2.601771831512451,-2.394667625427246,-2.1786322593688965,-1.9561201333999634,-1.733497142791748,-1.497470736503601,-1.2521543502807617,-1.0012165307998657,-0.7280603647232056,-0.3980092406272888,-0.04458141326904297,0.28310996294021606,0.5907450318336487,0.8807921409606934,1.1180483102798462,1.2790364027023315,1.3961020708084106,1.4360973834991455,1.7529258728027344,1.3462729454040527,-0.5286471247673035,-3.520475149154663,-2.015692949295044,-0.9257335662841797,-2.4205212593078613,-3.164396286010742,-3.660064220428467,-4.065795421600342,-4.360057830810547,-4.530153274536133,-4.649452209472656
-4.670328140258789,-4.526750564575195,-4.426013946533203,-4.186136245727539,-4.022352695465088,-3.8682498931884766,-3.7006077766418457,-3.5551280975341797,-3.379883289337158,-3.206106185913086,-3.023261547088623,-2.830045461654663,-2.6349382400512695,-2.417034149169922,-2.221639633178711,-2.001232385635376,-1.7857199907302856,-1.5650134086608887,-1.3240885734558105,-1.0766024589538574,-0.8079817891120911,-0.48931026458740234,-0.16867974400520325,0.13291430473327637,0.4068160951137543,0.6453347206115723,0.8398923277854919,1.0018316507339478,0.9738984704017639,1.1263294219970703,1.4741274118423462,1.5614759922027588,-0.5940544605255127,-2.4572949409484863,-3.8018877506256104,-1.3399986028671265,-2.7475218772888184,-3.560636520385742,-3.962111711502075,-4.31146764755249,-4.536886692047119,-4.699093818664551,-4.795650482177734
-4.693344593048096,-4.550665855407715,-4.4491424560546875,-4.205294609069824,-4.0513434410095215,-3.900590658187866,-3.744481086730957,-3.583136558532715,-3.4173471927642822,-3.244999885559082,-3.0691120624542236,-2.875250816345215,-2.674307346343994,-2.4792819023132324,-2.2781319618225098,-2.0766916275024414,-1.8722143173217773,-1.6629180908203125,-1.439460039138794,-1.1996052265167236,-0.9453943967819214,-0.6520747542381287,-0.36644598841667175,-0.10469844937324524,0.13629436492919922,0.32883232831954956,0.4803905785083771,0.5751487612724304,0.652442991733551,0.5735656023025513,0.49232903122901917,0.11550670862197876,-0.860061764717102,-2.970794677734375,-4.102719306945801,-1.6555554866790771,-2.336859703063965,-3.7034912109375,-4.198179244995117,-4.527787208557129,-4.723839282989502,-4.864521026611328,-4.960631370544434
-4.722772598266602,-4.582258224487305,-4.478728771209717,-4.225838661193848,-4.083965301513672,-3.9434900283813477,-3.787950038909912,-3.640998363494873,-3.4769186973571777,-3.3094258308410645,-3.127772331237793,-2.949265956878662,-2.7511086463928223,-2.5697617530822754,-2.372445583343506,-2.181626796722412,-2.0022876262664795,-1.803544521331787,-1.587930679321289,-1.3685494661331177,-1.126863956451416,-0.8695374727249146,-0.6198440194129944,-0.3989259898662567,-0.22132515907287598,-0.09029534459114075,-0.02093103528022766,-0.042535364627838135,-0.14924511313438416,-0.438806414604187,-0.8505000472068787,-1.4160667657852173,-2.6351003646850586,-4.648175239562988,-3.971712589263916,-2.457599401473999,-2.5462827682495117,-3.9148452281951904,-4.428620338439941,-4.7146100997924805,-4.90946102142334,-5.0251383781433105,-5.135699272155762
-4.761849403381348,-4.624667167663574,-4.515615940093994,-4.269204139709473,-4.117344856262207,-3.991239070892334,-3.8501601219177246,-3.7073113918304443,-3.5443639755249023,-3.383004665374756,-3.2136354446411133,-3.0493392944335938,-2.8704030513763428,-2.6839118003845215,-2.5138087272644043,-2.335878372192383,-2.1607985496520996,-1.986830234527588,-1.7949955463409424,-1.6016335487365723,-1.382279634475708,-1.1663484573364258,-0.9674747586250305,-0.8021355271339417,-0.703994870185852,-0.6508392691612244,-0.6877076625823975,-0.8272581100463867,-1.052704930305481,-1.3950179815292358,-1.7922230958938599,-2.0417094230651855,-2.3429887294769287,-4.185396194458008,-3.0344810485839844,-2.8563647270202637,-3.16965913772583,-4.243636131286621,-4.673213958740234,-4.932844161987305,-5.091952800750732,-5.2189836502075195,-5.297605037689209
-4.8111419677734375,-4.677160263061523,-4.563806533813477,-4.305917739868164,-4.178450584411621,-4.053219318389893,-3.9197702407836914,-3.773055076599121,-3.6370363235473633,-3.4837043285369873,-3.3245344161987305,-3.1676812171936035,-2.9989023208618164,-2.8370540142059326,-2.6800575256347656,-2.5315587520599365,-2.3654446601867676,-2.211541175842285,-2.0523598194122314,-1.8849172592163086,-1.7067320346832275,-1.52118718624115,-1.3687779903411865,-1.2792671918869019,-1.2480565309524536,-1.2696149349212646,-1.3964433670043945,-1.579550862312317,-1.8044748306274414,-1.9894450902938843,-2.0010569095611572,-2.3532357215881348,-3.578477621078491,-2.8498330116271973,-3.8182153701782227,-3.321025848388672,-3.615893840789795,-4.622543811798096,-4.961370468139648,-5.17124080657959,-5.300986289978027,-5.401503562927246,-5.469017028808594
