wind_JJA_day_3x3.json
{"header": {"parameterCategory": 2, "parameterUnit": "m/s", "nx": 74, "ny": 94, "lo1": 118.693, "la1": 26.2568353691, "lo2": 123.2203272787, "la2": 21.0494, "dx": 0.0620181819, "dy": 0.0559939287, "refTime": "2025-01-01 00:00:00", "forecastTime": 0, "parameterNumber": 3}, "data":
[rows 57 to 75 of 94, columns 0 to 42 of 74]
1.8659248352050781,1.8611719608306885,1.8773642778396606,1.9322212934494019,1.8730052709579468,1.848204493522644,1.8221850395202637,1.7898504734039307,1.7595206499099731,1.7616500854492188,1.7662596702575684,1.806800127029419,1.8371853828430176,1.9056174755096436,1.938894510269165,1.9930280447006226,2.036424398422241,2.023115634918213,1.9939507246017456,1.9746508598327637,1.9611154794692993,1.9424134492874146,1.9667593240737915,1.2693711519241333,1.370530605316162,1.017241358757019,0.8677306175231934,0.7837264537811279,0.432824969291687,0.38544225692749023,0.749214231967926,0.582982063293457,1.2168556451797485,-0.20250724256038666,0.02331499755382538,-1.7257277965545654,-0.3908126950263977,-1.1151833534240723,-1.5493353605270386,0.3520914316177368,1.7233314514160156,1.489280343055725,1.6061794757843018
1.8682836294174194,1.873734951019287,1.9022743701934814,1.9586652517318726,1.9080777168273926,1.8881754875183105,1.856514573097229,1.8327860832214355,1.815643072128296,1.808440089225769,1.824407696723938,1.8476088047027588,1.899388074874878,1.9327841997146606,1.9790524244308472,2.0209338665008545,2.0203514099121094,2.0270392894744873,2.0163822174072266,1.99238121509552,1.9646934270858765,1.914910078048706,1.787760853767395,1.7484478950500488,1.3914191722869873,0.9812932014465332,0.961800754070282,0.6874202489852905,0.4631689786911011,0.36985576152801514,0.4866350293159485,0.5854892134666443,1.1380544900894165,0.30222517251968384,0.01767929270863533,-0.1426476240158081,1.5241737365722656,0.3553493320941925,1.3900465965270996,0.7953482866287231,1.4405323266983032,0.8425154685974121,1.1202994585037231
1.889410138130188,1.8940162658691406,1.9263086318969727,1.978811264038086,1.944471836090088,1.9159579277038574,1.8892402648925781,1.8800246715545654,1.8667969703674316,1.877253532409668,1.8934614658355713,1.9276214838027954,1.9667338132858276,2.0047428607940674,2.0198421478271484,2.0457923412323,2.049325466156006,2.065274715423584,2.052985668182373,2.0161588191986084,1.9632610082626343,1.9242280721664429,1.8822100162506104,1.9459525346755981,1.6191134452819824,1.3075032234191895,0.9967037439346313,0.8626793622970581,0.5990014672279358,0.4657398462295532,0.7297743558883667,0.4209864139556885,0.38126620650291443,1.9864566326141357,1.0334861278533936,-0.34617602825164795,1.0327820777893066,0.7491976022720337,-0.9306639432907104,0.8901283740997314,1.4790599346160889,0.749698281288147,1.3814983367919922
1.9283502101898193,1.929166316986084,1.9571176767349243,2.001620054244995,1.963846206665039,1.9575059413909912,1.9233613014221191,1.92660653591156,1.9262173175811768,1.9379276037216187,1.9644277095794678,2.0054659843444824,2.0436012744903564,2.0688679218292236,2.0760836601257324,2.0673470497131348,2.0922253131866455,2.078772783279419,2.052849531173706,2.020928382873535,1.9774024486541748,1.9625493288040161,1.9238425493240356,1.8725835084915161,1.6495146751403809,1.484796404838562,1.438597559928894,1.0658951997756958,0.690530002117157,0.5200508236885071,0.7484104633331299,0.43045666813850403,0.9155812859535217,0.2789608836174011,-0.5968315601348877,-0.43503397703170776,0.4314516484737396,1.1760355234146118,0.8202859163284302,1.49245023727417,1.114345908164978,1.231096625328064,1.406115174293518
1.9910424947738647,1.995453953742981,2.0151479244232178,2.053095817565918,2.0142924785614014,2.001950740814209,1.9959415197372437,1.9998486042022705,2.0272746086120605,2.0190861225128174,2.044210195541382,2.072533130645752,2.081162929534912,2.0896942615509033,2.1005823612213135,2.1035757064819336,2.094621181488037,2.0987708568573,2.080125093460083,2.0549302101135254,2.0240631103515625,1.979873538017273,1.940154790878296,1.913070797920227,2.0350494384765625,1.4402246475219727,1.2541124820709229,0.6831960678100586,0.5692788362503052,0.8419018983840942,0.7342297434806824,0.8313083052635193,-0.06856652349233627,0.877493679523468,-0.9284173250198364,0.2566981911659241,0.4821862280368805,-0.2840349078178406,0.5077105164527893,1.564405083656311,1.4289069175720215,1.524064540863037,1.5301995277404785
2.0528223514556885,2.053131103515625,2.0731983184814453,2.095024347305298,2.060293674468994,2.055891752243042,2.0556135177612305,2.077951431274414,2.0904998779296875,2.102489948272705,2.131666421890259,2.1229679584503174,2.1232330799102783,2.1286165714263916,2.1468467712402344,2.134653091430664,2.1376001834869385,2.132702589035034,2.0956146717071533,2.0653514862060547,2.0191714763641357,1.9745657444000244,1.9462579488754272,1.9367753267288208,1.9432095289230347,1.4235438108444214,1.0333460569381714,0.8202902674674988,0.6877813339233398,0.8094927668571472,0.8954423666000366,0.6821352243423462,0.3604724407196045,0.3088875710964203,1.1772186756134033,0.858137845993042,-0.005653488449752331,0.34606292843818665,1.0882909297943115,1.5217525959014893,0.9403294324874878,1.732028841972351,1.9013378620147705
2.1167004108428955,2.1215713024139404,2.142989158630371,2.1570310592651367,2.1079914569854736,2.109170436859131,2.128603935241699,2.126387596130371,2.1472015380859375,2.178243637084961,2.1860649585723877,2.1874043941497803,2.183347702026367,2.177000045776367,2.1830899715423584,2.182741165161133,2.1873397827148438,2.1580262184143066,2.1233999729156494,2.0906665325164795,2.048583984375,1.9957828521728516,1.9552417993545532,1.9514368772506714,1.929848551750183,1.903384804725647,1.1279720067977905,0.6462704539299011,0.5597426295280457,0.9906734228134155,0.874630331993103,0.44342413544654846,0.17648065090179443,-0.2909611165523529,0.5796791315078735,0.16499276459217072,-0.0003728424198925495,0.9309353828430176,0.47992652654647827,1.6802394390106201,1.3984150886535645,1.942247986793518,2.072068214416504
2.185170888900757,2.1930301189422607,2.2205967903137207,2.248231887817383,2.2089009284973145,2.197622299194336,2.2038381099700928,2.1988773345947266,2.205528497695923,2.222675323486328,2.2215073108673096,2.2281014919281006,2.232193946838379,2.2179384231567383,2.2283310890197754,2.199086904525757,2.1948108673095703,2.185246467590332,2.1548547744750977,2.104996919631958,2.050191879272461,2.00181245803833,1.9695777893066406,1.9497517347335815,1.9668514728546143,2.0472145080566406,1.173490047454834,0.9491662979125977,1.0550040006637573,0.7650564312934875,0.8629618883132935,0.5414094924926758,-0.13525542616844177,1.10722017288208,-0.42218348383903503,-0.6961168646812439,0.32020819187164307,0.6471948623657227,0.9554337859153748,2.062635660171509,1.7630031108856201,2.083517551422119,2.3567419052124023
2.2593750953674316,2.2646102905273438,2.2978315353393555,2.329315423965454,2.290278196334839,2.2763452529907227,2.263199806213379,2.261143445968628,2.251878499984741,2.2648534774780273,2.257965564727783,2.2661361694335938,2.2722654342651367,2.2705259323120117,2.2212905883789062,2.2166004180908203,2.221870183944702,2.2052385807037354,2.180363178253174,2.1287758350372314,2.0809850692749023,2.032447576522827,1.983014464378357,1.9522885084152222,1.9316664934158325,1.8285763263702393,1.3598383665084839,1.1843444108963013,1.5194711685180664,1.338684320449829,1.1520777940750122,0.7100617289543152,0.9422975778579712,-0.5833224654197693,-0.9630972146987915,0.23800137639045715,-0.20313817262649536,0.7122929096221924,1.3216807842254639,1.8107144832611084,2.0890250205993652,2.352158546447754,2.5898075103759766
2.342867612838745,2.36191463470459,2.388673782348633,2.3994336128234863,2.3609681129455566,2.338955879211426,2.3091111183166504,2.309270143508911,2.3175880908966064,2.3032798767089844,2.294480800628662,2.295647144317627,2.3114027976989746,2.285593032836914,2.2849650382995605,2.258188247680664,2.245943069458008,2.223698616027832,2.1806118488311768,2.148153066635132,2.1047635078430176,2.058260679244995,2.0155324935913086,1.9661576747894287,1.9202818870544434,1.8525772094726562,1.7273534536361694,1.5234812498092651,1.4474577903747559,1.6519324779510498,1.4821869134902954,0.621516227722168,0.45057159662246704,-0.41184043884277344,-0.43878674507141113,0.011081598699092865,-0.05186548829078674,0.2440454065799713,1.2849735021591187,1.999882698059082,2.329272508621216,2.5904760360717773,2.8494720458984375
2.4205355644226074,2.4355645179748535,2.460836887359619,2.463554859161377,2.4295706748962402,2.3951127529144287,2.376992702484131,2.3681631088256836,2.365321397781372,2.3492398262023926,2.3270742893218994,2.3313374519348145,2.322047472000122,2.3319242000579834,2.311148166656494,2.2916417121887207,2.2775967121124268,2.237354278564453,2.196986198425293,2.1603968143463135,2.121406316757202,2.0810770988464355,2.058241844177246,2.016343355178833,1.9517574310302734,1.8918418884277344,1.7741997241973877,1.5888314247131348,1.9749155044555664,2.082632303237915,1.5377631187438965,1.095948338508606,0.21001973748207092,-0.28022050857543945,0.12367438524961472,0.9755076169967651,0.5140247344970703,0.9392836093902588,1.6269949674606323,2.185086250305176,2.5379390716552734,2.8219664096832275,3.0964810848236084
2.4976935386657715,2.5122668743133545,2.5355801582336426,2.5324389934539795,2.47754168510437,2.4602627754211426,2.4483585357666016,2.452967643737793,2.4269940853118896,2.406297206878662,2.398942232131958,2.3784945011138916,2.364011764526367,2.336028575897217,2.3312149047851562,2.323896646499634,2.3128507137298584,2.2871742248535156,2.2516181468963623,2.1997196674346924,2.145443916320801,2.107072353363037,2.0622360706329346,2.028775691986084,1.9885594844818115,1.9417243003845215,1.8996304273605347,1.898446798324585,2.432210683822632,2.177452564239502,1.9308843612670898,1.201097011566162,0.352963387966156,0.6778812408447266,0.162734255194664,0.8352821469306946,0.9881576299667358,0.5094935894012451,1.8054924011230469,2.346822738647461,2.7236990928649902,3.0494167804718018,3.3634703159332275
2.5529074668884277,2.5662717819213867,2.593061923980713,2.5916709899902344,2.549482822418213,2.528815269470215,2.498643159866333,2.4859046936035156,2.4710464477539062,2.465161085128784,2.460991859436035,2.445107936859131,2.4125306606292725,2.378159523010254,2.376905918121338,2.3763108253479004,2.346700668334961,2.2959179878234863,2.2695014476776123,2.2164697647094727,2.183419704437256,2.1356899738311768,2.0913848876953125,2.0589709281921387,2.015727996826172,1.9688798189163208,1.942955493927002,1.8551678657531738,1.9416911602020264,2.104802131652832,2.1069118976593018,1.3873056173324585,0.38341766595840454,0.020274080336093903,-0.3888026475906372,0.08423981070518494,0.3718002736568451,1.0453301668167114,1.9796336889266968,2.542029619216919,2.979241371154785,3.294512987136841,3.542431354522705
2.5989842414855957,2.6043810844421387,2.6249194145202637,2.635502338409424,2.615900993347168,2.5784878730773926,2.54765248298645,2.507672071456909,2.505581855773926,2.5003795623779297,2.469341993331909,2.4670522212982178,2.447328567504883,2.424607276916504,2.4053101539611816,2.372844696044922,2.3328423500061035,2.3167150020599365,2.2852401733398438,2.2420475482940674,2.204651117324829,2.1658005714416504,2.1353700160980225,2.0940845012664795,2.030705213546753,1.9993364810943604,1.9688856601715088,1.738892674446106,1.7652807235717773,1.8177746534347534,1.8174920082092285,1.105757713317871,0.5133466720581055,-0.6832510828971863,-0.37405940890312195,0.10214132070541382,0.3485008478164673,1.3948432207107544,2.2502217292785645,2.825802803039551,3.204413414001465,3.4471373558044434,3.625361442565918
2.6464715003967285,2.658442735671997,2.678773880004883,2.6861913204193115,2.6349141597747803,2.6004929542541504,2.5736093521118164,2.5586748123168945,2.523009777069092,2.519341468811035,2.514559268951416,2.509413003921509,2.4874472618103027,2.461937665939331,2.4301769733428955,2.410709857940674,2.386185646057129,2.3612871170043945,2.2989041805267334,2.2622780799865723,2.2133917808532715,2.166778087615967,2.1270623207092285,2.0933916568756104,2.0602951049804688,1.998944640159607,1.954013705253601,1.941455602645874,1.9659743309020996,1.7484709024429321,1.5527942180633545,1.2001899480819702,0.31495577096939087,0.22817116975784302,0.07513174414634705,0.2436242401599884,0.41860678791999817,1.8058406114578247,2.5963473320007324,3.038454294204712,3.3209457397460938,3.511890172958374,3.6530914306640625
2.6881179809570312,2.697118043899536,2.717334508895874,2.729339122772217,2.668178081512451,2.622511863708496,2.612761974334717,2.582514762878418,2.546438217163086,2.544323205947876,2.5451762676239014,2.534116744995117,2.516101837158203,2.5001018047332764,2.475297451019287,2.43277907371521,2.407121181488037,2.3690569400787354,2.318773031234741,2.2785816192626953,2.2439520359039307,2.1723930835723877,2.1303818225860596,2.102139472961426,2.051905393600464,2.00087308883667,1.9391858577728271,1.8506430387496948,1.7574310302734375,1.6484971046447754,1.4217121601104736,1.0328493118286133,0.2573052942752838,-0.021886790171265602,-0.33512991666793823,0.1259727030992508,0.7827447652816772,2.173795461654663,2.7633261680603027,3.0945029258728027,3.3175103664398193,3.49188232421875,3.6140148639678955
2.730799913406372,2.7462167739868164,2.763742208480835,2.7397620677948,2.692296266555786,2.674942970275879,2.635260581970215,2.6148200035095215,2.5940465927124023,2.590510606765747,2.5751683712005615,2.555593729019165,2.556929111480713,2.5463130474090576,2.5085530281066895,2.4583353996276855,2.4199161529541016,2.3700804710388184,2.32442045211792,2.2694437503814697,2.21708083152771,2.1835708618164062,2.151632308959961,2.098449230194092,2.043266773223877,1.9940385818481445,1.9078058004379272,1.8106718063354492,1.6884700059890747,1.5327930450439453,1.3342241048812866,1.0050407648086548,0.29923391342163086,-0.09088296443223953,-0.4995623826980591,-0.07804695516824722,0.6620693206787109,2.1331329345703125,2.6540675163269043,2.9583499431610107,3.192075729370117,3.343229055404663,3.485661745071411
2.7631990909576416,2.774965286254883,2.79199481010437,2.7757792472839355,2.7166318893432617,2.6805992126464844,2.6643550395965576,2.6661221981048584,2.650108814239502,2.62722110748291,2.6103248596191406,2.5837438106536865,2.554440975189209,2.510127544403076,2.4874987602233887,2.461893320083618,2.429457426071167,2.374338150024414,2.3319756984710693,2.2913718223571777,2.245666742324829,2.190321445465088,2.1389124393463135,2.091714382171631,2.037753105163574,1.9742603302001953,1.889430284500122,1.7867330312728882,1.6451960802078247,1.4680720567703247,1.2500052452087402,0.9632433652877808,0.6254096627235413,-0.07344432175159454,0.4395049214363098,0.2630872130393982,0.7539270520210266,1.8730520009994507,2.424163341522217,2.7574028968811035,2.977506160736084,3.1419148445129395,3.2343859672546387
2.7897732257843018,2.789863109588623,2.8036978244781494,2.8135793209075928,2.7575528621673584,2.7202131748199463,2.692208766937256,2.680628776550293,2.6473841667175293,2.619945526123047,2.597348928451538,2.5736615657806396,2.5404703617095947,2.506542444229126,2.492673397064209,2.4671313762664795,2.415560722351074,2.3719263076782227,2.3340508937835693,2.306870222091675,2.257500410079956,2.197202682495117,2.148031711578369,2.096911907196045,2.0236763954162598,1.9429454803466797,1.8605108261108398,1.7635186910629272,1.6310265064239502,1.4813302755355835,1.2717381715774536,0.9923332929611206,0.5104679465293884,-0.16546018421649933,0.04307468608021736,0.25796636939048767,0.4444364309310913,1.843610405921936,2.2658605575561523,2.5624053478240967,2.7736639976501465,2.902116060256958,3.02789044380188
