wind_DJF_avg_3x3.json
{"header": {"parameterCategory": 2, "parameterUnit": "m/s", "nx": 74, "ny": 94, "lo1": 118.693, "la1": 26.2568353691, "lo2": 123.2203272787, "la2": 21.0494, "dx": 0.0620181819, "dy": 0.0559939287, "refTime": "2025-01-01 00:00:00", "forecastTime": 0, "parameterNumber": 2}, "data":
[rows 0 to 18 of 94, columns 0 to 42 of 74]
0.0036094188690185547,0.2253529578447342,0.11468129605054855,-0.3332417607307434,-0.36522921919822693,-0.32131311297416687,-0.4181693494319916,-0.6563005447387695,-1.0293382406234741,-0.8252829313278198,-0.49767282605171204,-0.5678713321685791,-0.5139696002006531,-0.35204577445983887,-1.161665678024292,-2.006082057952881,-1.7228405475616455,-2.018174171447754,-3.0643467903137207,-3.516228675842285,-3.6019368171691895,-3.4947571754455566,-3.550511360168457,-3.796708583831787,-3.849717855453491,-3.839235782623291,-3.8735432624816895,-3.8923208713531494,-3.898573637008667,-3.9092206954956055,-3.9242136478424072,-3.945016384124756,-3.971273899078369,-4.009133815765381,-4.054225921630859,-4.103036403656006,-4.152335166931152,-4.188396453857422,-4.2159223556518555,-4.242987632751465,-4.266901969909668,-4.281635284423828,-4.288488388061523
-0.1607269048690796,0.17956805229187012,0.01875007152557373,-0.4970502555370331,-0.5947489738464355,-0.461870938539505,-0.14465484023094177,-0.35601386427879333,-0.9093731641769409,-0.9525495767593384,-1.005532145500183,-0.9794092774391174,-0.7274072766304016,-0.4671470820903778,-1.2230398654937744,-1.9641640186309814,-2.684450149536133,-3.093930244445801,-3.6323938369750977,-3.7319164276123047,-3.6852025985717773,-3.629563331604004,-3.6843791007995605,-3.815953016281128,-3.8590211868286133,-3.87998366355896,-3.9143521785736084,-3.9387142658233643,-3.96049165725708,-3.98384165763855,-4.009178161621094,-4.039863586425781,-4.0766401290893555,-4.120894908905029,-4.171020984649658,-4.217592239379883,-4.261407375335693,-4.291631698608398,-4.31536865234375,-4.337525844573975,-4.354165077209473,-4.365887641906738,-4.370525360107422
0.14397263526916504,-0.05605173110961914,-0.3893153965473175,-0.9788081049919128,-1.185619592666626,-0.8004691004753113,-0.25960588455200195,-0.11057543754577637,-0.11166219413280487,-0.5999051928520203,-1.1348520517349243,-1.4985992908477783,-1.3981575965881348,-0.701238214969635,-1.086173415184021,-1.806020975112915,-2.948014259338379,-3.4784469604492188,-3.8286733627319336,-3.8273491859436035,-3.8104279041290283,-3.756812572479248,-3.7951769828796387,-3.854046583175659,-3.8892102241516113,-3.921006679534912,-3.956210136413574,-3.990386724472046,-4.024247646331787,-4.059999465942383,-4.096569538116455,-4.137266159057617,-4.1840338706970215,-4.233522415161133,-4.284099578857422,-4.327160835266113,-4.364834785461426,-4.392878532409668,-4.414188385009766,-4.431102275848389,-4.443812370300293,-4.455589294433594,-4.458104610443115
0.17430126667022705,-0.14868828654289246,-0.7580761313438416,-1.3925402164459229,-1.5260989665985107,-1.0597612857818604,-0.6944472193717957,-0.0320705771446228,-0.18693354725837708,-0.022792965173721313,-0.8600549101829529,-2.232454776763916,-1.4445233345031738,-1.2447839975357056,-1.6534864902496338,-1.9233579635620117,-3.079066753387451,-3.567359447479248,-3.830876350402832,-3.809614658355713,-3.7418158054351807,-3.84492826461792,-3.8749828338623047,-3.8927273750305176,-3.93084979057312,-3.969285726547241,-4.00335693359375,-4.048308372497559,-4.094322204589844,-4.142451286315918,-4.1909074783325195,-4.241966247558594,-4.300968170166016,-4.353024005889893,-4.408468723297119,-4.448884010314941,-4.485902786254883,-4.514392852783203,-4.536460876464844,-4.556673049926758,-4.572237014770508,-4.584661483764648,-4.584046840667725
0.11114323139190674,-0.2903701663017273,-0.7194885611534119,-1.1401047706604004,-1.7542674541473389,-1.411067008972168,-1.1856708526611328,-0.46019476652145386,0.3807070851325989,0.03949469327926636,-0.32623523473739624,-0.5213549137115479,-2.474071979522705,-1.3611558675765991,-1.5107358694076538,-2.396944046020508,-3.1030588150024414,-3.4966301918029785,-3.712736129760742,-3.741173267364502,-3.8237836360931396,-3.8672900199890137,-3.895836591720581,-3.920743703842163,-3.9566779136657715,-3.999542713165283,-4.045634746551514,-4.104601860046387,-4.160016059875488,-4.220174312591553,-4.285984039306641,-4.3463006019592285,-4.410770893096924,-4.475335121154785,-4.52182674407959,-4.566713333129883,-4.600893974304199,-4.627276420593262,-4.648021221160889,-4.662160873413086,-4.67301607131958,-4.682549476623535,-4.684114933013916
-0.8114680051803589,-0.8114680051803589,-1.0814287662506104,-1.1695828437805176,-0.44210654497146606,-1.3033854961395264,-1.7669332027435303,-0.6806796193122864,-0.0469626784324646,-0.35504966974258423,-0.19786518812179565,0.07164961099624634,-0.8995505571365356,-2.7546944618225098,-1.0852009057998657,-1.1794726848602295,-2.4802088737487793,-3.3519480228424072,-3.6099863052368164,-3.7210488319396973,-3.7949366569519043,-3.845942735671997,-3.8995585441589355,-3.940397024154663,-3.982921838760376,-4.031725883483887,-4.098686218261719,-4.166742324829102,-4.229608535766602,-4.307888984680176,-4.379672050476074,-4.45475435256958,-4.522748947143555,-4.585716724395752,-4.6342010498046875,-4.681012153625488,-4.710750579833984,-4.735407829284668,-4.7534871101379395,-4.766050338745117,-4.773943901062012,-4.77619743347168,-4.777434349060059
-1.1065551042556763,-1.2194411754608154,-0.9637988805770874,-0.6446514129638672,-0.29653167724609375,0.22326752543449402,-0.21422547101974487,-1.1020874977111816,-0.5834915637969971,-0.9334639310836792,-0.7399741411209106,-0.9681023955345154,-1.2352405786514282,-0.47446298599243164,-1.6285167932510376,-1.469296932220459,-2.686661720275879,-3.3263440132141113,-3.536212205886841,-3.657287120819092,-3.75309157371521,-3.7805564403533936,-3.8926494121551514,-3.9532928466796875,-4.010735511779785,-4.072970867156982,-4.152957916259766,-4.229457855224609,-4.310171127319336,-4.395535469055176,-4.47830867767334,-4.558680057525635,-4.633011341094971,-4.692357063293457,-4.746048927307129,-4.7920613288879395,-4.816933631896973,-4.840721607208252,-4.857475280761719,-4.861099720001221,-4.8656816482543945,-4.870793342590332,-4.86417293548584
-1.0148284435272217,-1.2031238079071045,-0.8565901517868042,-0.8760309219360352,-1.0222960710525513,-1.1713260412216187,-0.7240511775016785,-1.5717785358428955,-2.399251937866211,-1.7569217681884766,-0.18082743883132935,-1.5128105878829956,-0.5840089917182922,-1.2602025270462036,-0.8244243264198303,-2.1555604934692383,-3.1958465576171875,-3.333662986755371,-3.487541675567627,-3.6107091903686523,-3.6688520908355713,-3.8583528995513916,-3.8970909118652344,-3.964838981628418,-4.0396223068237305,-4.125354766845703,-4.2085723876953125,-4.302179336547852,-4.396161079406738,-4.490313529968262,-4.580873489379883,-4.662452697753906,-4.738653182983398,-4.799290657043457,-4.855487823486328,-4.8889899253845215,-4.917553901672363,-4.9436140060424805,-4.9509077072143555,-4.9540629386901855,-4.960261344909668,-4.956592559814453,-4.948848724365234
-0.6420580148696899,-0.9407418966293335,-0.9498436450958252,-1.6725025177001953,-2.1155056953430176,-1.5026434659957886,-0.8992284536361694,-0.2512228190898895,-1.2136132717132568,-1.2634698152542114,-0.5442803502082825,-1.243566632270813,-1.6895878314971924,-2.302534580230713,-0.38477253913879395,-2.2504849433898926,-2.9765419960021973,-3.2669806480407715,-3.4354734420776367,-3.5681211948394775,-3.698127508163452,-3.8266279697418213,-3.9089066982269287,-3.988691806793213,-4.0773024559021,-4.173720359802246,-4.2677788734436035,-4.378110408782959,-4.483606338500977,-4.589572429656982,-4.685374736785889,-4.769614219665527,-4.8466596603393555,-4.907927989959717,-4.960867881774902,-4.991401672363281,-5.019401550292969,-5.038331985473633,-5.045053482055664,-5.0455827713012695,-5.045032024383545,-5.036548614501953,-5.025819778442383
0.12387937307357788,-0.39191776514053345,-0.7587421536445618,-1.2425341606140137,-0.5307462811470032,-1.8869750499725342,-0.48798543214797974,0.2775905728340149,1.1993355751037598,-0.7479424476623535,-0.3272387385368347,-0.909824013710022,-2.9800102710723877,-2.214134931564331,-1.5511173009872437,-1.5763767957687378,-2.840522289276123,-3.222287654876709,-3.4113802909851074,-3.5478591918945312,-3.692265510559082,-3.815262794494629,-3.9154722690582275,-4.017136096954346,-4.1229963302612305,-4.223583698272705,-4.3364386558532715,-4.458220481872559,-4.579205513000488,-4.687586784362793,-4.7867608070373535,-4.8763580322265625,-4.9515767097473145,-5.0094075202941895,-5.055939674377441,-5.098154067993164,-5.121457099914551,-5.137205123901367,-5.137241363525391,-5.135705471038818,-5.126172065734863,-5.115857124328613,-5.096164226531982
0.362435519695282,-0.07343029975891113,0.0369780957698822,0.12683819234371185,-0.07794567942619324,-1.633876919746399,-2.0834102630615234,-0.7045914530754089,-0.42418867349624634,-1.1839755773544312,-0.46500641107559204,-0.25171706080436707,0.013101696968078613,-1.5012390613555908,-3.7447609901428223,-3.168124198913574,-3.1581051349639893,-3.3531222343444824,-3.4301419258117676,-3.5446505546569824,-3.6836180686950684,-3.8094472885131836,-3.9277102947235107,-4.048050880432129,-4.16561222076416,-4.287967681884766,-4.411045074462891,-4.540850639343262,-4.6663818359375,-4.781635284423828,-4.888825416564941,-4.978682518005371,-5.053780555725098,-5.113178730010986,-5.157842636108398,-5.1976094245910645,-5.224364280700684,-5.237981796264648,-5.2386250495910645,-5.230582237243652,-5.207329273223877,-5.186488628387451,-5.1610331535339355
0.1865473985671997,0.044364094734191895,0.1374586820602417,0.07246971130371094,0.08047086000442505,-1.2487092018127441,-1.8536770343780518,-2.0654213428497314,-1.4927669763565063,0.4027166962623596,-0.4725551903247833,-0.8096003532409668,-0.879666805267334,-2.7188127040863037,-4.927394390106201,-4.26024055480957,-4.003236770629883,-3.1000003814697266,-3.455854654312134,-3.5150551795959473,-3.6676478385925293,-3.808831214904785,-3.9485630989074707,-4.0829010009765625,-4.2137451171875,-4.352122783660889,-4.4960618019104,-4.630332946777344,-4.760446548461914,-4.879026412963867,-4.981688022613525,-5.075278282165527,-5.1561994552612305,-5.216358184814453,-5.264718055725098,-5.300811767578125,-5.329983711242676,-5.349381923675537,-5.343509197235107,-5.322978973388672,-5.299675941467285,-5.262872695922852,-5.2268524169921875
0.07259485125541687,-0.25823888182640076,-0.25402215123176575,-0.3507460951805115,-0.4129961431026459,1.0373743772506714,-0.9798718690872192,-1.9793643951416016,-0.5656876564025879,-1.1002267599105835,-0.8461984395980835,-1.2814878225326538,-1.6736358404159546,-3.5918221473693848,-4.709784507751465,-4.492502212524414,-4.013919830322266,-2.7927820682525635,-2.5918588638305664,-3.329913377761841,-3.6031875610351562,-3.816488742828369,-3.977858066558838,-4.131084442138672,-4.271250247955322,-4.424741744995117,-4.575409889221191,-4.723515033721924,-4.850172519683838,-4.971975803375244,-5.0758514404296875,-5.174787998199463,-5.255095481872559,-5.32026481628418,-5.367315292358398,-5.406041145324707,-5.4404449462890625,-5.454870223999023,-5.441061973571777,-5.421267509460449,-5.395364761352539,-5.346888065338135,-5.303537368774414
-0.6969569325447083,-0.621046781539917,-0.4492494761943817,-0.5226342678070068,-0.29717862606048584,0.4065302610397339,0.7772611379623413,-1.2385348081588745,-1.9172601699829102,-1.8890347480773926,-1.7595202922821045,-1.3915528059005737,-2.2689273357391357,-3.517780303955078,-3.1836812496185303,-4.400466442108154,-3.7585806846618652,-2.2882840633392334,-3.173835515975952,-3.431140422821045,-3.669548749923706,-3.8559741973876953,-4.025038242340088,-4.182825565338135,-4.345834732055664,-4.502143859863281,-4.664984703063965,-4.811842918395996,-4.944246768951416,-5.0667009353637695,-5.173701286315918,-5.275266170501709,-5.357258319854736,-5.424753189086914,-5.474761009216309,-5.517695426940918,-5.548933982849121,-5.559041976928711,-5.545018196105957,-5.524158477783203,-5.493227005004883,-5.439020156860352,-5.388006687164307
-0.853397011756897,-1.0324962139129639,-0.7785624861717224,-1.2332074642181396,-0.24755734205245972,-0.4089358448982239,-0.5984109044075012,-0.9709143042564392,-1.9979231357574463,-2.874844551086426,-2.711850643157959,-2.8129706382751465,-3.1392221450805664,-2.7201640605926514,-3.155524730682373,-4.149847030639648,-3.1890668869018555,-2.0571727752685547,-3.967468023300171,-3.871476173400879,-3.8483238220214844,-3.948787212371826,-4.101973056793213,-4.2555317878723145,-4.426027297973633,-4.592580795288086,-4.752954959869385,-4.89929723739624,-5.034801483154297,-5.161734580993652,-5.274408340454102,-5.376620292663574,-5.460371971130371,-5.532209873199463,-5.585777282714844,-5.63079833984375,-5.658531188964844,-5.666084289550781,-5.65521764755249,-5.637511253356934,-5.591569423675537,-5.540050506591797,-5.474916458129883
-1.1955418586730957,-2.015998601913452,-1.4642221927642822,-1.8784197568893433,-0.24153220653533936,-0.6789867281913757,-0.7548447251319885,-2.1958343982696533,-4.360466957092285,-3.8978660106658936,-3.774670362472534,-3.84657883644104,-3.539536476135254,-2.935183048248291,-3.939037322998047,-3.753626823425293,-2.7866768836975098,-2.694652557373047,-3.9320390224456787,-4.040395736694336,-4.019771575927734,-4.080084800720215,-4.20369815826416,-4.352950096130371,-4.517531871795654,-4.681558609008789,-4.842156410217285,-4.98685884475708,-5.127963066101074,-5.259049415588379,-5.376288414001465,-5.475094795227051,-5.566269874572754,-5.638273239135742,-5.695356369018555,-5.741204261779785,-5.768678188323975,-5.782384395599365,-5.77264404296875,-5.742685317993164,-5.695571422576904,-5.639389991760254,-5.5772294998168945
-1.2442641258239746,-2.3419742584228516,-2.4073264598846436,-2.661569595336914,-1.2744389772415161,-1.0674431324005127,-1.3467810153961182,-2.69655179977417,-4.719147682189941,-4.657960891723633,-4.553092002868652,-4.190737247467041,-4.029158592224121,-3.766085624694824,-4.083467960357666,-3.211078643798828,-3.211503028869629,-4.129519462585449,-4.318686008453369,-4.22615909576416,-4.189858436584473,-4.229485988616943,-4.325100421905518,-4.459460735321045,-4.616674423217773,-4.777844429016113,-4.930380821228027,-5.0803937911987305,-5.219086647033691,-5.356310844421387,-5.473603248596191,-5.572009086608887,-5.669190883636475,-5.742251396179199,-5.799981117248535,-5.8494977951049805,-5.883700370788574,-5.898929119110107,-5.89022159576416,-5.856740951538086,-5.807188034057617,-5.7458696365356445,-5.671360492706299
-0.9195603728294373,-1.8102452754974365,-1.892127513885498,-3.292867660522461,-0.6922287940979004,-1.862648606300354,-2.1095476150512695,-3.170959949493408,-3.637795925140381,-5.326140403747559,-4.34995174407959,-4.353536128997803,-4.295555114746094,-4.360297203063965,-3.635582208633423,-4.429717063903809,-3.582656145095825,-4.43272590637207,-4.449493408203125,-4.37989616394043,-4.349429607391357,-4.374750137329102,-4.459456443786621,-4.5793609619140625,-4.726414680480957,-4.8749680519104,-5.018739700317383,-5.175177574157715,-5.315389633178711,-5.447847843170166,-5.563536643981934,-5.666491508483887,-5.769779205322266,-5.85003137588501,-5.911047458648682,-5.966870307922363,-6.003076553344727,-6.019153594970703,-6.005292892456055,-5.97750186920166,-5.927517890930176,-5.855386734008789,-5.766908645629883
-0.604567289352417,-0.9480302333831787,-1.569790244102478,-1.9599082469940186,-2.835338592529297,-2.886806011199951,-2.4847185611724854,-3.190633535385132,-3.3971433639526367,-4.098031997680664,-2.693521022796631,-4.280128002166748,-4.481646537780762,-4.359184265136719,-4.094023704528809,-4.424161911010742,-4.614256858825684,-4.644462585449219,-4.569095611572266,-4.509672164916992,-4.492177486419678,-4.516300201416016,-4.590613842010498,-4.705424785614014,-4.837582588195801,-4.974459648132324,-5.112746238708496,-5.264660835266113,-5.409258842468262,-5.537501335144043,-5.652044773101807,-5.761589527130127,-5.867947578430176,-5.946569442749023,-6.023076057434082,-6.0815911293029785,-6.11589241027832,-6.1314873695373535,-6.120704650878906,-6.079387187957764,-6.025909423828125,-5.959629058837891,-5.857977867126465
