wind_JJA_day_3x3.json
{"header": {"parameterCategory": 2, "parameterUnit": "m/s", "nx": 74, "ny": 94, "lo1": 118.693, "la1": 26.2568353691, "lo2": 123.2203272787, "la2": 21.0494, "dx": 0.0620181819, "dy": 0.0559939287, "refTime": "2025-01-01 00:00:00", "forecastTime": 0, "parameterNumber": 2}, "data":
[rows 38 to 56 of 94, columns 0 to 42 of 74]
0.5982245802879333,0.6515592932701111,0.6980953216552734,0.7714358568191528,0.8434522151947021,0.9071533679962158,0.9567234516143799,0.9999092817306519,1.0500421524047852,1.0686144828796387,1.0976994037628174,1.1383910179138184,1.1852182149887085,1.2358300685882568,1.3283826112747192,1.4146325588226318,1.5091211795806885,1.6105836629867554,1.6934709548950195,1.8004428148269653,1.9417393207550049,2.085867404937744,2.2383077144622803,2.4505157470703125,2.6803383827209473,2.951509714126587,3.3103384971618652,3.7494068145751953,3.861203908920288,2.780860662460327,2.560173749923706,2.3281173706054688,2.2020392417907715,1.6002826690673828,1.4721617698669434,1.5729869604110718,1.783308744430542,1.592077612876892,0.9189890623092651,1.0951123237609863,-0.17137093842029572,1.7060928344726562,-0.9851745963096619
0.6393857598304749,0.688210129737854,0.7283967733383179,0.808393657207489,0.875469446182251,0.9215494990348816,0.9691644906997681,1.0195930004119873,1.0540014505386353,1.070674180984497,1.0985430479049683,1.1480767726898193,1.1895771026611328,1.2663127183914185,1.350648283958435,1.4653797149658203,1.5647279024124146,1.6586799621582031,1.7394217252731323,1.8307621479034424,1.9674206972122192,2.129516839981079,2.303041696548462,2.510035514831543,2.7662558555603027,3.082951068878174,3.4797754287719727,3.905517578125,4.207491397857666,2.8431918621063232,2.5629677772521973,2.7655532360076904,2.1995248794555664,1.7300221920013428,1.4088091850280762,1.6729350090026855,1.6158181428909302,1.5719510316848755,1.6117485761642456,1.714234471321106,1.5307865142822266,1.0339722633361816,0.8775625824928284
0.6806554198265076,0.7283642888069153,0.7644950151443481,0.8345985412597656,0.8988025188446045,0.9539059400558472,0.9777836799621582,1.0235499143600464,1.052478551864624,1.0779013633728027,1.1026469469070435,1.1598849296569824,1.1988129615783691,1.2787836790084839,1.3822011947631836,1.5094304084777832,1.6249725818634033,1.6938689947128296,1.7518876791000366,1.850677490234375,1.9868183135986328,2.1544113159179688,2.3457348346710205,2.5691776275634766,2.8648529052734375,3.2109384536743164,3.668365001678467,4.009082794189453,3.0154924392700195,2.950150728225708,2.4748337268829346,2.3128273487091064,2.899013042449951,1.7973614931106567,1.56654691696167,1.78908109664917,1.6857569217681885,1.1735631227493286,1.4874966144561768,0.9716824293136597,1.152692437171936,1.284271478652954,-0.001125573180615902
0.7154542803764343,0.7558324933052063,0.7856713533401489,0.866461455821991,0.9185061454772949,0.9593451023101807,0.993864893913269,1.0188977718353271,1.0540895462036133,1.0772913694381714,1.1089071035385132,1.1654763221740723,1.2127498388290405,1.3069062232971191,1.4083172082901,1.561083197593689,1.676982045173645,1.7356985807418823,1.7698341608047485,1.8508445024490356,1.9959046840667725,2.171088218688965,2.385493278503418,2.64180588722229,2.970153570175171,3.3684537410736084,3.916524648666382,3.8158419132232666,3.6563704013824463,3.033083915710449,2.8134946823120117,2.425368070602417,2.4337878227233887,2.044222831726074,1.4279634952545166,1.4451229572296143,1.666748046875,1.5455243587493896,2.1243879795074463,1.6758615970611572,1.7185219526290894,0.4613337516784668,-0.3474680781364441
0.7413855195045471,0.7713813781738281,0.7994126677513123,0.8872014880180359,0.9223818182945251,0.9599772095680237,0.9862673878669739,1.0180785655975342,1.0491808652877808,1.0756832361221313,1.1030185222625732,1.150835633277893,1.2315819263458252,1.3235926628112793,1.4453035593032837,1.5921037197113037,1.7327959537506104,1.7526848316192627,1.7620759010314941,1.8416295051574707,1.9887629747390747,2.185490131378174,2.423755407333374,2.7144947052001953,3.0901618003845215,3.583435535430908,4.056329727172852,3.367694854736328,3.179971694946289,3.0704307556152344,2.7055015563964844,2.304375171661377,1.5739765167236328,1.400338888168335,1.4576987028121948,1.64389169216156,0.8445309996604919,0.6888867020606995,1.692020058631897,1.6222138404846191,1.204885721206665,0.6684736609458923,0.1512991040945053
0.7671344876289368,0.7875508069992065,0.8099705576896667,0.8936810493469238,0.9160342216491699,0.9433664083480835,0.970210611820221,1.0057719945907593,1.0217041969299316,1.0544064044952393,1.090074896812439,1.1349776983261108,1.2218372821807861,1.336719274520874,1.482581615447998,1.6721348762512207,1.8010467290878296,1.7545477151870728,1.7287040948867798,1.8211259841918945,1.986452341079712,2.20892071723938,2.469973564147949,2.7836389541625977,3.190962791442871,3.8271453380584717,3.311131000518799,3.2202320098876953,3.053280830383301,2.911864995956421,2.3827359676361084,2.0949783325195312,2.3434085845947266,1.5738402605056763,1.1008203029632568,1.557970404624939,1.1593481302261353,1.131162405014038,0.5636274814605713,0.8323884010314941,-0.027520712465047836,-0.38793882727622986,-0.9451103210449219
0.7940718531608582,0.804326057434082,0.8158975839614868,0.8815346956253052,0.9053947329521179,0.9349814653396606,0.9462296962738037,0.9649623036384583,1.00360906124115,1.0275864601135254,1.0779279470443726,1.1278197765350342,1.2168959379196167,1.360182762145996,1.5209459066390991,1.7700752019882202,1.8408839702606201,1.7119736671447754,1.682905673980713,1.8154947757720947,1.984485149383545,2.2336902618408203,2.514434337615967,2.8471760749816895,3.181920051574707,2.8899974822998047,3.084782600402832,2.983482837677002,2.6540842056274414,2.7832443714141846,2.495914936065674,2.259873867034912,2.117314100265503,2.2383599281311035,1.4017610549926758,1.5353329181671143,0.6615495085716248,1.1988885402679443,1.068503499031067,1.5654324293136597,0.43375086784362793,-0.5244616270065308,0.1755334734916687
0.7983114719390869,0.811265230178833,0.8179119825363159,0.8876115679740906,0.9019774794578552,0.9183918833732605,0.9316143989562988,0.9408965706825256,0.9619297385215759,1.002947211265564,1.0488600730895996,1.1100859642028809,1.2170226573944092,1.37545907497406,1.5658612251281738,1.912665843963623,1.812820553779602,1.6326265335083008,1.6694133281707764,1.7927286624908447,2.0156774520874023,2.2578394412994385,2.545747756958008,2.917387008666992,3.534325122833252,3.281083583831787,3.086355209350586,2.9444947242736816,2.8256354331970215,2.6670141220092773,2.3957717418670654,2.256484031677246,1.7201242446899414,1.656381607055664,1.2213525772094727,0.37486815452575684,1.471272587776184,1.5284761190414429,0.16997238993644714,1.295981526374817,0.6689815521240234,-0.3040279746055603,-1.2443656921386719
0.7978331446647644,0.8037611246109009,0.8100408315658569,0.8795106410980225,0.8973815441131592,0.8995226621627808,0.9256980419158936,0.9271401166915894,0.9173287153244019,0.9703891277313232,1.0221240520477295,1.0888772010803223,1.204555630683899,1.4056979417800903,1.6755813360214233,1.9045486450195312,1.7231543064117432,1.521346926689148,1.615017294883728,1.8147486448287964,2.0472841262817383,2.2936630249023438,2.5906567573547363,2.9678380489349365,3.6095635890960693,3.120391845703125,2.9244565963745117,2.8977622985839844,2.2820281982421875,2.4787707328796387,1.6886045932769775,1.474343180656433,1.4261763095855713,1.3153868913650513,1.3026069402694702,0.46926671266555786,1.1506799459457397,-1.3959869146347046,0.6449093222618103,0.21004530787467957,0.9402083158493042,0.652578592300415,-1.3638951778411865
0.7915647625923157,0.7873836755752563,0.7928451299667358,0.8715917468070984,0.8701721429824829,0.8955786228179932,0.905097246170044,0.8992488384246826,0.908757209777832,0.9460955262184143,0.9963130950927734,1.0592845678329468,1.1741384267807007,1.5207481384277344,1.8133152723312378,2.1089699268341064,1.4876775741577148,1.3843989372253418,1.627912998199463,1.8565258979797363,2.0845890045166016,2.3096532821655273,2.6261560916900635,3.0020670890808105,2.978947401046753,3.0332629680633545,2.9437530040740967,2.8469552993774414,2.623270034790039,2.3690779209136963,1.899780035018921,1.5565804243087769,1.2032488584518433,0.9580042362213135,1.110830545425415,-0.18309369683265686,1.2019659280776978,-0.9875426888465881,1.0878453254699707,-0.22905142605304718,-0.9480275511741638,0.004194027744233608,-0.5629171133041382
0.7800781726837158,0.7699170112609863,0.7718791961669922,0.8601049184799194,0.867986798286438,0.8795875310897827,0.8920587301254272,0.8908958435058594,0.8833542466163635,0.9239546060562134,0.9885929226875305,1.0429365634918213,1.1366610527038574,1.3832967281341553,1.955120325088501,1.3113365173339844,0.9226404428482056,1.4889205694198608,1.7084656953811646,1.9086990356445312,2.1194841861724854,2.3382606506347656,2.660066604614258,3.112617015838623,2.993241548538208,3.104753017425537,2.8989205360412598,2.739001512527466,2.5228281021118164,1.9068098068237305,1.496274471282959,1.830871820449829,1.0815608501434326,0.9669589996337891,1.5439181327819824,-1.2887394428253174,1.5221493244171143,-1.4791245460510254,1.4751713275909424,0.538264274597168,-0.7095412015914917,-0.16876263916492462,-1.3852566480636597
0.7689085006713867,0.755207896232605,0.7518265843391418,0.8505499362945557,0.8523188233375549,0.8724764585494995,0.8822479844093323,0.8848425149917603,0.8862990736961365,0.9176416397094727,0.975711464881897,1.0460338592529297,1.1929292678833008,1.3549951314926147,1.8294481039047241,1.0579133033752441,1.3890575170516968,1.5874868631362915,1.7449027299880981,1.9359809160232544,2.1243155002593994,2.3591182231903076,2.7073965072631836,3.231088638305664,3.476228713989258,3.123852252960205,2.8701131343841553,2.6742312908172607,2.1346020698547363,1.5332697629928589,1.0751211643218994,1.3721953630447388,1.461207389831543,0.04482061788439751,1.1734979152679443,-0.33999842405319214,-0.3514622151851654,1.5118194818496704,1.3323698043823242,0.13873383402824402,-1.4460841417312622,-0.6169370412826538,-1.5845900774002075
0.7626674175262451,0.7425435185432434,0.7401759624481201,0.8264071345329285,0.8451030850410461,0.8589423298835754,0.8597298860549927,0.8774874210357666,0.8867495059967041,0.9229485988616943,0.9978355765342712,1.0902869701385498,1.232174277305603,1.4539793729782104,1.6387367248535156,1.447901725769043,1.4778509140014648,1.6591100692749023,1.7857540845870972,1.9476436376571655,2.1216471195220947,2.3680968284606934,2.7394778728485107,3.3133115768432617,3.504695415496826,3.261375665664673,2.8133890628814697,2.491879463195801,1.8131307363510132,1.0905258655548096,1.0656154155731201,1.3533002138137817,1.2903389930725098,0.5326143503189087,1.5628633499145508,0.11769278347492218,0.054991234093904495,-1.1805479526519775,0.7992337942123413,-1.0339162349700928,1.2144337892532349,-2.0240821838378906,0.03922197222709656
0.751587986946106,0.7253862023353577,0.7182535529136658,0.8110396862030029,0.8152559995651245,0.8426278829574585,0.8513810634613037,0.867653489112854,0.8934043049812317,0.9377238154411316,1.0274169445037842,1.1289244890213013,1.2762975692749023,1.5312834978103638,1.4115724563598633,1.456423044204712,1.5509393215179443,1.6899114847183228,1.8070542812347412,1.9428726434707642,2.116227149963379,2.367537260055542,2.7487683296203613,3.3464114665985107,3.6526830196380615,3.25323224067688,2.7253401279449463,2.444023370742798,1.5809223651885986,1.4179043769836426,1.1953892707824707,0.9431687593460083,1.017920732498169,1.512317419052124,0.9862445592880249,0.38522106409072876,1.4148768186569214,-0.4552758038043976,-0.6511836647987366,-1.0097076892852783,-0.19308753311634064,-1.2681231498718262,-1.5739117860794067
0.7385777235031128,0.7078160047531128,0.6976668834686279,0.790163516998291,0.8072761297225952,0.8194537162780762,0.8408348560333252,0.8569332361221313,0.8977201581001282,0.9699077606201172,1.0464439392089844,1.1565823554992676,1.3096457719802856,1.2901549339294434,1.372120976448059,1.5070480108261108,1.5803735256195068,1.695895791053772,1.8005309104919434,1.9250446557998657,2.082584857940674,2.3438994884490967,2.7320661544799805,3.3543872833251953,3.5159668922424316,3.03647780418396,2.6262152194976807,2.2736833095550537,1.8747785091400146,1.2078404426574707,0.9007331728935242,0.9227511882781982,0.9420183300971985,1.721316933631897,0.6330397725105286,1.5427453517913818,-0.10175114870071411,1.2375379800796509,-0.9381924867630005,-1.29723060131073,-1.8353271484375,0.07437051087617874,-1.1861467361450195
0.7208779454231262,0.6908264756202698,0.6850870251655579,0.7774766087532043,0.808311939239502,0.8230693936347961,0.8239985704421997,0.8588562607765198,0.9137040972709656,0.9789494276046753,1.0808255672454834,1.1813437938690186,1.3625245094299316,1.3333418369293213,1.3842495679855347,1.5077985525131226,1.600411295890808,1.6983572244644165,1.8069990873336792,1.900850534439087,2.0471184253692627,2.307730197906494,2.6975338459014893,3.2865447998046875,3.0209004878997803,2.8898825645446777,2.184568166732788,1.8565460443496704,1.3568718433380127,1.127907156944275,0.32637158036231995,1.7537610530853271,1.1122887134552002,0.524117112159729,0.46584075689315796,0.888536810874939,0.7841711044311523,1.1095291376113892,0.4432353079319,0.1702006608247757,-1.8592803478240967,-2.1132333278656006,-1.845144510269165
0.7015313506126404,0.6727079153060913,0.671830415725708,0.7682558298110962,0.797881007194519,0.8163610696792603,0.8345469236373901,0.8708956241607666,0.9238995313644409,1.0051476955413818,1.0861897468566895,1.1892683506011963,1.276757001876831,1.2737789154052734,1.386198878288269,1.50600266456604,1.6209602355957031,1.694498062133789,1.7744935750961304,1.8743321895599365,2.0189285278320312,2.2630858421325684,2.6674582958221436,3.4967873096466064,3.5969293117523193,2.817417621612549,2.168363571166992,1.857391595840454,1.1309850215911865,1.280950903892517,0.7223699688911438,1.3364205360412598,1.2313240766525269,1.6473968029022217,-0.9419292211532593,1.520161747932434,0.37589555978775024,0.09393603354692459,0.26077279448509216,-1.5831058025360107,-1.345616340637207,-0.958483099937439,-1.4999639987945557
0.6796430945396423,0.649381160736084,0.6573782563209534,0.7628309726715088,0.7881378531455994,0.8252882361412048,0.8622597455978394,0.8824707269668579,0.9380323886871338,1.0017471313476562,1.0886621475219727,1.1778597831726074,0.9636601805686951,1.3302234411239624,1.4192173480987549,1.5202322006225586,1.6117644309997559,1.6904187202453613,1.7734256982803345,1.8342915773391724,1.9792084693908691,2.215256452560425,2.5966567993164062,2.714667320251465,2.9307327270507812,2.6892831325531006,2.3381240367889404,1.6079360246658325,1.2407935857772827,1.0304863452911377,1.4833016395568848,0.8896914720535278,1.3723877668380737,1.7119814157485962,0.2631846070289612,0.9176549911499023,0.509390652179718,-1.1879907846450806,0.15320776402950287,-1.2364728450775146,-1.3735277652740479,-1.0729409456253052,0.08436857163906097
0.6613718867301941,0.6309745907783508,0.648315966129303,0.7643059492111206,0.7871189713478088,0.8343249559402466,0.8851139545440674,0.8987641334533691,0.9546949863433838,1.021742820739746,1.103485107421875,1.2007663249969482,1.2672399282455444,1.3344473838806152,1.4232765436172485,1.5256813764572144,1.6044576168060303,1.690369963645935,1.7355371713638306,1.8059728145599365,1.921043872833252,2.147667646408081,2.5236949920654297,2.683680295944214,2.8665220737457275,2.739729404449463,2.244131565093994,1.4670754671096802,1.3034323453903198,1.1969910860061646,1.3753713369369507,1.1640844345092773,1.8874624967575073,0.7690433263778687,1.3703198432922363,1.3756667375564575,-0.07125551998615265,-0.9887228608131409,-1.7700555324554443,-1.7364871501922607,-1.5783851146697998,-0.27707991003990173,-0.26325318217277527
