wind_DJF_day_4x4.json
{"header": {"parameterCategory": 2, "parameterUnit": "m/s", "nx": 55, "ny": 70, "lo1": 118.693, "la1": 26.200841440399998, "lo2": 123.1583090968, "la2": 21.0494, "dx": 0.0826909092, "dy": 0.0746585716, "refTime": "2025-01-01 00:00:00", "forecastTime": 0, "parameterNumber": 3}, "data":
[rows 19 to 37 of 70, columns 0 to 42 of 55]
-4.851507186889648,-6.855069160461426,-7.0128302574157715,-7.753108501434326,-8.431281089782715,-8.905182838439941,-9.165218353271484,-9.419147491455078,-9.731500625610352,-10.047300338745117,-10.307670593261719,-10.515090942382812,-10.636085510253906,-10.67776870727539,-10.67605972290039,-10.66135025024414,-10.627254486083984,-10.579891204833984,-10.50735855102539,-10.426565170288086,-10.350111961364746,-10.24166488647461,-10.122955322265625,-9.997123718261719,-9.894109725952148,-9.763250350952148,-9.445804595947266,-4.339097499847412,-2.746387004852295,-2.1115739345550537,-2.0537304878234863,-2.0903663635253906,-1.4599703550338745,-0.04552828520536423,0.037717461585998535,-0.22671525180339813,-0.4930576682090759,-0.8385583162307739,-2.488095283508301,-3.9885475635528564,-4.552364349365234,-4.498463153839111,-4.434256553649902
-5.898739337921143,-7.7581634521484375,-7.716157913208008,-8.296722412109375,-8.818763732910156,-9.131742477416992,-9.375104904174805,-9.651636123657227,-9.953340530395508,-10.232714653015137,-10.453852653503418,-10.62093734741211,-10.7142333984375,-10.756126403808594,-10.764379501342773,-10.754756927490234,-10.741039276123047,-10.711585998535156,-10.651853561401367,-10.606704711914062,-10.550625801086426,-10.484310150146484,-10.396817207336426,-10.314784049987793,-10.217941284179688,-10.082514762878418,-9.53872013092041,-3.379809856414795,-2.214599132537842,-1.070286750793457,-1.5598483085632324,-1.7530319690704346,-0.5913152694702148,-0.6493614912033081,-0.22435210645198822,0.12884007394313812,-0.19050295650959015,-0.4922894835472107,-1.3277404308319092,-3.5821022987365723,-4.392764568328857,-4.543227195739746,-4.476619243621826
-7.468937397003174,-8.342830657958984,-8.191709518432617,-8.665384292602539,-9.067816734313965,-9.339622497558594,-9.595038414001465,-9.875434875488281,-10.148210525512695,-10.382450103759766,-10.57938003540039,-10.707147598266602,-10.77956771850586,-10.818544387817383,-10.843473434448242,-10.846819877624512,-10.850591659545898,-10.83440113067627,-10.808706283569336,-10.780357360839844,-10.744913101196289,-10.69890022277832,-10.652153015136719,-10.591693878173828,-10.445208549499512,-9.882929801940918,-4.783351898193359,-2.2122297286987305,-2.0033206939697266,-1.3397283554077148,-1.4302973747253418,-0.8478304147720337,-1.4999898672103882,0.2792213559150696,0.23577870428562164,-0.3826010823249817,-0.657606840133667,-0.2084530144929886,-0.7105100154876709,-3.2321250438690186,-4.397857666015625,-4.602667331695557,-4.563479900360107
-8.397075653076172,-8.721702575683594,-8.57003402709961,-8.944272994995117,-9.273310661315918,-9.542890548706055,-9.803629875183105,-10.066678047180176,-10.307698249816895,-10.511017799377441,-10.665678977966309,-10.766148567199707,-10.839532852172852,-10.8812837600708,-10.915947914123535,-10.945834159851074,-10.957287788391113,-10.961071014404297,-10.954477310180664,-10.9359130859375,-10.910487174987793,-10.889007568359375,-10.858394622802734,-10.75368595123291,-10.411369323730469,-4.397070407867432,-3.0130889415740967,-1.8375325202941895,-1.7206660509109497,-1.221078634262085,-1.0362026691436768,-1.6976860761642456,-0.048735298216342926,0.38700664043426514,-0.6187832951545715,-1.0644192695617676,-0.6800843477249146,-0.7686296701431274,-0.576795220375061,-3.612720489501953,-4.72553825378418,-4.770360469818115,-4.65950345993042
-8.832782745361328,-8.931586265563965,-8.86874771118164,-9.166028022766113,-9.454325675964355,-9.7230806350708,-9.982916831970215,-10.213700294494629,-10.425079345703125,-10.600473403930664,-10.732736587524414,-10.825270652770996,-10.886890411376953,-10.94587230682373,-10.98625373840332,-11.025310516357422,-11.05330753326416,-11.066561698913574,-11.077865600585938,-11.081740379333496,-11.0611572265625,-11.027365684509277,-10.95495891571045,-10.710052490234375,-8.655075073242188,-3.4927830696105957,-2.877671957015991,-2.4715702533721924,0.8913106322288513,-0.4042242169380188,-1.0368021726608276,-1.5371214151382446,-1.2510969638824463,-1.2904865741729736,-1.2688418626785278,0.5141872763633728,-0.5254455804824829,-1.0608772039413452,-1.4442780017852783,-4.771754264831543,-5.214075565338135,-5.040472507476807,-4.815337181091309
-8.97990894317627,-9.08985424041748,-9.110154151916504,-9.360421180725098,-9.62446403503418,-9.88443660736084,-10.119721412658691,-10.330821990966797,-10.509425163269043,-10.661748886108398,-10.778664588928223,-10.864726066589355,-10.928665161132812,-10.994793891906738,-11.052038192749023,-11.100810050964355,-11.142215728759766,-11.171064376831055,-11.192581176757812,-11.184917449951172,-11.157732009887695,-11.109865188598633,-10.962135314941406,-10.69707202911377,-4.131777763366699,-2.5478854179382324,-2.581467866897583,-1.4990938901901245,-0.04628702253103256,0.009057790040969849,0.42580729722976685,-1.7581963539123535,0.08282835781574249,-1.4108421802520752,0.10181231796741486,0.7075865268707275,-0.779654860496521,-0.13665030896663666,-2.7810120582580566,-5.316524505615234,-5.510782718658447,-5.258481025695801,-4.966976165771484
-9.080820083618164,-9.240928649902344,-9.310632705688477,-9.532134056091309,-9.774408340454102,-10.012027740478516,-10.220909118652344,-10.401178359985352,-10.564756393432617,-10.697821617126465,-10.804792404174805,-10.882238388061523,-10.962339401245117,-11.039709091186523,-11.111249923706055,-11.169233322143555,-11.220425605773926,-11.246186256408691,-11.258389472961426,-11.242982864379883,-11.208159446716309,-11.112754821777344,-10.858477592468262,-7.179065227508545,-5.168333053588867,-2.3576958179473877,-2.041191339492798,-0.8900927901268005,-0.38201767206192017,-1.4562549591064453,0.9908995628356934,1.4141627550125122,-0.6733272075653076,-0.5739880800247192,1.112532377243042,0.20872606337070465,0.2311313897371292,0.17649805545806885,-4.541167736053467,-5.671438694000244,-5.710683822631836,-5.385497093200684,-5.066349983215332
-9.180607795715332,-9.387367248535156,-9.470813751220703,-9.677716255187988,-9.904094696044922,-10.108987808227539,-10.293070793151855,-10.458888053894043,-10.602422714233398,-10.720527648925781,-10.816923141479492,-10.905874252319336,-10.993589401245117,-11.081931114196777,-11.15643310546875,-11.225898742675781,-11.26751708984375,-11.288506507873535,-11.284626960754395,-11.260882377624512,-11.188544273376465,-11.019030570983887,-9.70975399017334,-4.78177547454834,-4.217840671539307,-1.6198712587356567,-1.7620713710784912,-0.7260121703147888,-0.41756200790405273,1.094449520111084,0.6780838966369629,0.40792909264564514,-0.9889015555381775,0.5086755752563477,1.062917947769165,-0.9340395331382751,-0.2413664013147354,-2.0702836513519287,-5.420901298522949,-5.911667346954346,-5.817746162414551,-5.479703426361084,-5.175867557525635
-9.288844108581543,-9.518022537231445,-9.59898567199707,-9.791364669799805,-9.996084213256836,-10.176488876342773,-10.3448486328125,-10.495611190795898,-10.625542640686035,-10.733009338378906,-10.832456588745117,-10.931164741516113,-11.024406433105469,-11.112380981445312,-11.193633079528809,-11.254676818847656,-11.288496017456055,-11.295974731445312,-11.288962364196777,-11.233721733093262,-11.125534057617188,-10.94480037689209,-4.9862141609191895,-4.626791954040527,-2.7319889068603516,-1.4847917556762695,-1.3461345434188843,-0.08665186166763306,1.2880446910858154,-1.2488561868667603,1.4907792806625366,-0.3501916825771332,-0.06628631055355072,0.16358409821987152,1.399752140045166,1.505979299545288,-0.021759377792477608,-5.340741157531738,-5.782834053039551,-6.028807640075684,-5.870214462280273,-5.548125267028809,-5.237552642822266
-9.397703170776367,-9.623791694641113,-9.69459342956543,-9.871906280517578,-10.051338195800781,-10.219587326049805,-10.381694793701172,-10.517450332641602,-10.630083084106445,-10.736713409423828,-10.839971542358398,-10.946056365966797,-11.049169540405273,-11.133588790893555,-11.205095291137695,-11.257575988769531,-11.287981986999512,-11.28985595703125,-11.244483947753906,-11.160543441772461,-10.991727828979492,-7.774035453796387,-4.291176795959473,-2.7679362297058105,-2.109968423843384,-0.9215782284736633,-0.7556775808334351,-0.1665072739124298,0.7640039324760437,1.0232752561569214,0.9722265005111694,0.8823111653327942,-0.047960709780454636,-1.5335466861724854,1.1707628965377808,1.090192437171936,-3.1519899368286133,-5.14457368850708,-5.856089115142822,-6.0268449783325195,-5.882017135620117,-5.556781768798828,-5.26291561126709
-9.490983009338379,-9.695611953735352,-9.755122184753418,-9.919934272766113,-10.088988304138184,-10.245613098144531,-10.389211654663086,-10.514817237854004,-10.626385688781738,-10.735784530639648,-10.84134292602539,-10.948450088500977,-11.051799774169922,-11.135555267333984,-11.194579124450684,-11.237141609191895,-11.257147789001465,-11.236543655395508,-11.171974182128906,-11.059194564819336,-10.938273429870605,-5.818097114562988,-3.528305768966675,-2.4007256031036377,-1.780944585800171,-1.0009450912475586,-0.49064940214157104,0.1876087486743927,-0.321133553981781,0.28622597455978394,1.1693278551101685,0.6271924376487732,1.0466721057891846,1.203879475593567,0.42633485794067383,-0.5117525458335876,-3.97882342338562,-5.203941822052002,-5.814395904541016,-5.972977638244629,-5.828017234802246,-5.532979965209961,-5.2359819412231445
-9.560728073120117,-9.74059772491455,-9.79943561553955,-9.952768325805664,-10.110885620117188,-10.254204750061035,-10.384557723999023,-10.503241539001465,-10.615793228149414,-10.729063034057617,-10.842666625976562,-10.95028018951416,-11.043794631958008,-11.105921745300293,-11.161514282226562,-11.19526481628418,-11.198359489440918,-11.168246269226074,-11.077217102050781,-10.929581642150879,-10.227754592895508,-6.085832595825195,-4.3371710777282715,-1.7293897867202759,-2.0466718673706055,-1.3319909572601318,-0.5767790079116821,-0.40139999985694885,0.18634110689163208,-0.5524268746376038,0.11250802874565125,1.244381308555603,-1.1925305128097534,-0.2543867230415344,1.3227192163467407,-0.9656688570976257,-4.338077068328857,-5.303650856018066,-5.764953136444092,-5.882691383361816,-5.739283084869385,-5.493041038513184,-5.240787506103516
-9.604864120483398,-9.761678695678711,-9.824053764343262,-9.967229843139648,-10.111088752746582,-10.251030921936035,-10.367737770080566,-10.4849271774292,-10.590370178222656,-10.699155807495117,-10.817721366882324,-10.919589042663574,-11.008469581604004,-11.063721656799316,-11.112763404846191,-11.12649917602539,-11.102900505065918,-11.050407409667969,-10.946943283081055,-10.773070335388184,-5.964776515960693,-5.303692817687988,-3.877070665359497,-1.641823649406433,-1.7194716930389404,-0.7846913933753967,0.1586768925189972,-0.4297102987766266,-1.1513795852661133,0.05054173246026039,-1.5788979530334473,-1.2646580934524536,0.5612106323242188,1.241133451461792,-0.3673257827758789,-0.9520347118377686,-4.572946548461914,-5.396350383758545,-5.737410068511963,-5.777362823486328,-5.664393424987793,-5.457630157470703,-5.192581653594971
-9.623855590820312,-9.763694763183594,-9.827744483947754,-9.961456298828125,-10.097249984741211,-10.221902847290039,-10.338747024536133,-10.443796157836914,-10.554366111755371,-10.674826622009277,-10.781454086303711,-10.875005722045898,-10.943632125854492,-10.992514610290527,-11.020034790039062,-11.015897750854492,-10.983543395996094,-10.905363082885742,-10.671162605285645,-10.114919662475586,-5.704171180725098,-4.509310722351074,-3.3431313037872314,-1.9632890224456787,-1.3890762329101562,-0.2380618453025818,0.3020692765712738,0.06451129168272018,0.0928812101483345,-0.41476985812187195,1.3717089891433716,0.03263777494430542,0.10680856555700302,0.15125370025634766,-1.235185146331787,-1.2179569005966187,-4.967946529388428,-5.4873247146606445,-5.706724643707275,-5.7376909255981445,-5.604341506958008,-5.385783672332764,-5.161766052246094
-9.622993469238281,-9.750800132751465,-9.815506935119629,-9.944112777709961,-10.072816848754883,-10.188051223754883,-10.291289329528809,-10.406195640563965,-10.509916305541992,-10.616065979003906,-10.711371421813965,-10.795549392700195,-10.856678009033203,-10.899482727050781,-10.909618377685547,-10.891197204589844,-10.843076705932617,-10.729547500610352,-9.778763771057129,-7.295178413391113,-5.496951103210449,-4.360985279083252,-2.812608480453491,-2.2682044506073,-1.1181321144104004,-0.5538792610168457,-0.8117461204528809,-0.9203178286552429,-2.269001007080078,-0.7440499663352966,-1.2247240543365479,-0.5362882018089294,-0.47513914108276367,-0.41271352767944336,-0.8833439350128174,-2.76436710357666,-5.14591646194458,-5.539400100708008,-5.691225051879883,-5.685544967651367,-5.538322448730469,-5.355899810791016,-5.134493827819824
-9.610420227050781,-9.728134155273438,-9.800605773925781,-9.924612045288086,-10.043598175048828,-10.148210525512695,-10.259051322937012,-10.35769271850586,-10.457331657409668,-10.529976844787598,-10.58764934539795,-10.640006065368652,-10.75503158569336,-10.79067325592041,-10.800049781799316,-10.762479782104492,-10.684539794921875,-10.591066360473633,-8.413740158081055,-6.350724220275879,-4.958685874938965,-3.2736947536468506,-2.81252384185791,-1.4877886772155762,-0.8115655183792114,-1.1939833164215088,-1.2839324474334717,-1.2807832956314087,-1.228188157081604,-1.123184323310852,-0.7757039666175842,0.34257781505584717,0.049261048436164856,-0.5130218267440796,-0.5370280146598816,-4.364932537078857,-5.298983097076416,-5.597862243652344,-5.674324989318848,-5.625863552093506,-5.494340896606445,-5.320169925689697,-5.091146469116211
-9.590641021728516,-9.69931411743164,-9.77424144744873,-9.892165184020996,-10.003687858581543,-10.11207389831543,-10.212942123413086,-10.313973426818848,-10.398661613464355,-10.475140571594238,-10.568233489990234,-10.563007354736328,-10.590226173400879,-10.671134948730469,-10.662740707397461,-10.612907409667969,-10.532272338867188,-10.477351188659668,-6.593542098999023,-5.531613826751709,-4.671605587005615,-3.416295051574707,-2.238605499267578,-1.1013661623001099,-1.6052964925765991,0.07920995354652405,-1.112064242362976,-1.112825870513916,-0.961550235748291,-1.0847159624099731,-1.362309217453003,-0.05079510435461998,0.9889162182807922,-1.3074398040771484,-0.36221757531166077,-4.6643266677856445,-5.444803237915039,-5.652735710144043,-5.679021835327148,-5.581411361694336,-5.453497886657715,-5.264369487762451,-5.053688049316406
-9.56256103515625,-9.661628723144531,-9.738799095153809,-9.851521492004395,-9.958715438842773,-10.067212104797363,-10.165180206298828,-10.260649681091309,-10.360947608947754,-10.436932563781738,-10.480581283569336,-7.926578521728516,-10.803969383239746,-10.541675567626953,-10.523109436035156,-10.462910652160645,-10.378371238708496,-10.233147621154785,-6.070821762084961,-4.890077114105225,-3.657623291015625,-2.080660343170166,-1.8332557678222656,-0.5309432744979858,-0.8363299369812012,-0.808142364025116,-0.6119385361671448,-1.6407270431518555,-0.9720596671104431,-2.1164770126342773,0.06448718905448914,1.2841445207595825,0.38672205805778503,-0.8282638788223267,-1.26344895362854,-4.935435771942139,-5.611116409301758,-5.726813793182373,-5.681274890899658,-5.586457252502441,-5.441174030303955,-5.237035751342773,-5.028231143951416
-9.522845268249512,-9.61394214630127,-9.697158813476562,-9.803396224975586,-9.913505554199219,-10.008756637573242,-10.10556697845459,-10.20388412475586,-10.309444427490234,-10.305179595947266,-9.795839309692383,-10.040033340454102,-10.567178726196289,-10.430122375488281,-10.376838684082031,-10.303443908691406,-10.20964241027832,-9.806416511535645,-6.172483444213867,-4.217662811279297,-3.679276466369629,-1.9059414863586426,-2.002255439758301,-0.754971444606781,-0.1486574113368988,0.7223052382469177,0.6629163026809692,1.2685825824737549,-0.2914171814918518,0.9106242060661316,0.8092829585075378,0.1075572818517685,-1.001007080078125,-0.7191205024719238,-0.9838021397590637,-5.419962406158447,-5.778658866882324,-5.821194648742676,-5.7375946044921875,-5.575252532958984,-5.396232604980469,-5.213252067565918,-5.028817653656006
